 1018.80   15.50   10.14    5.36
 1017.30   12.40   10.14    2.26
 1015.90   12.00   10.14    1.86
 1014.40   11.80   10.14    1.66
 1012.90   11.70   10.14    1.56
 1011.30   11.60   10.14    1.46
 1009.70   11.50   10.14    1.36
 1008.00   11.30   10.14    1.16
 1006.50   11.20   10.14    1.06
 1005.00   11.10   10.14    0.96
 1003.40   11.00   10.14    0.86
 1002.10   10.90   10.14    0.76
 1000.80   10.80   10.14    0.66
  999.40   10.70   10.14    0.56
  998.10   10.60   10.14    0.46
  996.90   10.40   10.14    0.26
  995.50   10.30   10.14    0.16
  993.90   10.20   10.14    0.06
  992.30   10.10   10.14   -0.04
  990.80   10.10   10.14   -0.04
  989.20   10.00   10.14   -0.14
  987.60    9.90   10.14   -0.24
  986.20    9.70    8.60    1.10
  985.00    9.60    8.60    1.00
  983.70    9.50    8.60    0.90
  982.40    9.40    8.60    0.80
  981.30    9.40    8.60    0.80
  980.20    9.30    8.60    0.70
  979.20    9.20    8.60    0.60
  978.10    9.10    8.60    0.50
  976.90    9.10    8.60    0.50
  975.40    9.00    8.60    0.40
  973.90    8.90    8.60    0.30
  972.70    8.90    8.60    0.30
  971.50    8.90    8.60    0.30
  970.20    8.80    8.60    0.20
  968.90    8.70    8.60    0.10
  967.50    8.60    8.60    0.00
  966.20    8.50    8.60   -0.10
  964.90    8.40    8.60   -0.20
  963.50    8.30    8.60   -0.30
  962.20    8.20    7.07    1.13
  960.70    8.00    7.07    0.93
  959.20    7.90    7.07    0.83
  957.70    7.80    7.07    0.73
  956.20    7.70    7.07    0.63
  954.60    7.60    7.07    0.53
  952.90    7.50    7.07    0.43
  951.20    7.30    7.07    0.23
  949.60    7.20    7.07    0.13
  948.10    7.10    7.07    0.03
  946.40    7.00    7.07   -0.07
  944.50    6.80    7.07   -0.27
  942.50    6.70    7.07   -0.37
  940.60    6.50    7.07   -0.57
  938.80    6.40    7.07   -0.67
  937.10    6.30    5.39    0.91
  935.30    6.20    5.39    0.81
  933.60    6.20    5.39    0.81
  931.60    6.10    5.39    0.71
  929.50    6.00    5.39    0.61
  927.70    5.90    5.39    0.51
  926.00    5.80    5.39    0.41
  924.40    5.60    5.39    0.21
  922.80    5.50    5.39    0.11
  921.40    5.40    5.39    0.01
  920.10    5.30    5.39   -0.09
  918.90    5.20    5.39   -0.19
  917.40    5.20    5.39   -0.19
  916.00    5.10    5.39   -0.29
  914.60    5.00    5.39   -0.39
  913.30    4.90    5.39   -0.49
  912.10    4.80    4.08    0.72
  910.90    4.70    4.08    0.62
  909.80    4.70    4.08    0.62
  908.80    4.60    4.08    0.52
  907.90    4.60    4.08    0.52
  906.90    4.50    4.08    0.42
  905.80    4.40    4.08    0.32
  904.60    4.40    4.08    0.32
  903.30    4.30    4.08    0.22
  902.00    4.20    4.08    0.12
  900.80    4.10    4.08    0.02
  899.60    4.10    4.08    0.02
  898.30    4.00    4.08   -0.08
  896.90    3.90    4.08   -0.18
  895.50    3.90    4.08   -0.18
  894.20    3.90    4.08   -0.18
  893.00    3.80    4.08   -0.28
  891.60    3.80    4.08   -0.28
  890.10    3.70    4.08   -0.38
  888.60    3.70    4.08   -0.38
  887.00    3.60    2.78    0.82
  885.70    3.60    2.78    0.82
  884.50    3.60    2.78    0.82
  883.10    3.70    2.78    0.92
  881.60    3.80    2.78    1.02
  880.30    3.80    2.78    1.02
  879.10    3.80    2.78    1.02
  877.70    3.80    2.78    1.02
  876.40    3.70    2.78    0.92
  875.20    3.70    2.78    0.92
  874.00    3.70    2.78    0.92
  873.00    3.60    2.78    0.82
  871.70    3.60    2.78    0.82
  870.30    3.40    2.78    0.62
  868.80    3.40    2.78    0.62
  867.50    3.30    2.78    0.52
  866.20    3.20    2.78    0.42
  864.80    3.10    2.78    0.32
  863.40    3.00    2.78    0.22
  862.00    2.80    1.51    1.29
  860.70    2.70    1.51    1.19
  859.30    2.60    1.51    1.09
  858.00    2.50    1.51    0.99
  856.90    2.40    1.51    0.89
  855.60    2.30    1.51    0.79
  854.20    2.20    1.51    0.69
  852.80    2.00    1.51    0.49
  851.60    1.90    1.51    0.39
  850.30    1.80    1.51    0.29
  849.20    1.70    1.51    0.19
  848.20    1.70    1.51    0.19
  847.00    1.60    1.51    0.09
  845.60    1.50    1.51   -0.01
  844.20    1.40    1.51   -0.11
  843.00    1.30    1.51   -0.21
  841.80    1.20    1.51   -0.31
  840.80    1.10    1.51   -0.41
  839.80    1.00    1.51   -0.51
  838.90    1.00    1.51   -0.51
  837.80    0.90    1.51   -0.61
  836.70    0.90    0.59    0.31
  835.70    0.80    0.59    0.21
  834.70    0.80    0.59    0.21
  833.70    0.70    0.59    0.11
  832.60    0.60    0.59    0.01
  831.40    0.60    0.59    0.01
  830.30    0.50    0.59   -0.09
  828.90    0.40    0.59   -0.19
  827.70    0.40    0.59   -0.19
  826.70    0.30    0.59   -0.29
  825.60    0.30    0.59   -0.29
  824.50    0.20    0.59   -0.39
  823.40    0.20    0.59   -0.39
  822.30    0.10    0.59   -0.49
  821.10    0.10    0.59   -0.49
  819.80    0.10    0.59   -0.49
  818.30    0.10    0.59   -0.49
  816.90    0.00    0.59   -0.59
  815.80    0.00    0.59   -0.59
  814.60    0.00    0.59   -0.59
  813.40   -0.10    0.59   -0.69
  812.20   -0.20    0.36   -0.56
  811.00   -0.20    0.36   -0.56
  809.90   -0.30    0.36   -0.66
  808.90   -0.30    0.36   -0.66
  807.90   -0.10    0.36   -0.46
  806.90    0.00    0.36   -0.36
  805.90    0.00    0.36   -0.36
  804.80    0.00    0.36   -0.36
  803.70   -0.10    0.36   -0.46
  802.50   -0.10    0.36   -0.46
  801.40   -0.20    0.36   -0.56
  800.50   -0.20    0.36   -0.56
  799.60   -0.30    0.36   -0.66
  798.40   -0.30    0.36   -0.66
  797.00   -0.40    0.36   -0.76
  795.80   -0.40    0.36   -0.76
  794.30   -0.40    0.36   -0.76
  792.70   -0.40    0.36   -0.76
  791.10   -0.50    0.36   -0.86
  789.80   -0.60    0.36   -0.96
  788.80   -0.70    0.36   -1.06
  787.70   -0.80    0.36   -1.16
  786.40   -0.90    1.26   -2.16
  785.30   -0.80    1.26   -2.06
  784.30   -0.80    1.26   -2.06
  783.30   -0.80    1.26   -2.06
  782.30   -0.80    1.26   -2.06
  781.10   -0.90    1.26   -2.16
  780.00   -0.90    1.26   -2.16
  779.00   -0.80    1.26   -2.06
  778.20   -0.80    1.26   -2.06
  777.30   -0.70    1.26   -1.96
  776.30   -0.70    1.26   -1.96
  775.50   -0.60    1.26   -1.86
  774.60   -0.40    1.26   -1.66
  773.40   -0.40    1.26   -1.66
  772.30   -0.30    1.26   -1.56
  771.40   -0.30    1.26   -1.56
  770.60   -0.20    1.26   -1.46
  769.70   -0.10    1.26   -1.36
  768.60    0.00    1.26   -1.26
  767.50    0.00    1.26   -1.26
  766.30    0.00    1.26   -1.26
  765.10    0.00    1.26   -1.26
  764.10    0.00    1.26   -1.26
  763.10    0.00    1.26   -1.26
  762.10    0.00    1.54   -1.54
  761.20    0.00    1.54   -1.54
  760.40    0.10    1.54   -1.44
  759.40    0.20    1.54   -1.34
  758.50    0.40    1.54   -1.14
  757.40    0.50    1.54   -1.04
  756.30    0.50    1.54   -1.04
  755.00    0.60    1.54   -0.94
  753.70    0.70    1.54   -0.84
  752.40    0.70    1.54   -0.84
  751.20    0.80    1.54   -0.74
  750.00    0.80    1.54   -0.74
  749.00    0.70    1.54   -0.84
  747.90    0.70    1.54   -0.84
  746.70    0.70    1.54   -0.84
  745.50    0.70    1.54   -0.84
  744.30    0.70    1.54   -0.84
  743.60    0.60    1.54   -0.94
  742.90    0.60    1.54   -0.94
  742.00    0.60    1.54   -0.94
  741.00    0.50    1.54   -1.04
  739.90    0.40    1.54   -1.14
  738.80    0.40    1.54   -1.14
  737.90    0.50    1.54   -1.04
  736.90    0.40    1.54   -1.14
  735.90    0.40    1.54   -1.14
  734.80    0.30    1.54   -1.24
  733.50    0.30    1.54   -1.24
  732.30    0.30    1.54   -1.24
  731.10    0.30    1.54   -1.24
  730.00    0.30    1.54   -1.24
  728.90    0.30    1.54   -1.24
  727.90    0.40    1.54   -1.14
  726.90    0.40    1.54   -1.14
  726.10    0.40    1.54   -1.14
  725.10    0.40    1.54   -1.14
  724.00    0.40   -1.00    1.40
  723.00    0.50   -1.00    1.50
  721.90    0.50   -1.00    1.50
  720.60    0.50   -1.00    1.50
  719.20    0.40   -1.00    1.40
  718.00    0.20   -1.00    1.20
  717.00    0.20   -1.00    1.20
  715.90    0.10   -1.00    1.10
  714.80    0.00   -1.00    1.00
  713.90    0.00   -1.00    1.00
  713.00   -0.10   -1.00    0.90
  712.10   -0.10   -1.00    0.90
  711.10   -0.20   -1.00    0.80
  710.10   -0.20   -1.00    0.80
  709.00   -0.20   -1.00    0.80
  707.90   -0.20   -1.00    0.80
  706.80   -0.30   -1.00    0.70
  705.80   -0.30   -1.00    0.70
  705.00   -0.40   -1.00    0.60
  704.20   -0.40   -1.00    0.60
  703.40   -0.40   -1.00    0.60
  702.40   -0.40   -1.00    0.60
  701.40   -0.30   -1.00    0.70
  700.60   -0.30   -1.00    0.70
  699.70   -0.40   -1.00    0.60
  698.70   -0.50   -1.00    0.50
  697.90   -0.50   -1.00    0.50
  697.20   -0.60   -1.00    0.40
  696.30   -0.60   -1.00    0.40
  695.30   -0.70   -1.00    0.30
  694.20   -0.80   -1.00    0.20
  693.20   -0.90   -1.00    0.10
  692.00   -1.00   -1.00    0.00
  690.80   -1.20   -1.00   -0.20
  689.60   -1.30   -1.00   -0.30
  688.40   -1.40   -1.00   -0.40
  687.20   -1.50   -1.00   -0.50
  686.00   -1.60   -1.00   -0.60
  684.90   -1.70   -1.00   -0.70
  684.00   -1.80   -1.00   -0.80
  683.20   -1.90   -1.00   -0.90
  682.50   -2.00   -1.00   -1.00
  681.80   -2.10   -1.00   -1.10
  681.10   -2.10   -1.00   -1.10
  680.30   -2.20   -1.00   -1.20
  679.50   -2.30   -1.00   -1.30
  678.50   -2.40   -1.00   -1.40
  677.40   -2.50   -1.00   -1.50
  676.40   -2.60   -1.00   -1.60
  675.30   -2.80   -1.00   -1.80
  674.30   -2.90   -4.86    1.96
  673.40   -3.00   -4.86    1.86
  672.60   -3.10   -4.86    1.76
  671.70   -3.20   -4.86    1.66
  670.80   -3.30   -4.86    1.56
  669.80   -3.40   -4.86    1.46
  669.00   -3.50   -4.86    1.36
  668.20   -3.60   -4.86    1.26
  667.40   -3.60   -4.86    1.26
  666.60   -3.70   -4.86    1.16
  665.80   -3.70   -4.86    1.16
  665.10   -3.70   -4.86    1.16
  664.40   -3.80   -4.86    1.06
  663.80   -3.70   -4.86    1.16
  663.10   -3.70   -4.86    1.16
  662.20   -3.80   -4.86    1.06
  661.20   -3.80   -4.86    1.06
  660.40   -3.90   -4.86    0.96
  659.50   -4.00   -4.86    0.86
  658.50   -4.10   -4.86    0.76
  657.60   -4.20   -4.86    0.66
  656.50   -4.30   -4.86    0.56
  655.50   -4.30   -4.86    0.56
  654.50   -4.40   -4.86    0.46
  653.30   -4.50   -4.86    0.36
  652.20   -4.70   -4.86    0.16
  651.30   -4.80   -4.86    0.06
  650.40   -4.90   -4.86   -0.04
  649.50   -5.00   -4.86   -0.14
  648.60   -5.10   -4.86   -0.24
  647.70   -5.20   -4.86   -0.34
  646.90   -5.20   -4.86   -0.34
  646.00   -5.30   -4.86   -0.44
  645.10   -5.40   -4.86   -0.54
  644.10   -5.60   -4.86   -0.74
  643.20   -5.70   -4.86   -0.84
  642.20   -5.80   -4.86   -0.94
  641.00   -5.90   -4.86   -1.04
  639.90   -6.10   -4.86   -1.24
  639.00   -6.20   -4.86   -1.34
  638.10   -6.30   -4.86   -1.44
  637.30   -6.30   -4.86   -1.44
  636.40   -6.40   -4.86   -1.54
  635.40   -6.50   -4.86   -1.64
  634.50   -6.60   -4.86   -1.74
  633.60   -6.70   -4.86   -1.84
  633.00   -6.80   -4.86   -1.94
  632.40   -6.80   -4.86   -1.94
  631.80   -6.80   -4.86   -1.94
  631.10   -6.90   -4.86   -2.04
  630.30   -6.90   -4.86   -2.04
  629.30   -6.90   -4.86   -2.04
  628.40   -6.80   -4.86   -1.94
  627.50   -6.80   -4.86   -1.94
  626.60   -6.70   -4.86   -1.84
  625.70   -6.70   -4.86   -1.84
  624.90   -6.80   -8.02    1.22
  623.90   -6.90   -8.02    1.12
  622.90   -6.90   -8.02    1.12
  622.00   -6.80   -8.02    1.22
  621.10   -6.80   -8.02    1.22
  620.10   -6.80   -8.02    1.22
  618.90   -6.90   -8.02    1.12
  617.90   -7.00   -8.02    1.02
  616.90   -7.00   -8.02    1.02
  615.90   -7.00   -8.02    1.02
  615.00   -7.10   -8.02    0.92
  613.90   -7.20   -8.02    0.82
  612.80   -7.30   -8.02    0.72
  611.80   -7.40   -8.02    0.62
  610.90   -7.50   -8.02    0.52
  610.20   -7.60   -8.02    0.42
  609.40   -7.70   -8.02    0.32
  608.50   -7.70   -8.02    0.32
  607.50   -7.80   -8.02    0.22
  606.50   -7.80   -8.02    0.22
  605.50   -7.90   -8.02    0.12
  604.60   -7.90   -8.02    0.12
  603.70   -7.90   -8.02    0.12
  602.80   -7.90   -8.02    0.12
  602.00   -7.90   -8.02    0.12
  601.40   -7.90   -8.02    0.12
  600.80   -7.90   -8.02    0.12
  600.00   -8.00   -8.02    0.02
  599.10   -8.00   -8.02    0.02
  598.40   -8.00   -8.02    0.02
  597.50   -8.00   -8.02    0.02
  596.60   -8.00   -8.02    0.02
  595.80   -8.10   -8.02   -0.08
  595.00   -8.30   -8.02   -0.28
  594.00   -8.40   -8.02   -0.38
  593.00   -8.50   -8.02   -0.48
  592.00   -8.50   -8.02   -0.48
  590.80   -8.70   -8.02   -0.68
  589.90   -8.80   -8.02   -0.78
  589.10   -8.90   -8.02   -0.88
  588.30   -9.00   -8.02   -0.98
  587.50   -9.10   -8.02   -1.08
  586.70   -9.20   -8.02   -1.18
  585.70   -9.20   -8.02   -1.18
  585.00   -9.30   -8.02   -1.28
  584.40   -9.30   -8.02   -1.28
  583.80   -9.40   -8.02   -1.38
  583.00   -9.50   -8.02   -1.48
  582.20   -9.60   -8.02   -1.58
  581.30   -9.70   -8.02   -1.68
  580.70   -9.70   -8.02   -1.68
  580.10   -9.70   -8.02   -1.68
  579.60   -9.60   -8.02   -1.58
  579.00   -9.70   -8.02   -1.68
  578.30   -9.70   -8.02   -1.68
  577.60   -9.70   -8.02   -1.68
  577.00   -9.70   -8.02   -1.68
  576.20   -9.70   -8.02   -1.68
  575.40   -9.80   -8.02   -1.78
  574.60   -9.80  -11.39    1.59
  573.90   -9.80  -11.39    1.59
  573.20   -9.90  -11.39    1.49
  572.50  -10.00  -11.39    1.39
  571.80   -9.90  -11.39    1.49
  570.90   -9.90  -11.39    1.49
  569.90  -10.00  -11.39    1.39
  569.00  -10.10  -11.39    1.29
  568.10  -10.10  -11.39    1.29
  567.30  -10.20  -11.39    1.19
  566.80  -10.20  -11.39    1.19
  566.20  -10.20  -11.39    1.19
  565.60  -10.30  -11.39    1.09
  565.00  -10.30  -11.39    1.09
  564.40  -10.40  -11.39    0.99
  563.70  -10.40  -11.39    0.99
  562.90  -10.40  -11.39    0.99
  561.90  -10.50  -11.39    0.89
  561.00  -10.50  -11.39    0.89
  560.00  -10.40  -11.39    0.99
  559.00  -10.60  -11.39    0.79
  558.10  -10.60  -11.39    0.79
  557.30  -10.50  -11.39    0.89
  556.40  -10.50  -11.39    0.89
  555.60  -10.50  -11.39    0.89
  554.80  -10.60  -11.39    0.79
  554.10  -10.70  -11.39    0.69
  553.50  -10.80  -11.39    0.59
  552.90  -10.80  -11.39    0.59
  552.30  -10.80  -11.39    0.59
  551.80  -10.80  -11.39    0.59
  551.10  -10.90  -11.39    0.49
  550.20  -10.90  -11.39    0.49
  549.50  -11.00  -11.39    0.39
  548.90  -11.00  -11.39    0.39
  548.20  -11.10  -11.39    0.29
  547.70  -11.10  -11.39    0.29
  547.20  -11.20  -11.39    0.19
  546.60  -11.30  -11.39    0.09
  546.00  -11.40  -11.39   -0.01
  545.20  -11.50  -11.39   -0.11
  544.30  -11.50  -11.39   -0.11
  543.10  -11.70  -11.39   -0.31
  541.80  -11.90  -11.39   -0.51
  540.80  -12.00  -11.39   -0.61
  539.90  -12.00  -11.39   -0.61
  539.00  -12.10  -11.39   -0.71
  538.20  -12.20  -11.39   -0.81
  537.50  -12.30  -11.39   -0.91
  536.80  -12.30  -11.39   -0.91
  536.20  -12.40  -11.39   -1.01
  535.50  -12.40  -11.39   -1.01
  534.70  -12.50  -11.39   -1.11
  533.80  -12.60  -11.39   -1.21
  532.80  -12.70  -11.39   -1.31
  531.90  -12.80  -11.39   -1.41
  530.90  -13.00  -11.39   -1.61
  530.20  -13.10  -11.39   -1.71
  529.50  -13.10  -11.39   -1.71
  528.90  -13.20  -11.39   -1.81
  528.30  -13.30  -11.39   -1.91
  527.70  -13.40  -11.39   -2.01
  527.10  -13.40  -11.39   -2.01
  526.60  -13.50  -11.39   -2.11
  526.10  -13.60  -11.39   -2.21
  525.50  -13.60  -11.39   -2.21
  524.90  -13.60  -16.81    3.21
  524.40  -13.70  -16.81    3.11
  523.80  -13.80  -16.81    3.01
  523.00  -13.90  -16.81    2.91
  522.10  -14.00  -16.81    2.81
  521.40  -14.00  -16.81    2.81
  520.90  -14.10  -16.81    2.71
  520.30  -14.20  -16.81    2.61
  519.70  -14.30  -16.81    2.51
  519.20  -14.30  -16.81    2.51
  518.60  -14.40  -16.81    2.41
  518.00  -14.50  -16.81    2.31
  517.30  -14.50  -16.81    2.31
  516.40  -14.60  -16.81    2.21
  515.60  -14.70  -16.81    2.11
  515.00  -14.80  -16.81    2.01
  514.40  -14.80  -16.81    2.01
  513.90  -14.90  -16.81    1.91
  513.20  -14.90  -16.81    1.91
  512.60  -15.10  -16.81    1.71
  512.00  -15.20  -16.81    1.61
  511.50  -15.20  -16.81    1.61
  510.90  -15.30  -16.81    1.51
  510.20  -15.40  -16.81    1.41
  509.30  -15.50  -16.81    1.31
  508.30  -15.60  -16.81    1.21
  507.50  -15.70  -16.81    1.11
  506.90  -15.80  -16.81    1.01
  506.30  -15.90  -16.81    0.91
  505.70  -16.00  -16.81    0.81
  505.00  -16.00  -16.81    0.81
  504.30  -16.10  -16.81    0.71
  503.60  -16.10  -16.81    0.71
  502.90  -16.20  -16.81    0.61
  502.10  -16.30  -16.81    0.51
  501.40  -16.40  -16.81    0.41
  500.80  -16.50  -16.81    0.31
  500.20  -16.60  -16.81    0.21
  499.60  -16.70  -16.81    0.11
  499.00  -16.70  -16.81    0.11
  498.10  -16.90  -16.81   -0.09
  497.40  -17.10  -16.81   -0.29
  496.70  -17.10  -16.81   -0.29
  496.20  -17.20  -16.81   -0.39
  495.60  -17.30  -16.81   -0.49
  495.10  -17.30  -16.81   -0.49
  494.60  -17.40  -16.81   -0.59
  494.00  -17.40  -16.81   -0.59
  493.30  -17.40  -16.81   -0.59
  492.60  -17.40  -16.81   -0.59
  491.90  -17.50  -16.81   -0.69
  491.20  -17.60  -16.81   -0.79
  490.60  -17.70  -16.81   -0.89
  489.80  -17.90  -16.81   -1.09
  488.80  -18.00  -16.81   -1.19
  487.80  -18.00  -16.81   -1.19
  486.90  -18.20  -16.81   -1.39
  486.30  -18.30  -16.81   -1.49
  485.80  -18.40  -16.81   -1.59
  485.30  -18.40  -16.81   -1.59
  484.80  -18.40  -16.81   -1.59
  484.30  -18.40  -16.81   -1.59
  483.80  -18.50  -16.81   -1.69
  483.20  -18.60  -16.81   -1.79
  482.60  -18.70  -16.81   -1.89
  481.90  -18.80  -16.81   -1.99
  481.10  -18.90  -16.81   -2.09
  480.40  -19.00  -16.81   -2.19
  479.60  -19.10  -16.81   -2.29
  478.90  -19.30  -16.81   -2.49
  478.20  -19.40  -16.81   -2.59
  477.70  -19.50  -16.81   -2.69
  477.20  -19.50  -16.81   -2.69
  476.70  -19.60  -16.81   -2.79
  476.10  -19.60  -16.81   -2.79
  475.60  -19.60  -16.81   -2.79
  474.90  -19.70  -23.52    3.82
  474.30  -19.80  -23.52    3.72
  473.70  -19.80  -23.52    3.72
  473.00  -19.90  -23.52    3.62
  472.30  -20.00  -23.52    3.52
  471.50  -20.10  -23.52    3.42
  470.70  -20.30  -23.52    3.22
  470.00  -20.40  -23.52    3.12
  469.30  -20.50  -23.52    3.02
  468.60  -20.60  -23.52    2.92
  468.00  -20.70  -23.52    2.82
  467.30  -20.80  -23.52    2.72
  466.70  -20.90  -23.52    2.62
  466.00  -20.90  -23.52    2.62
  465.30  -21.00  -23.52    2.52
  464.50  -21.00  -23.52    2.52
  463.80  -21.10  -23.52    2.42
  463.20  -21.10  -23.52    2.42
  462.70  -21.20  -23.52    2.32
  462.20  -21.20  -23.52    2.32
  461.70  -21.30  -23.52    2.22
  461.20  -21.40  -23.52    2.12
  460.50  -21.40  -23.52    2.12
  459.80  -21.50  -23.52    2.02
  459.20  -21.60  -23.52    1.92
  458.50  -21.60  -23.52    1.92
  457.80  -21.80  -23.52    1.72
  457.20  -21.90  -23.52    1.62
  456.50  -22.00  -23.52    1.52
  455.80  -22.10  -23.52    1.42
  455.00  -22.20  -23.52    1.32
  454.40  -22.30  -23.52    1.22
  453.90  -22.40  -23.52    1.12
  453.50  -22.40  -23.52    1.12
  453.00  -22.50  -23.52    1.02
  452.50  -22.60  -23.52    0.92
  452.00  -22.70  -23.52    0.82
  451.40  -22.70  -23.52    0.82
  450.80  -22.80  -23.52    0.72
  450.20  -22.90  -23.52    0.62
  449.60  -23.10  -23.52    0.42
  448.90  -23.10  -23.52    0.42
  448.20  -23.20  -23.52    0.32
  447.60  -23.40  -23.52    0.12
  447.00  -23.50  -23.52    0.02
  446.30  -23.60  -23.52   -0.08
  445.60  -23.70  -23.52   -0.18
  445.00  -23.70  -23.52   -0.18
  444.40  -23.80  -23.52   -0.28
  443.80  -23.90  -23.52   -0.38
  443.20  -24.00  -23.52   -0.48
  442.50  -24.10  -23.52   -0.58
  441.80  -24.30  -23.52   -0.78
  441.10  -24.40  -23.52   -0.88
  440.30  -24.50  -23.52   -0.98
  439.70  -24.60  -23.52   -1.08
  439.10  -24.70  -23.52   -1.18
  438.70  -24.70  -23.52   -1.18
  438.30  -24.80  -23.52   -1.28
  437.80  -24.90  -23.52   -1.38
  437.30  -25.00  -23.52   -1.48
  436.70  -25.10  -23.52   -1.58
  436.20  -25.20  -23.52   -1.68
  435.60  -25.30  -23.52   -1.78
  435.10  -25.40  -23.52   -1.88
  434.60  -25.50  -23.52   -1.98
  434.10  -25.60  -23.52   -2.08
  433.70  -25.70  -23.52   -2.18
  433.20  -25.70  -23.52   -2.18
  432.70  -25.80  -23.52   -2.28
  432.20  -25.80  -23.52   -2.28
  431.80  -25.90  -23.52   -2.38
  431.40  -26.00  -23.52   -2.48
  430.90  -26.00  -23.52   -2.48
  430.40  -26.10  -23.52   -2.58
  430.00  -26.20  -23.52   -2.68
  429.50  -26.30  -23.52   -2.78
  429.10  -26.30  -23.52   -2.78
  428.50  -26.40  -23.52   -2.88
  428.00  -26.50  -23.52   -2.98
  427.30  -26.60  -23.52   -3.08
  426.40  -26.80  -23.52   -3.28
  425.40  -27.00  -23.52   -3.48
  424.70  -27.10  -30.16    3.06
  424.20  -27.10  -30.16    3.06
  423.80  -27.10  -30.16    3.06
  423.30  -27.20  -30.16    2.96
  422.90  -27.30  -30.16    2.86
  422.40  -27.30  -30.16    2.86
  421.90  -27.40  -30.16    2.76
  421.40  -27.50  -30.16    2.66
  420.90  -27.50  -30.16    2.66
  420.40  -27.60  -30.16    2.56
  419.90  -27.70  -30.16    2.46
  419.30  -27.70  -30.16    2.46
  418.70  -27.80  -30.16    2.36
  418.00  -27.80  -30.16    2.36
  417.20  -27.90  -30.16    2.26
  416.30  -28.00  -30.16    2.16
  415.60  -28.20  -30.16    1.96
  415.00  -28.30  -30.16    1.86
  414.40  -28.30  -30.16    1.86
  414.00  -28.30  -30.16    1.86
  413.60  -28.40  -30.16    1.76
  413.20  -28.50  -30.16    1.66
  412.80  -28.50  -30.16    1.66
  412.40  -28.50  -30.16    1.66
  411.90  -28.60  -30.16    1.56
  411.40  -28.70  -30.16    1.46
  411.00  -28.70  -30.16    1.46
  410.50  -28.60  -30.16    1.56
  410.10  -28.70  -30.16    1.46
  409.60  -28.70  -30.16    1.46
  409.10  -28.80  -30.16    1.36
  408.70  -28.90  -30.16    1.26
  408.20  -28.90  -30.16    1.26
  407.70  -29.00  -30.16    1.16
  407.20  -29.10  -30.16    1.06
  406.80  -29.20  -30.16    0.96
  406.30  -29.20  -30.16    0.96
  405.80  -29.30  -30.16    0.86
  405.30  -29.40  -30.16    0.76
  404.80  -29.40  -30.16    0.76
  404.20  -29.50  -30.16    0.66
  403.40  -29.60  -30.16    0.56
  402.70  -29.70  -30.16    0.46
  402.10  -29.80  -30.16    0.36
  401.60  -29.90  -30.16    0.26
  401.20  -29.90  -30.16    0.26
  400.70  -30.00  -30.16    0.16
  400.20  -30.00  -30.16    0.16
  399.80  -30.00  -30.16    0.16
  399.40  -30.10  -30.16    0.06
  398.90  -30.20  -30.16   -0.04
  398.40  -30.20  -30.16   -0.04
  397.90  -30.30  -30.16   -0.14
  397.40  -30.40  -30.16   -0.24
  397.00  -30.40  -30.16   -0.24
  396.60  -30.50  -30.16   -0.34
  396.10  -30.50  -30.16   -0.34
  395.70  -30.60  -30.16   -0.44
  395.20  -30.60  -30.16   -0.44
  394.60  -30.80  -30.16   -0.64
  394.00  -30.80  -30.16   -0.64
  393.50  -30.90  -30.16   -0.74
  392.90  -31.00  -30.16   -0.84
  392.10  -31.10  -30.16   -0.94
  391.30  -31.20  -30.16   -1.04
  390.70  -31.30  -30.16   -1.14
  390.20  -31.40  -30.16   -1.24
  389.70  -31.50  -30.16   -1.34
  389.20  -31.60  -30.16   -1.44
  388.70  -31.70  -30.16   -1.54
  388.00  -31.80  -30.16   -1.64
  387.40  -31.80  -30.16   -1.64
  386.90  -31.90  -30.16   -1.74
  386.20  -32.00  -30.16   -1.84
  385.50  -32.10  -30.16   -1.94
  384.80  -32.30  -30.16   -2.14
  384.10  -32.30  -30.16   -2.14
  383.40  -32.40  -30.16   -2.24
  382.70  -32.60  -30.16   -2.44
  382.00  -32.60  -30.16   -2.44
  381.50  -32.60  -30.16   -2.44
  381.00  -32.50  -30.16   -2.34
  380.60  -32.50  -30.16   -2.34
  380.10  -32.50  -30.16   -2.34
  379.60  -32.60  -30.16   -2.44
  379.20  -32.70  -30.16   -2.54
  378.60  -32.80  -30.16   -2.64
  378.10  -32.90  -30.16   -2.74
  377.50  -33.00  -30.16   -2.84
  376.90  -33.10  -30.16   -2.94
  376.30  -33.30  -30.16   -3.14
  375.60  -33.40  -30.16   -3.24
  374.90  -33.50  -37.93    4.43
  374.20  -33.60  -37.93    4.33
  373.50  -33.70  -37.93    4.23
  372.80  -33.90  -37.93    4.03
  372.20  -34.00  -37.93    3.93
  371.70  -34.10  -37.93    3.83
  371.10  -34.20  -37.93    3.73
  370.70  -34.20  -37.93    3.73
  370.20  -34.30  -37.93    3.63
  369.70  -34.40  -37.93    3.53
  369.30  -34.50  -37.93    3.43
  368.70  -34.60  -37.93    3.33
  368.20  -34.70  -37.93    3.23
  367.70  -34.80  -37.93    3.13
  367.10  -34.90  -37.93    3.03
  366.30  -35.10  -37.93    2.83
  365.40  -35.30  -37.93    2.63
  364.60  -35.40  -37.93    2.53
  364.00  -35.50  -37.93    2.43
  363.50  -35.60  -37.93    2.33
  362.80  -35.70  -37.93    2.23
  362.30  -35.80  -37.93    2.13
  361.80  -35.90  -37.93    2.03
  361.30  -35.90  -37.93    2.03
  360.80  -36.00  -37.93    1.93
  360.40  -36.10  -37.93    1.83
  360.00  -36.10  -37.93    1.83
  359.60  -36.20  -37.93    1.73
  359.10  -36.30  -37.93    1.63
  358.60  -36.40  -37.93    1.53
  358.10  -36.60  -37.93    1.33
  357.60  -36.70  -37.93    1.23
  357.10  -36.80  -37.93    1.13
  356.40  -36.90  -37.93    1.03
  355.70  -37.00  -37.93    0.93
  354.90  -37.20  -37.93    0.73
  354.20  -37.30  -37.93    0.63
  353.70  -37.40  -37.93    0.53
  353.20  -37.50  -37.93    0.43
  352.70  -37.60  -37.93    0.33
  352.20  -37.60  -37.93    0.33
  351.70  -37.70  -37.93    0.23
  351.30  -37.70  -37.93    0.23
  350.80  -37.70  -37.93    0.23
  350.30  -37.80  -37.93    0.13
  349.80  -38.00  -37.93   -0.07
  349.10  -38.10  -37.93   -0.17
  348.30  -38.30  -37.93   -0.37
  347.50  -38.40  -37.93   -0.47
  346.60  -38.60  -37.93   -0.67
  345.70  -38.80  -37.93   -0.87
  345.00  -38.90  -37.93   -0.97
  344.40  -39.00  -37.93   -1.07
  343.70  -39.10  -37.93   -1.17
  343.20  -39.20  -37.93   -1.27
  342.60  -39.20  -37.93   -1.27
  341.90  -39.30  -37.93   -1.37
  341.10  -39.40  -37.93   -1.47
  340.40  -39.50  -37.93   -1.57
  339.80  -39.50  -37.93   -1.57
  339.30  -39.50  -37.93   -1.57
  338.80  -39.60  -37.93   -1.67
  338.30  -39.70  -37.93   -1.77
  337.70  -39.90  -37.93   -1.97
  337.00  -40.00  -37.93   -2.07
  336.30  -40.10  -37.93   -2.17
  335.60  -40.30  -37.93   -2.37
  334.90  -40.40  -37.93   -2.47
  334.50  -40.40  -37.93   -2.47
  334.00  -40.50  -37.93   -2.57
  333.50  -40.60  -37.93   -2.67
  333.10  -40.70  -37.93   -2.77
  332.60  -40.80  -37.93   -2.87
  332.00  -40.90  -37.93   -2.97
  331.40  -41.00  -37.93   -3.07
  330.80  -41.10  -37.93   -3.17
  330.20  -41.20  -37.93   -3.27
  329.70  -41.30  -37.93   -3.37
  329.20  -41.50  -37.93   -3.57
  328.80  -41.50  -37.93   -3.57
  328.40  -41.60  -37.93   -3.67
  328.00  -41.60  -37.93   -3.67
  327.60  -41.70  -37.93   -3.77
  327.10  -41.80  -37.93   -3.87
  326.70  -41.90  -37.93   -3.97
  326.20  -42.00  -37.93   -4.07
  325.80  -42.10  -37.93   -4.17
  325.40  -42.10  -37.93   -4.17
  324.90  -42.20  -47.07    4.87
  324.50  -42.30  -47.07    4.77
  324.10  -42.40  -47.07    4.67
  323.70  -42.50  -47.07    4.57
  323.30  -42.60  -47.07    4.47
  322.90  -42.70  -47.07    4.37
  322.40  -42.80  -47.07    4.27
  321.90  -42.90  -47.07    4.17
  321.50  -43.00  -47.07    4.07
  321.10  -43.00  -47.07    4.07
  320.70  -43.10  -47.07    3.97
  320.30  -43.20  -47.07    3.87
  319.90  -43.30  -47.07    3.77
  319.40  -43.40  -47.07    3.67
  319.00  -43.50  -47.07    3.57
  318.60  -43.60  -47.07    3.47
  318.20  -43.60  -47.07    3.47
  317.70  -43.70  -47.07    3.37
  317.30  -43.80  -47.07    3.27
  316.90  -43.90  -47.07    3.17
  316.50  -44.00  -47.07    3.07
  316.00  -44.10  -47.07    2.97
  315.60  -44.20  -47.07    2.87
  315.20  -44.20  -47.07    2.87
  314.80  -44.30  -47.07    2.77
  314.40  -44.40  -47.07    2.67
  313.90  -44.50  -47.07    2.57
  313.50  -44.60  -47.07    2.47
  313.10  -44.70  -47.07    2.37
  312.70  -44.70  -47.07    2.37
  312.30  -44.80  -47.07    2.27
  311.90  -44.90  -47.07    2.17
  311.50  -45.00  -47.07    2.07
  311.00  -45.10  -47.07    1.97
  310.60  -45.20  -47.07    1.87
  310.20  -45.30  -47.07    1.77
  309.80  -45.30  -47.07    1.77
  309.30  -45.40  -47.07    1.67
  308.90  -45.50  -47.07    1.57
  308.50  -45.60  -47.07    1.47
  308.10  -45.70  -47.07    1.37
  307.70  -45.80  -47.07    1.27
  307.30  -45.90  -47.07    1.17
  306.90  -46.00  -47.07    1.07
  306.50  -46.00  -47.07    1.07
  306.10  -46.10  -47.07    0.97
  305.70  -46.20  -47.07    0.87
  305.20  -46.30  -47.07    0.77
  304.90  -46.40  -47.07    0.67
  304.50  -46.50  -47.07    0.57
  304.10  -46.50  -47.07    0.57
  303.70  -46.60  -47.07    0.47
  303.30  -46.70  -47.07    0.37
  302.90  -46.80  -47.07    0.27
  302.50  -46.90  -47.07    0.17
  302.10  -46.90  -47.07    0.17
  301.70  -47.00  -47.07    0.07
  301.30  -47.10  -47.07   -0.03
  301.00  -47.10  -47.07   -0.03
  300.60  -47.20  -47.07   -0.13
  300.20  -47.30  -47.07   -0.23
  299.80  -47.40  -47.07   -0.33
  299.50  -47.50  -47.07   -0.43
  299.10  -47.60  -47.07   -0.53
  298.70  -47.60  -47.07   -0.53
  298.30  -47.70  -47.07   -0.63
  297.90  -47.80  -47.07   -0.73
  297.60  -47.90  -47.07   -0.83
  297.20  -48.00  -47.07   -0.93
  296.80  -48.10  -47.07   -1.03
  296.40  -48.10  -47.07   -1.03
  296.00  -48.20  -47.07   -1.13
  295.60  -48.30  -47.07   -1.23
  295.20  -48.40  -47.07   -1.33
  294.90  -48.40  -47.07   -1.33
  294.50  -48.40  -47.07   -1.33
  294.20  -48.50  -47.07   -1.43
  293.80  -48.50  -47.07   -1.43
  293.50  -48.60  -47.07   -1.53
  293.10  -48.60  -47.07   -1.53
  292.70  -48.70  -47.07   -1.63
  292.40  -48.70  -47.07   -1.63
  292.00  -48.80  -47.07   -1.73
  291.60  -48.90  -47.07   -1.83
  291.20  -49.00  -47.07   -1.93
  290.80  -49.00  -47.07   -1.93
  290.40  -49.00  -47.07   -1.93
  290.00  -49.10  -47.07   -2.03
  289.60  -49.20  -47.07   -2.13
  288.90  -49.30  -47.07   -2.23
  288.30  -49.40  -47.07   -2.33
  287.90  -49.40  -47.07   -2.33
  287.50  -49.30  -47.07   -2.23
  287.20  -49.30  -47.07   -2.23
  286.80  -49.30  -47.07   -2.23
  286.50  -49.40  -47.07   -2.33
  286.10  -49.40  -47.07   -2.33
  285.80  -49.30  -47.07   -2.23
  285.40  -49.40  -47.07   -2.33
  285.00  -49.50  -47.07   -2.43
  284.50  -49.50  -47.07   -2.43
  284.10  -49.60  -47.07   -2.53
  283.60  -49.70  -47.07   -2.63
  283.10  -49.70  -47.07   -2.63
  282.60  -49.80  -47.07   -2.73
  282.10  -49.80  -47.07   -2.73
  281.60  -49.90  -47.07   -2.83
  281.10  -50.00  -47.07   -2.93
  280.70  -50.00  -47.07   -2.93
  280.30  -50.10  -47.07   -3.03
  279.90  -50.10  -47.07   -3.03
  279.50  -50.20  -47.07   -3.13
  279.00  -50.40  -47.07   -3.33
  278.60  -50.50  -47.07   -3.43
  278.20  -50.60  -47.07   -3.53
  277.80  -50.60  -47.07   -3.53
  277.40  -50.70  -47.07   -3.63
  277.00  -50.70  -47.07   -3.63
  276.60  -50.80  -47.07   -3.73
  276.30  -50.90  -47.07   -3.83
  275.90  -51.00  -47.07   -3.93
  275.50  -51.00  -47.07   -3.93
  275.10  -51.10  -47.07   -4.03
  274.70  -51.20  -55.48    4.28
  274.40  -51.30  -55.48    4.18
  274.00  -51.30  -55.48    4.18
  273.60  -51.40  -55.48    4.08
  273.20  -51.50  -55.48    3.98
  272.80  -51.60  -55.48    3.88
  272.40  -51.60  -55.48    3.88
  272.00  -51.70  -55.48    3.78
  271.70  -51.80  -55.48    3.68
  271.30  -51.90  -55.48    3.58
  270.90  -51.90  -55.48    3.58
  270.50  -52.00  -55.48    3.48
  270.10  -52.10  -55.48    3.38
  269.70  -52.20  -55.48    3.28
  269.30  -52.30  -55.48    3.18
  268.80  -52.40  -55.48    3.08
  268.40  -52.50  -55.48    2.98
  268.10  -52.60  -55.48    2.88
  267.70  -52.70  -55.48    2.78
  267.30  -52.70  -55.48    2.78
  267.00  -52.80  -55.48    2.68
  266.60  -52.90  -55.48    2.58
  266.10  -53.00  -55.48    2.48
  265.70  -53.10  -55.48    2.38
  265.40  -53.10  -55.48    2.38
  265.00  -53.20  -55.48    2.28
  264.60  -53.20  -55.48    2.28
  264.20  -53.30  -55.48    2.18
  263.90  -53.30  -55.48    2.18
  263.50  -53.40  -55.48    2.08
  263.20  -53.50  -55.48    1.98
  262.80  -53.50  -55.48    1.98
  262.40  -53.60  -55.48    1.88
  262.00  -53.70  -55.48    1.78
  261.70  -53.80  -55.48    1.68
  261.30  -53.80  -55.48    1.68
  260.90  -53.90  -55.48    1.58
  260.50  -54.00  -55.48    1.48
  260.00  -54.10  -55.48    1.38
  259.50  -54.10  -55.48    1.38
  259.00  -54.20  -55.48    1.28
  258.60  -54.20  -55.48    1.28
  258.20  -54.20  -55.48    1.28
  257.80  -54.30  -55.48    1.18
  257.50  -54.30  -55.48    1.18
  257.10  -54.30  -55.48    1.18
  256.70  -54.30  -55.48    1.18
  256.40  -54.30  -55.48    1.18
  256.00  -54.30  -55.48    1.18
  255.60  -54.40  -55.48    1.08
  255.20  -54.40  -55.48    1.08
  254.90  -54.50  -55.48    0.98
  254.50  -54.50  -55.48    0.98
  254.20  -54.60  -55.48    0.88
  253.90  -54.60  -55.48    0.88
  253.50  -54.70  -55.48    0.78
  253.10  -54.80  -55.48    0.68
  252.70  -54.90  -55.48    0.58
  252.40  -54.90  -55.48    0.58
  252.00  -55.00  -55.48    0.48
  251.70  -55.10  -55.48    0.38
  251.30  -55.10  -55.48    0.38
  251.00  -55.20  -55.48    0.28
  250.60  -55.30  -55.48    0.18
  250.20  -55.30  -55.48    0.18
  249.80  -55.30  -55.48    0.18
  249.50  -55.40  -55.48    0.08
  249.10  -55.30  -55.48    0.18
  248.80  -55.30  -55.48    0.18
  248.40  -55.40  -55.48    0.08
  248.00  -55.50  -55.48   -0.02
  247.60  -55.50  -55.48   -0.02
  247.20  -55.50  -55.48   -0.02
  246.80  -55.50  -55.48   -0.02
  246.50  -55.50  -55.48   -0.02
  246.10  -55.60  -55.48   -0.12
  245.70  -55.70  -55.48   -0.22
  245.40  -55.80  -55.48   -0.32
  245.10  -55.80  -55.48   -0.32
  244.70  -55.90  -55.48   -0.42
  244.30  -56.00  -55.48   -0.52
  244.00  -56.10  -55.48   -0.62
  243.60  -56.20  -55.48   -0.72
  243.20  -56.20  -55.48   -0.72
  242.80  -56.30  -55.48   -0.82
  242.40  -56.40  -55.48   -0.92
  242.10  -56.40  -55.48   -0.92
  241.70  -56.50  -55.48   -1.02
  241.40  -56.60  -55.48   -1.12
  241.00  -56.70  -55.48   -1.22
  240.60  -56.70  -55.48   -1.22
  240.30  -56.80  -55.48   -1.32
  239.90  -56.90  -55.48   -1.42
  239.50  -57.00  -55.48   -1.52
  239.20  -57.10  -55.48   -1.62
  238.80  -57.10  -55.48   -1.62
  238.50  -57.20  -55.48   -1.72
  238.10  -57.30  -55.48   -1.82
  237.70  -57.40  -55.48   -1.92
  237.30  -57.40  -60.37    2.97
  237.00  -57.50  -60.37    2.87
  236.60  -57.60  -60.37    2.77
  236.20  -57.70  -60.37    2.67
  235.80  -57.80  -60.37    2.57
  235.40  -57.90  -60.37    2.47
  235.00  -57.90  -60.37    2.47
  234.70  -57.90  -60.37    2.47
  234.30  -58.00  -60.37    2.37
  233.90  -58.10  -60.37    2.27
  233.60  -58.20  -60.37    2.17
  233.20  -58.30  -60.37    2.07
  232.80  -58.40  -60.37    1.97
  232.50  -58.50  -60.37    1.87
  232.10  -58.60  -60.37    1.77
  231.60  -58.60  -60.37    1.77
  231.20  -58.70  -60.37    1.67
  230.70  -58.80  -60.37    1.57
  230.30  -58.90  -60.37    1.47
  230.00  -58.90  -60.37    1.47
  229.60  -59.00  -60.37    1.37
  229.20  -59.10  -60.37    1.27
  228.90  -59.20  -60.37    1.17
  228.50  -59.20  -60.37    1.17
  228.20  -59.30  -60.37    1.07
  227.80  -59.40  -60.37    0.97
  227.40  -59.50  -60.37    0.87
  227.00  -59.60  -60.37    0.77
  226.70  -59.60  -60.37    0.77
  226.40  -59.70  -60.37    0.67
  226.00  -59.80  -60.37    0.57
  225.70  -59.90  -60.37    0.47
  225.40  -59.90  -60.37    0.47
  225.00  -60.00  -60.37    0.37
  224.60  -60.20  -60.37    0.17
  224.30  -60.30  -60.37    0.07
  223.90  -60.30  -60.37    0.07
  223.50  -60.50  -60.37   -0.13
  223.20  -60.60  -60.37   -0.23
  222.80  -60.60  -60.37   -0.23
  222.40  -60.70  -60.37   -0.33
  222.10  -60.80  -60.37   -0.43
  221.70  -60.90  -60.37   -0.53
  221.40  -61.00  -60.37   -0.63
  221.10  -61.10  -60.37   -0.73
  220.70  -61.20  -60.37   -0.83
  220.30  -61.30  -60.37   -0.93
  219.90  -61.40  -60.37   -1.03
  219.60  -61.60  -60.37   -1.23
  219.20  -61.70  -60.37   -1.33
  218.90  -61.60  -60.37   -1.23
  218.60  -61.70  -60.37   -1.33
  218.30  -61.80  -60.37   -1.43
  218.00  -61.90  -60.37   -1.53
  217.60  -61.90  -60.37   -1.53
  217.30  -62.00  -60.37   -1.63
  217.00  -62.10  -60.37   -1.73
  216.70  -62.10  -60.37   -1.73
  216.40  -62.10  -60.37   -1.73
  216.00  -62.20  -60.37   -1.83
  215.70  -62.20  -60.37   -1.83
  215.30  -62.30  -60.37   -1.93
  215.00  -62.40  -60.37   -2.03
  214.70  -62.40  -60.37   -2.03
  214.40  -62.40  -60.37   -2.03
  214.00  -62.40  -60.37   -2.03
  213.70  -62.30  -60.37   -1.93
  213.40  -62.40  -60.37   -2.03
  213.10  -62.50  -60.37   -2.13
  212.70  -62.60  -60.37   -2.23
  212.40  -62.70  -63.62    0.92
  212.00  -62.90  -63.62    0.72
  211.60  -63.00  -63.62    0.62
  211.20  -63.10  -63.62    0.52
  210.90  -63.10  -63.62    0.52
  210.60  -63.20  -63.62    0.42
  210.30  -63.20  -63.62    0.42
  210.00  -63.20  -63.62    0.42
  209.70  -63.30  -63.62    0.32
  209.40  -63.40  -63.62    0.22
  209.10  -63.40  -63.62    0.22
  208.70  -63.40  -63.62    0.22
  208.40  -63.50  -63.62    0.12
  208.10  -63.60  -63.62    0.02
  207.80  -63.70  -63.62   -0.08
  207.40  -63.70  -63.62   -0.08
  207.00  -63.70  -63.62   -0.08
  206.70  -63.70  -63.62   -0.08
  206.30  -63.80  -63.62   -0.18
  206.00  -63.80  -63.62   -0.18
  205.70  -63.70  -63.62   -0.08
  205.40  -63.70  -63.62   -0.08
  205.10  -63.60  -63.62    0.02
  204.70  -63.70  -63.62   -0.08
  204.40  -63.70  -63.62   -0.08
  204.10  -63.70  -63.62   -0.08
  203.90  -63.80  -63.62   -0.18
  203.60  -63.80  -63.62   -0.18
  203.30  -63.90  -63.62   -0.28
  203.00  -64.00  -63.62   -0.38
  202.70  -64.10  -63.62   -0.48
  202.40  -64.10  -63.62   -0.48
  202.10  -64.10  -63.62   -0.48
  201.80  -64.10  -63.62   -0.48
  201.50  -64.20  -63.62   -0.58
  201.10  -64.20  -63.62   -0.58
  200.80  -64.20  -63.62   -0.58
  200.50  -64.20  -63.62   -0.58
  200.20  -64.20  -63.62   -0.58
  199.90  -64.30  -63.62   -0.68
  199.50  -64.40  -63.62   -0.78
  199.10  -64.50  -63.62   -0.88
  198.50  -64.50  -63.62   -0.88
  198.00  -64.30  -63.62   -0.68
  197.60  -64.30  -63.62   -0.68
  197.30  -64.40  -63.62   -0.78
  196.90  -64.50  -63.62   -0.88
  196.60  -64.50  -63.62   -0.88
  196.30  -64.50  -63.62   -0.88
  196.00  -64.40  -63.62   -0.78
  195.60  -64.30  -63.62   -0.68
  195.20  -64.20  -63.62   -0.58
  194.80  -64.10  -63.62   -0.48
  194.40  -64.00  -63.62   -0.38
  194.00  -64.00  -63.62   -0.38
  193.70  -64.00  -63.62   -0.38
  193.30  -63.90  -63.62   -0.28
  192.90  -63.70  -63.62   -0.08
  192.40  -63.60  -63.62    0.02
  191.80  -63.60  -63.62    0.02
  191.20  -63.60  -63.62    0.02
  190.60  -63.50  -63.62    0.12
  190.10  -63.60  -63.62    0.02
  189.70  -63.70  -63.62   -0.08
  189.40  -63.80  -63.62   -0.18
  189.10  -63.80  -63.62   -0.18
  188.70  -63.70  -63.62   -0.08
  188.40  -63.60  -63.62    0.02
  187.90  -63.70  -63.62   -0.08
  187.40  -63.90  -63.64   -0.26
  186.70  -64.00  -63.64   -0.36
  186.10  -64.10  -63.64   -0.46
  185.80  -64.10  -63.64   -0.46
  185.50  -64.20  -63.64   -0.56
  185.30  -64.30  -63.64   -0.66
  185.00  -64.40  -63.64   -0.76
  184.70  -64.40  -63.64   -0.76
  184.50  -64.40  -63.64   -0.76
  184.20  -64.40  -63.64   -0.76
  183.90  -64.30  -63.64   -0.66
  183.60  -64.20  -63.64   -0.56
  183.40  -64.30  -63.64   -0.66
  183.10  -64.30  -63.64   -0.66
  182.80  -64.20  -63.64   -0.56
  182.60  -64.10  -63.64   -0.46
  182.30  -63.90  -63.64   -0.26
  182.00  -63.80  -63.64   -0.16
  181.70  -63.80  -63.64   -0.16
  181.50  -63.70  -63.64   -0.06
  181.20  -63.80  -63.64   -0.16
  180.90  -63.90  -63.64   -0.26
  180.70  -63.90  -63.64   -0.26
  180.40  -63.90  -63.64   -0.26
  180.10  -64.00  -63.64   -0.36
  179.80  -64.00  -63.64   -0.36
  179.50  -64.10  -63.64   -0.46
  179.20  -64.20  -63.64   -0.56
  178.90  -64.30  -63.64   -0.66
  178.60  -64.30  -63.64   -0.66
  178.30  -64.20  -63.64   -0.56
  178.10  -64.10  -63.64   -0.46
  177.80  -64.10  -63.64   -0.46
  177.50  -64.00  -63.64   -0.36
  177.30  -63.90  -63.64   -0.26
  177.00  -63.70  -63.64   -0.06
  176.70  -63.50  -63.64    0.14
  176.50  -63.30  -63.64    0.34
  176.20  -63.20  -63.64    0.44
  175.90  -63.10  -63.64    0.54
  175.60  -63.10  -63.64    0.54
  175.30  -63.10  -63.64    0.54
  175.10  -63.00  -63.64    0.64
  174.80  -63.00  -63.64    0.64
  174.50  -62.90  -63.64    0.74
  174.20  -63.00  -63.64    0.64
  173.90  -62.90  -63.64    0.74
  173.70  -62.90  -63.64    0.74
  173.40  -62.90  -63.64    0.74
  173.10  -62.90  -63.64    0.74
  172.80  -63.00  -63.64    0.64
  172.50  -63.10  -63.64    0.54
  172.20  -63.10  -63.64    0.54
  171.90  -63.00  -63.64    0.64
  171.60  -62.90  -63.64    0.74
  171.30  -63.00  -63.64    0.64
  171.00  -63.10  -63.64    0.54
  170.70  -63.10  -63.64    0.54
  170.40  -63.10  -63.64    0.54
  170.10  -63.00  -63.64    0.64
  169.90  -62.90  -63.64    0.74
  169.60  -62.80  -63.64    0.84
  169.30  -62.60  -63.64    1.04
  169.10  -62.50  -63.64    1.14
  168.80  -62.40  -63.64    1.24
  168.50  -62.30  -63.64    1.34
  168.20  -62.10  -63.64    1.54
  167.80  -61.70  -63.64    1.94
  167.50  -61.20  -63.64    2.44
  167.20  -61.00  -63.64    2.64
  166.90  -60.90  -63.64    2.74
  166.60  -60.70  -63.64    2.94
  166.30  -60.60  -63.64    3.04
  166.10  -60.60  -63.64    3.04
  165.80  -60.50  -63.64    3.14
  165.60  -60.40  -63.64    3.24
  165.30  -60.30  -63.64    3.34
  165.00  -60.10  -63.64    3.54
  164.80  -60.00  -63.64    3.64
  164.50  -60.00  -63.64    3.64
  164.20  -60.00  -63.64    3.64
  164.00  -59.90  -63.64    3.74
  163.70  -59.90  -63.64    3.74
  163.40  -60.00  -63.64    3.64
  163.20  -60.00  -63.64    3.64
  162.90  -60.10  -63.64    3.54
  162.60  -60.20  -63.64    3.44
  162.40  -60.20  -59.88   -0.32
  162.10  -60.20  -59.88   -0.32
  161.80  -60.30  -59.88   -0.42
  161.50  -60.40  -59.88   -0.52
  161.30  -60.40  -59.88   -0.52
  161.00  -60.40  -59.88   -0.52
  160.80  -60.50  -59.88   -0.62
  160.50  -60.50  -59.88   -0.62
  160.30  -60.60  -59.88   -0.72
  160.00  -60.60  -59.88   -0.72
  159.80  -60.60  -59.88   -0.72
  159.50  -60.70  -59.88   -0.82
  159.30  -60.70  -59.88   -0.82
  159.00  -60.80  -59.88   -0.92
  158.70  -60.90  -59.88   -1.02
  158.50  -61.00  -59.88   -1.12
  158.20  -61.00  -59.88   -1.12
  158.00  -61.10  -59.88   -1.22
  157.70  -61.10  -59.88   -1.22
  157.50  -61.20  -59.88   -1.32
  157.30  -61.20  -59.88   -1.32
  157.00  -61.30  -59.88   -1.42
  156.80  -61.30  -59.88   -1.42
  156.60  -61.40  -59.88   -1.52
  156.30  -61.40  -59.88   -1.52
  156.00  -61.40  -59.88   -1.52
  155.80  -61.40  -59.88   -1.52
  155.60  -61.50  -59.88   -1.62
  155.30  -61.60  -59.88   -1.72
  155.10  -61.60  -59.88   -1.72
  154.90  -61.60  -59.88   -1.72
  154.60  -61.50  -59.88   -1.62
  154.40  -61.40  -59.88   -1.52
  154.10  -61.20  -59.88   -1.32
  153.90  -61.20  -59.88   -1.32
  153.70  -61.10  -59.88   -1.22
  153.40  -61.20  -59.88   -1.32
  153.20  -61.20  -59.88   -1.32
  153.00  -61.30  -59.88   -1.42
  152.70  -61.30  -59.88   -1.42
  152.50  -61.40  -59.88   -1.52
  152.30  -61.40  -59.88   -1.52
  152.00  -61.50  -59.88   -1.62
  151.80  -61.50  -59.88   -1.62
  151.60  -61.60  -59.88   -1.72
  151.30  -61.50  -59.88   -1.62
  151.10  -61.50  -59.88   -1.62
  150.90  -61.50  -59.88   -1.62
  150.70  -61.50  -59.88   -1.62
  150.50  -61.60  -59.88   -1.72
  150.20  -61.60  -59.88   -1.72
  150.00  -61.70  -59.88   -1.82
  149.80  -61.60  -59.88   -1.72
  149.50  -61.50  -59.88   -1.62
  149.30  -61.30  -59.88   -1.42
  149.10  -61.20  -59.88   -1.32
  148.90  -61.00  -59.88   -1.12
  148.70  -60.90  -59.88   -1.02
  148.50  -61.00  -59.88   -1.12
  148.20  -61.00  -59.88   -1.12
  148.00  -61.00  -59.88   -1.12
  147.80  -61.00  -59.88   -1.12
  147.50  -61.00  -59.88   -1.12
  147.30  -61.10  -59.88   -1.22
  147.10  -61.10  -59.88   -1.22
  146.90  -61.10  -59.88   -1.22
  146.70  -61.10  -59.88   -1.22
  146.50  -61.10  -59.88   -1.22
  146.30  -61.20  -59.88   -1.32
  146.00  -61.30  -59.88   -1.42
  145.80  -61.40  -59.88   -1.52
  145.60  -61.50  -59.88   -1.62
  145.40  -61.60  -59.88   -1.72
  145.20  -61.60  -59.88   -1.72
  144.90  -61.70  -59.88   -1.82
  144.70  -61.80  -59.88   -1.92
  144.50  -61.90  -59.88   -2.02
  144.20  -62.00  -59.88   -2.12
  144.00  -62.10  -59.88   -2.22
  143.80  -62.20  -59.88   -2.32
  143.60  -62.20  -59.88   -2.32
  143.40  -62.30  -59.88   -2.42
  143.10  -62.30  -59.88   -2.42
  142.90  -62.40  -59.88   -2.52
  142.70  -62.50  -59.88   -2.62
  142.50  -62.60  -59.88   -2.72
  142.30  -62.60  -59.88   -2.72
  142.00  -62.60  -59.88   -2.72
  141.80  -62.60  -59.88   -2.72
  141.60  -62.70  -59.88   -2.82
  141.40  -62.80  -59.88   -2.92
  141.10  -62.70  -59.88   -2.82
  140.90  -62.70  -59.88   -2.82
  140.80  -62.60  -59.88   -2.72
  140.50  -62.60  -59.88   -2.72
  140.30  -62.60  -59.88   -2.72
  140.10  -62.60  -59.88   -2.72
  139.90  -62.70  -59.88   -2.82
  139.70  -62.70  -59.88   -2.82
  139.40  -62.70  -59.88   -2.82
  139.20  -62.70  -59.88   -2.82
  139.00  -62.70  -59.88   -2.82
  138.80  -62.60  -59.88   -2.72
  138.60  -62.60  -59.88   -2.72
  138.40  -62.60  -59.88   -2.72
  138.20  -62.60  -59.88   -2.72
  138.00  -62.60  -59.88   -2.72
  137.80  -62.60  -59.88   -2.72
  137.60  -62.60  -59.88   -2.72
  137.30  -62.50  -59.99   -2.51
  137.10  -62.40  -59.99   -2.41
  136.90  -62.30  -59.99   -2.31
  136.70  -62.30  -59.99   -2.31
  136.40  -62.30  -59.99   -2.31
  136.20  -62.10  -59.99   -2.11
  136.00  -62.10  -59.99   -2.11
  135.80  -62.10  -59.99   -2.11
  135.60  -62.10  -59.99   -2.11
  135.40  -62.10  -59.99   -2.11
  135.20  -62.10  -59.99   -2.11
  135.00  -62.10  -59.99   -2.11
  134.80  -62.10  -59.99   -2.11
  134.60  -62.00  -59.99   -2.01
  134.40  -62.00  -59.99   -2.01
  134.20  -61.80  -59.99   -1.81
  134.00  -61.60  -59.99   -1.61
  133.80  -61.50  -59.99   -1.51
  133.60  -61.50  -59.99   -1.51
  133.40  -61.40  -59.99   -1.41
  133.20  -61.40  -59.99   -1.41
  133.00  -61.30  -59.99   -1.31
  132.80  -61.20  -59.99   -1.21
  132.60  -61.10  -59.99   -1.11
  132.40  -61.10  -59.99   -1.11
  132.20  -61.10  -59.99   -1.11
  132.00  -61.20  -59.99   -1.21
  131.80  -61.20  -59.99   -1.21
  131.60  -61.20  -59.99   -1.21
  131.40  -61.30  -59.99   -1.31
  131.20  -61.30  -59.99   -1.31
  131.00  -61.20  -59.99   -1.21
  130.80  -61.20  -59.99   -1.21
  130.60  -61.20  -59.99   -1.21
  130.40  -61.20  -59.99   -1.21
  130.20  -61.10  -59.99   -1.11
  130.00  -61.10  -59.99   -1.11
  129.90  -61.10  -59.99   -1.11
  129.70  -61.10  -59.99   -1.11
  129.50  -61.10  -59.99   -1.11
  129.30  -61.10  -59.99   -1.11
  129.10  -61.10  -59.99   -1.11
  128.90  -61.00  -59.99   -1.01
  128.80  -61.00  -59.99   -1.01
  128.60  -61.10  -59.99   -1.11
  128.40  -61.10  -59.99   -1.11
  128.20  -61.20  -59.99   -1.21
  128.00  -61.20  -59.99   -1.21
  127.90  -61.20  -59.99   -1.21
  127.70  -61.00  -59.99   -1.01
  127.50  -60.80  -59.99   -0.81
  127.30  -60.80  -59.99   -0.81
  127.10  -60.70  -59.99   -0.71
  127.00  -60.70  -59.99   -0.71
  126.80  -60.60  -59.99   -0.61
  126.60  -60.60  -59.99   -0.61
  126.50  -60.60  -59.99   -0.61
  126.30  -60.60  -59.99   -0.61
  126.10  -60.60  -59.99   -0.61
  125.90  -60.70  -59.99   -0.71
  125.70  -60.70  -59.99   -0.71
  125.60  -60.70  -59.99   -0.71
  125.40  -60.70  -59.99   -0.71
  125.20  -60.60  -59.99   -0.61
  125.00  -60.60  -59.99   -0.61
  124.80  -60.60  -59.99   -0.61
  124.60  -60.60  -59.99   -0.61
  124.50  -60.60  -59.99   -0.61
  124.30  -60.60  -59.99   -0.61
  124.10  -60.60  -59.99   -0.61
  123.90  -60.60  -59.99   -0.61
  123.80  -60.60  -59.99   -0.61
  123.60  -60.50  -59.99   -0.51
  123.40  -60.50  -59.99   -0.51
  123.20  -60.40  -59.99   -0.41
  123.10  -60.40  -59.99   -0.41
  122.90  -60.40  -59.99   -0.41
  122.70  -60.30  -59.99   -0.31
  122.50  -60.30  -59.99   -0.31
  122.30  -60.20  -59.99   -0.21
  122.20  -60.00  -59.99   -0.01
  122.00  -59.80  -59.99    0.19
  121.80  -59.70  -59.99    0.29
  121.60  -59.70  -59.99    0.29
  121.40  -59.60  -59.99    0.39
  121.20  -59.50  -59.99    0.49
  121.00  -59.60  -59.99    0.39
  120.80  -59.60  -59.99    0.39
  120.60  -59.60  -59.99    0.39
  120.40  -59.70  -59.99    0.29
  120.20  -59.70  -59.99    0.29
  120.00  -59.70  -59.99    0.29
  119.80  -59.60  -59.99    0.39
  119.60  -59.40  -59.99    0.59
  119.40  -59.30  -59.99    0.69
  119.20  -59.30  -59.99    0.69
  119.00  -59.30  -59.99    0.69
  118.80  -59.20  -59.99    0.79
  118.60  -59.30  -59.99    0.69
  118.40  -59.20  -59.99    0.79
  118.20  -59.20  -59.99    0.79
  118.00  -59.20  -59.99    0.79
  117.80  -59.20  -59.99    0.79
  117.60  -59.30  -59.99    0.69
  117.40  -59.40  -59.99    0.59
  117.20  -59.40  -59.99    0.59
  117.00  -59.40  -59.99    0.59
  116.80  -59.40  -59.99    0.59
  116.60  -59.30  -59.99    0.69
  116.40  -59.00  -59.99    0.99
  116.20  -58.70  -59.99    1.29
  116.00  -58.50  -59.99    1.49
  115.70  -58.30  -59.99    1.69
  115.50  -58.30  -59.99    1.69
  115.30  -58.20  -59.99    1.79
  115.10  -58.10  -59.99    1.89
  114.90  -58.00  -59.99    1.99
  114.70  -57.90  -59.99    2.09
  114.50  -57.70  -59.99    2.29
  114.30  -57.60  -59.99    2.39
  114.10  -57.50  -59.99    2.49
  113.90  -57.40  -59.99    2.59
  113.70  -57.40  -59.99    2.59
  113.50  -57.40  -59.99    2.59
  113.30  -57.40  -59.99    2.59
  113.10  -57.40  -59.99    2.59
  112.90  -57.30  -59.99    2.69
  112.80  -57.10  -59.99    2.89
  112.60  -56.80  -59.99    3.19
  112.40  -56.60  -59.52    2.92
  112.20  -56.50  -59.52    3.02
  112.00  -56.50  -59.52    3.02
  111.90  -56.60  -59.52    2.92
  111.70  -56.70  -59.52    2.82
  111.50  -56.70  -59.52    2.82
  111.30  -56.80  -59.52    2.72
  111.20  -56.90  -59.52    2.62
  111.00  -56.90  -59.52    2.62
  110.80  -56.80  -59.52    2.72
  110.60  -56.80  -59.52    2.72
  110.50  -56.70  -59.52    2.82
  110.30  -56.60  -59.52    2.92
  110.10  -56.50  -59.52    3.02
  109.90  -56.40  -59.52    3.12
  109.80  -56.50  -59.52    3.02
  109.60  -56.50  -59.52    3.02
  109.40  -56.60  -59.52    2.92
  109.30  -56.60  -59.52    2.92
  109.10  -56.70  -59.52    2.82
  108.90  -56.70  -59.52    2.82
  108.80  -56.80  -59.52    2.72
  108.60  -56.80  -59.52    2.72
  108.50  -56.90  -59.52    2.62
  108.30  -56.80  -59.52    2.72
  108.20  -56.70  -59.52    2.82
  108.00  -56.80  -59.52    2.72
  107.80  -56.80  -59.52    2.72
  107.70  -56.90  -59.52    2.62
  107.50  -56.80  -59.52    2.72
  107.30  -56.60  -59.52    2.92
  107.10  -56.40  -59.52    3.12
  107.00  -56.30  -59.52    3.22
  106.80  -56.30  -59.52    3.22
  106.60  -56.30  -59.52    3.22
  106.40  -56.20  -59.52    3.32
  106.20  -56.20  -59.52    3.32
  106.00  -56.30  -59.52    3.22
  105.80  -56.30  -59.52    3.22
  105.50  -56.20  -59.52    3.32
  105.30  -56.20  -59.52    3.32
  105.10  -56.30  -59.52    3.22
  104.80  -56.50  -59.52    3.02
  104.60  -56.50  -59.52    3.02
  104.40  -56.60  -59.52    2.92
  104.30  -56.60  -59.52    2.92
  104.00  -56.70  -59.52    2.82
  103.80  -56.80  -59.52    2.72
  103.60  -56.90  -59.52    2.62
  103.40  -57.00  -59.52    2.52
  103.20  -57.00  -59.52    2.52
  103.00  -57.10  -59.52    2.42
  102.80  -57.10  -59.52    2.42
  102.70  -57.20  -59.52    2.32
  102.50  -57.30  -59.52    2.22
  102.40  -57.40  -59.52    2.12
  102.20  -57.40  -59.52    2.12
  102.00  -57.40  -59.52    2.12
  101.90  -57.50  -59.52    2.02
  101.70  -57.60  -59.52    1.92
  101.50  -57.70  -59.52    1.82
  101.30  -57.80  -59.52    1.72
  101.20  -57.90  -59.52    1.62
  101.00  -58.00  -59.52    1.52
  100.80  -58.00  -59.52    1.52
  100.60  -58.00  -59.52    1.52
  100.50  -58.10  -59.52    1.42
  100.30  -58.10  -59.52    1.42
  100.10  -58.20  -59.52    1.32
  100.00  -58.20  -59.52    1.32
   99.80  -58.20  -59.52    1.32
   99.60  -58.30  -59.52    1.22
   99.40  -58.30  -59.52    1.22
   99.30  -58.40  -59.52    1.12
   99.10  -58.40  -59.52    1.12
   98.90  -58.40  -59.52    1.12
   98.80  -58.30  -59.52    1.22
   98.60  -58.00  -59.52    1.52
   98.40  -58.00  -59.52    1.52
   98.30  -58.00  -59.52    1.52
   98.10  -57.90  -59.52    1.62
   98.00  -58.00  -59.52    1.52
   97.80  -58.00  -59.52    1.52
   97.70  -58.00  -59.52    1.52
   97.50  -58.00  -59.52    1.52
   97.40  -57.90  -59.52    1.62
   97.30  -57.80  -59.52    1.72
   97.10  -57.90  -59.52    1.62
   97.00  -57.90  -59.52    1.62
   96.80  -57.90  -59.52    1.62
   96.70  -57.80  -59.52    1.72
   96.50  -57.70  -59.52    1.82
   96.40  -57.70  -59.52    1.82
   96.20  -57.80  -59.52    1.72
   96.10  -57.80  -59.52    1.72
   95.90  -57.80  -59.52    1.72
   95.80  -57.90  -59.52    1.62
   95.60  -57.90  -59.52    1.62
   95.50  -58.00  -59.52    1.52
   95.30  -58.10  -59.52    1.42
   95.10  -58.20  -59.52    1.32
   95.00  -58.30  -59.52    1.22
   94.80  -58.30  -59.52    1.22
   94.60  -58.30  -59.52    1.22
   94.50  -58.30  -59.52    1.22
   94.30  -58.40  -59.52    1.12
   94.20  -58.50  -59.52    1.02
   94.00  -58.50  -59.52    1.02
   93.90  -58.60  -59.52    0.92
   93.70  -58.70  -59.52    0.82
   93.50  -58.80  -59.52    0.72
   93.40  -58.90  -59.52    0.62
   93.30  -58.90  -59.52    0.62
   93.10  -59.00  -59.52    0.52
   92.90  -59.20  -59.52    0.32
   92.80  -59.30  -59.52    0.22
   92.60  -59.30  -59.52    0.22
   92.50  -59.40  -59.52    0.12
   92.30  -59.50  -59.52    0.02
   92.10  -59.60  -59.52   -0.08
   92.00  -59.70  -59.52   -0.18
   91.80  -59.80  -59.52   -0.28
   91.70  -59.90  -59.52   -0.38
   91.50  -60.00  -59.52   -0.48
   91.30  -60.10  -59.52   -0.58
   91.10  -60.20  -59.52   -0.68
   91.00  -60.30  -59.52   -0.78
   90.80  -60.40  -59.52   -0.88
   90.70  -60.50  -59.52   -0.98
   90.50  -60.60  -59.52   -1.08
   90.40  -60.70  -59.52   -1.18
   90.30  -60.70  -59.52   -1.18
   90.10  -60.80  -59.52   -1.28
   89.90  -60.90  -59.52   -1.38
   89.80  -60.90  -59.52   -1.38
   89.70  -60.90  -59.52   -1.38
   89.50  -60.90  -59.52   -1.38
   89.30  -61.00  -59.52   -1.48
   89.20  -61.00  -59.52   -1.48
   89.10  -61.10  -59.52   -1.58
   88.90  -61.20  -59.52   -1.68
   88.80  -61.20  -59.52   -1.68
   88.70  -61.20  -59.52   -1.68
   88.50  -61.30  -59.52   -1.78
   88.40  -61.30  -59.52   -1.78
   88.30  -61.20  -59.52   -1.68
   88.20  -61.10  -59.52   -1.58
   88.00  -61.20  -59.52   -1.68
   87.90  -61.10  -59.52   -1.58
   87.80  -61.10  -59.52   -1.58
   87.60  -61.10  -59.52   -1.58
   87.50  -61.00  -59.52   -1.48
   87.40  -61.00  -59.52   -1.48
   87.30  -61.00  -59.52   -1.48
   87.10  -61.00  -59.52   -1.48
   87.00  -61.10  -59.52   -1.58
   86.80  -61.10  -59.52   -1.58
   86.70  -61.20  -59.52   -1.68
   86.60  -61.20  -59.52   -1.68
   86.40  -61.30  -59.52   -1.78
   86.30  -61.20  -59.52   -1.68
   86.20  -61.20  -59.52   -1.68
   86.00  -61.20  -59.52   -1.68
   85.90  -61.20  -59.52   -1.68
   85.80  -61.30  -59.52   -1.78
   85.70  -61.30  -59.52   -1.78
   85.50  -61.40  -59.52   -1.88
   85.40  -61.50  -59.52   -1.98
   85.30  -61.40  -59.52   -1.88
   85.20  -61.40  -59.52   -1.88
   85.10  -61.40  -59.52   -1.88
   84.90  -61.40  -58.80   -2.60
   84.80  -61.50  -58.80   -2.70
   84.70  -61.50  -58.80   -2.70
   84.50  -61.60  -58.80   -2.80
   84.40  -61.70  -58.80   -2.90
   84.30  -61.70  -58.80   -2.90
   84.20  -61.80  -58.80   -3.00
   84.00  -61.80  -58.80   -3.00
   83.90  -61.80  -58.80   -3.00
   83.80  -61.90  -58.80   -3.10
   83.70  -62.00  -58.80   -3.20
   83.50  -62.00  -58.80   -3.20
   83.40  -62.00  -58.80   -3.20
   83.30  -62.00  -58.80   -3.20
   83.10  -62.00  -58.80   -3.20
   83.00  -62.00  -58.80   -3.20
   82.90  -61.80  -58.80   -3.00
   82.80  -61.70  -58.80   -2.90
   82.60  -61.70  -58.80   -2.90
   82.50  -61.60  -58.80   -2.80
   82.40  -61.50  -58.80   -2.70
   82.30  -61.60  -58.80   -2.80
   82.10  -61.70  -58.80   -2.90
   82.00  -61.80  -58.80   -3.00
   81.90  -61.90  -58.80   -3.10
   81.80  -61.90  -58.80   -3.10
   81.60  -62.00  -58.80   -3.20
   81.50  -61.70  -58.80   -2.90
   81.40  -61.70  -58.80   -2.90
   81.20  -61.80  -58.80   -3.00
   81.10  -61.80  -58.80   -3.00
   81.00  -61.80  -58.80   -3.00
   80.90  -61.90  -58.80   -3.10
   80.70  -61.90  -58.80   -3.10
   80.60  -62.00  -58.80   -3.20
   80.50  -62.10  -58.80   -3.30
   80.30  -62.10  -58.80   -3.30
   80.20  -62.20  -58.80   -3.40
   80.10  -62.20  -58.80   -3.40
   79.90  -62.10  -58.80   -3.30
   79.80  -62.00  -58.80   -3.20
   79.70  -62.00  -58.80   -3.20
   79.50  -62.00  -58.80   -3.20
   79.40  -62.00  -58.80   -3.20
   79.30  -62.00  -58.80   -3.20
   79.10  -62.10  -58.80   -3.30
   79.00  -61.90  -58.80   -3.10
   78.90  -61.60  -58.80   -2.80
   78.70  -60.90  -58.80   -2.10
   78.60  -60.20  -58.80   -1.40
   78.50  -59.80  -58.80   -1.00
   78.30  -59.60  -58.80   -0.80
   78.20  -59.40  -58.80   -0.60
   78.10  -59.40  -58.80   -0.60
   78.00  -59.40  -58.80   -0.60
   77.80  -59.40  -58.80   -0.60
   77.70  -59.30  -58.80   -0.50
   77.50  -59.10  -58.80   -0.30
   77.40  -58.90  -58.80   -0.10
   77.30  -58.70  -58.80    0.10
   77.10  -58.60  -58.80    0.20
   77.00  -58.50  -58.80    0.30
   76.90  -58.40  -58.80    0.40
   76.80  -58.30  -58.80    0.50
   76.60  -58.20  -58.80    0.60
   76.50  -58.00  -58.80    0.80
   76.40  -57.70  -58.80    1.10
   76.20  -57.50  -58.80    1.30
   76.10  -57.30  -58.80    1.50
   75.90  -57.10  -58.80    1.70
   75.80  -57.00  -58.80    1.80
   75.70  -57.00  -58.80    1.80
   75.50  -57.00  -58.80    1.80
   75.40  -56.90  -58.80    1.90
   75.30  -56.90  -58.80    1.90
   75.20  -56.80  -58.80    2.00
   75.00  -56.70  -58.80    2.10
   74.90  -56.70  -58.80    2.10
   74.70  -56.60  -58.80    2.20
   74.60  -56.60  -58.80    2.20
   74.50  -56.70  -58.80    2.10
   74.40  -56.70  -58.80    2.10
   74.20  -56.70  -58.80    2.10
   74.10  -56.70  -58.80    2.10
   74.00  -56.70  -58.80    2.10
   73.90  -56.60  -58.80    2.20
   73.70  -56.70  -58.80    2.10
   73.60  -56.80  -58.80    2.00
   73.50  -56.90  -58.80    1.90
   73.40  -56.90  -58.80    1.90
   73.30  -56.90  -58.80    1.90
   73.10  -56.90  -58.80    1.90
   73.00  -57.00  -58.80    1.80
   72.90  -57.20  -58.80    1.60
   72.70  -57.30  -58.80    1.50
   72.60  -57.30  -58.80    1.50
   72.50  -57.30  -58.80    1.50
   72.30  -57.40  -58.80    1.40
   72.20  -57.40  -58.80    1.40
   72.10  -57.50  -58.80    1.30
   72.00  -57.60  -58.80    1.20
   71.80  -57.60  -58.80    1.20
   71.70  -57.70  -58.80    1.10
   71.60  -57.80  -58.80    1.00
   71.50  -58.00  -58.80    0.80
   71.30  -58.00  -58.80    0.80
   71.20  -58.10  -58.80    0.70
   71.10  -58.10  -58.80    0.70
   71.00  -58.30  -58.80    0.50
   70.80  -58.40  -58.80    0.40
   70.70  -58.50  -58.80    0.30
   70.60  -58.50  -58.80    0.30
   70.50  -58.60  -58.80    0.20
   70.30  -58.80  -58.80    0.00
   70.20  -58.80  -58.80    0.00
   70.10  -58.90  -58.80   -0.10
   70.00  -59.00  -58.80   -0.20
   69.80  -59.10  -58.80   -0.30
   69.70  -59.10  -58.80   -0.30
   69.60  -59.20  -58.80   -0.40
   69.50  -59.30  -58.80   -0.50
   69.40  -59.50  -58.80   -0.70
   69.20  -59.60  -58.80   -0.80
   69.10  -59.60  -58.80   -0.80
   69.00  -59.70  -58.80   -0.90
   68.90  -59.80  -58.80   -1.00
   68.80  -59.90  -58.80   -1.10
   68.60  -59.90  -58.80   -1.10
   68.50  -60.00  -58.80   -1.20
   68.40  -60.10  -58.80   -1.30
   68.30  -60.20  -58.80   -1.40
   68.20  -60.20  -58.80   -1.40
   68.10  -60.30  -58.80   -1.50
   68.00  -60.40  -58.80   -1.60
   67.80  -60.40  -58.80   -1.60
   67.70  -60.50  -58.80   -1.70
   67.60  -60.40  -58.80   -1.60
   67.50  -60.30  -58.80   -1.50
   67.40  -60.40  -58.80   -1.60
   67.20  -60.40  -58.80   -1.60
   67.10  -60.40  -58.80   -1.60
   67.00  -60.40  -58.80   -1.60
   66.90  -60.40  -58.80   -1.60
   66.80  -60.40  -58.80   -1.60
   66.70  -60.50  -58.80   -1.70
   66.60  -60.60  -58.80   -1.80
   66.50  -60.70  -58.80   -1.90
   66.30  -60.70  -58.80   -1.90
   66.20  -60.80  -58.80   -2.00
   66.10  -60.80  -58.80   -2.00
   66.00  -60.90  -58.80   -2.10
   65.90  -60.90  -58.80   -2.10
   65.80  -61.00  -58.80   -2.20
   65.70  -61.00  -58.80   -2.20
   65.60  -61.10  -58.80   -2.30
   65.40  -61.20  -58.80   -2.40
   65.30  -61.20  -58.80   -2.40
   65.20  -61.30  -58.80   -2.50
   65.10  -61.30  -58.80   -2.50
   65.00  -61.30  -58.80   -2.50
   64.90  -61.30  -58.80   -2.50
   64.80  -61.40  -58.80   -2.60
   64.70  -61.40  -58.80   -2.60
   64.50  -61.50  -58.80   -2.70
   64.40  -61.60  -58.80   -2.80
   64.30  -61.60  -58.80   -2.80
   64.20  -61.60  -58.80   -2.80
   64.10  -61.40  -58.80   -2.60
   64.00  -61.20  -58.80   -2.40
   63.90  -61.10  -58.80   -2.30
   63.80  -61.10  -58.80   -2.30
   63.70  -61.00  -58.80   -2.20
   63.60  -61.00  -58.80   -2.20
   63.40  -61.00  -58.80   -2.20
   63.30  -61.00  -58.80   -2.20
   63.20  -61.00  -58.80   -2.20
   63.10  -60.90  -58.80   -2.10
   63.00  -60.70  -58.80   -1.90
   62.90  -60.60  -58.80   -1.80
   62.80  -60.60  -58.80   -1.80
   62.70  -60.60  -58.80   -1.80
   62.60  -60.50  -58.80   -1.70
   62.50  -60.50  -58.80   -1.70
   62.30  -60.50  -58.80   -1.70
   62.20  -60.60  -58.80   -1.80
   62.10  -60.60  -58.80   -1.80
   62.00  -60.70  -58.80   -1.90
   61.90  -60.80  -58.80   -2.00
   61.80  -61.00  -58.80   -2.20
   61.70  -61.10  -58.80   -2.30
   61.60  -61.20  -58.80   -2.40
   61.50  -61.20  -58.80   -2.40
   61.40  -61.30  -58.80   -2.50
   61.30  -61.40  -58.80   -2.60
   61.20  -61.50  -58.80   -2.70
   61.00  -61.60  -58.80   -2.80
   60.90  -61.60  -58.80   -2.80
   60.80  -61.70  -58.80   -2.90
   60.70  -61.70  -58.80   -2.90
   60.70  -61.60  -58.80   -2.80
   60.60  -61.60  -58.80   -2.80
   60.50  -61.40  -58.80   -2.60
   60.40  -61.10  -58.80   -2.30
   60.30  -60.50  -58.80   -1.70
   60.20  -60.20  -58.80   -1.40
   60.10  -60.10  -58.80   -1.30
   60.00  -60.00  -60.05    0.05
   59.90  -60.00  -60.05    0.05
   59.80  -59.80  -60.05    0.25
   59.70  -59.70  -60.05    0.35
   59.60  -59.60  -60.05    0.45
   59.50  -59.40  -60.05    0.65
   59.40  -59.40  -60.05    0.65
   59.30  -59.30  -60.05    0.75
   59.20  -59.30  -60.05    0.75
   59.10  -59.30  -60.05    0.75
   59.00  -59.30  -60.05    0.75
   58.90  -59.20  -60.05    0.85
   58.80  -59.10  -60.05    0.95
   58.80  -59.00  -60.05    1.05
   58.70  -58.90  -60.05    1.15
   58.60  -59.00  -60.05    1.05
   58.50  -59.10  -60.05    0.95
   58.40  -59.10  -60.05    0.95
   58.30  -58.90  -60.05    1.15
   58.20  -58.90  -60.05    1.15
   58.10  -59.00  -60.05    1.05
   58.00  -59.10  -60.05    0.95
   57.90  -59.10  -60.05    0.95
   57.80  -59.10  -60.05    0.95
   57.70  -59.10  -60.05    0.95
   57.70  -59.20  -60.05    0.85
   57.60  -59.20  -60.05    0.85
   57.50  -59.30  -60.05    0.75
   57.40  -59.40  -60.05    0.65
   57.30  -59.40  -60.05    0.65
   57.20  -59.40  -60.05    0.65
   57.10  -59.40  -60.05    0.65
   57.00  -59.50  -60.05    0.55
   56.90  -59.50  -60.05    0.55
   56.80  -59.50  -60.05    0.55
   56.70  -59.60  -60.05    0.45
   56.60  -59.60  -60.05    0.45
   56.50  -59.60  -60.05    0.45
   56.40  -59.70  -60.05    0.35
   56.30  -59.70  -60.05    0.35
   56.20  -59.80  -60.05    0.25
   56.10  -59.90  -60.05    0.15
   56.00  -59.90  -60.05    0.15
   55.90  -60.00  -60.05    0.05
   55.80  -60.10  -60.05   -0.05
   55.80  -60.30  -60.05   -0.25
   55.70  -60.30  -60.05   -0.25
   55.60  -60.40  -60.05   -0.35
   55.50  -60.50  -60.05   -0.45
   55.40  -60.50  -60.05   -0.45
   55.30  -60.60  -60.05   -0.55
   55.20  -60.80  -60.05   -0.75
   55.10  -60.90  -60.05   -0.85
   55.00  -60.90  -60.05   -0.85
   54.90  -61.00  -60.05   -0.95
   54.80  -61.10  -60.05   -1.05
   54.70  -61.10  -60.05   -1.05
   54.60  -61.20  -60.05   -1.15
   54.60  -61.30  -60.05   -1.25
   54.50  -61.40  -60.05   -1.35
   54.40  -61.50  -60.05   -1.45
   54.30  -61.50  -60.05   -1.45
   54.20  -61.60  -60.05   -1.55
   54.10  -61.70  -60.05   -1.65
   54.00  -61.70  -60.05   -1.65
   53.90  -61.70  -60.05   -1.65
   53.80  -61.60  -60.05   -1.55
   53.70  -61.60  -60.05   -1.55
   53.60  -61.70  -60.05   -1.65
   53.50  -61.70  -60.05   -1.65
   53.40  -61.60  -60.05   -1.55
   53.30  -61.70  -60.05   -1.65
   53.20  -61.70  -60.05   -1.65
   53.10  -61.80  -60.05   -1.75
   53.00  -61.70  -60.05   -1.65
   52.90  -61.70  -60.05   -1.65
   52.80  -61.80  -60.05   -1.75
   52.80  -61.80  -60.05   -1.75
   52.70  -61.70  -60.05   -1.65
   52.60  -61.50  -60.05   -1.45
   52.50  -61.30  -60.05   -1.25
   52.40  -61.00  -60.05   -0.95
   52.30  -60.70  -60.05   -0.65
   52.20  -60.50  -60.05   -0.45
   52.10  -60.30  -60.05   -0.25
   52.00  -60.20  -60.05   -0.15
   52.00  -60.20  -60.05   -0.15
   51.90  -60.20  -60.05   -0.15
   51.80  -60.20  -60.05   -0.15
   51.70  -60.10  -60.05   -0.05
   51.60  -59.90  -60.05    0.15
   51.60  -59.90  -60.05    0.15
   51.50  -60.00  -60.05    0.05
   51.40  -59.90  -60.05    0.15
   51.30  -60.00  -60.05    0.05
   51.20  -59.90  -60.05    0.15
   51.10  -59.90  -60.05    0.15
   51.10  -60.00  -60.05    0.05
   51.00  -60.00  -60.05    0.05
   50.90  -59.80  -60.05    0.25
   50.80  -59.60  -60.05    0.45
   50.70  -59.50  -60.05    0.55
   50.70  -59.50  -60.05    0.55
   50.60  -59.50  -60.05    0.55
   50.50  -59.50  -60.05    0.55
   50.40  -59.50  -60.05    0.55
   50.30  -59.60  -60.05    0.45
   50.20  -59.60  -60.05    0.45
   50.20  -59.60  -60.05    0.45
   50.10  -59.60  -60.05    0.45
   50.00  -59.80  -60.05    0.25
   49.90  -59.80  -60.05    0.25
   49.90  -59.90  -60.05    0.15
   49.80  -60.00  -60.05    0.05
   49.70  -59.90  -60.05    0.15
   49.60  -59.90  -60.05    0.15
   49.50  -59.80  -60.05    0.25
   49.50  -59.80  -60.05    0.25
   49.40  -59.80  -60.05    0.25
   49.30  -59.90  -60.05    0.15
   49.20  -60.00  -60.05    0.05
   49.20  -60.00  -60.05    0.05
   49.10  -60.00  -60.05    0.05
   49.00  -59.80  -60.05    0.25
   48.90  -59.60  -60.05    0.45
