# 1995-09-20 11:02

# Pressure # O3PartialPressure # Temperature # WindSpeed # WindDirection # LevelCode # Duration # GPHeight # RelativeHumidity # SampleTemperature 
 939.83  3.750   18.0    1.2    180      2      0    640     49   25.2
 888.08  4.000   11.3    1.5    220      0     88   1117     56   25.6
 843.49  3.970    7.4    1.6    332      0    176   1545     65   26.1
 810.58  4.110    5.3    5.4      5      0    266   1871     67   26.6
 765.57  3.880    2.4    6.7     35      0    356   2336     75   26.9
 720.24  3.690   -1.2    6.9     39      0    446   2826     87   27.1
 679.92  3.620   -2.2    7.7     36      2    536   3285     72   27.5
 643.11  3.450   -5.4    8.9     30      0    626   3725     74   27.6
 607.99  3.390   -7.6    9.8     25      0    716   4163     66   27.6
 573.25  3.250  -11.2   10.8     20      0    806   4618     70   27.6
 540.89  3.140  -13.5   11.3    360      0    896   5063     64   27.5
 509.48  2.950  -16.4   10.8      8      0    986   5515     62   27.4
 480.49  2.870  -19.2   10.1      3      0   1074   5954     53   27.3
 450.61  2.690  -22.3    7.8    360      0   1164   6429     40   27.1
 422.89  2.590  -26.3    7.1      7      0   1254   6891     44   26.9
 395.53  2.340  -30.7    7.3     13      0   1342   7370     50   26.6
 368.22  2.280  -34.7    8.1     21      0   1432   7874     48   26.5
 342.89  2.180  -39.3    8.9     22      0   1522   8367     50   26.0
 320.00  2.040  -43.1   10.7     31      0   1612   8836     38   25.8
 297.47  1.880  -47.1   11.7     43      0   1700   9324     36   25.1
 276.39  1.860  -51.3   11.7     50      0   1790   9805     37   24.8
 255.93  2.140  -54.5   11.2     46      0   1880  10301     32   24.5
 234.51  2.910  -57.0    8.8     17      0   1970  10856     29   23.9
 215.73  6.230  -52.3    8.5    321      0   2060  11392     14   23.4
 198.54  4.500  -49.4   10.5    290      0   2148  11931      6   22.8
 182.37  5.740  -51.5   13.8    281      0   2238  12484      4   22.5
 168.13  2.820  -52.1   12.6    276      0   2328  13010      3   21.7
 154.63  2.830  -53.1   12.0    265      0   2418  13552      3   21.4
 142.80  2.920  -55.2   10.7    271      0   2506  14061      2   20.8
 131.62  2.850  -56.1    8.3    270      0   2596  14580      2   20.2
 121.10  5.650  -56.7    9.8    259      0   2686  15109      2   19.9
 111.13  6.630  -58.6    8.2    263      0   2776  15652      2   19.6
 102.33  6.550  -58.6    6.5    255      0   2866  16171      2   19.2
  94.31  6.650  -57.7    5.8    237      0   2954  16684      2   18.8
  86.44  7.370  -57.5    6.4    241      0   3044  17234      2   18.5
  79.46  8.210  -58.3    6.2    236      0   3134  17765      2   18.0
  72.84  8.510  -58.9    6.7    225      0   3224  18311      1   17.6
  66.42  8.070  -57.7    7.6    229      0   3314  18892      1   17.2
  60.82 10.430  -54.0    6.7    224      0   3404  19455      1   16.7
  55.68 10.150  -56.6    6.5    235      0   3494  20019      1   16.3
  50.67 10.240  -56.8    2.9    302      0   3584  20617      1   15.8
  46.51 10.600  -55.7    1.6     64      0   3672  21161      1   15.4
  42.29 11.110  -54.6    4.5    187      0   3762  21767      1   15.0
  38.41 11.910  -53.1    5.9    196      0   3852  22386      1   14.7
  34.78 12.280  -53.9    3.4    216      0   3942  23023      1   14.5
  31.62 12.680  -52.0    0.9    291      2   4032  23636      1   14.3
  28.71 12.540  -51.9    2.9      2      0   4120  24261      1   14.2
  25.90 12.860  -49.3    3.4     96      0   4210  24928      1   14.2
  23.32 12.610  -49.2    3.4    135      0   4300  25620      1   14.1
  20.81 12.120  -49.3    5.6    159      0   4390  26366      1   14.2
  18.76 12.030  -48.4    5.9    202      0   4478  27047      1   14.3
  16.83 11.010  -47.8    8.3    232      0   4568  27762      1   14.4
  15.07 10.080  -46.8   11.0    257      0   4658  28493      2   14.5
  13.42  9.440  -45.1    8.7    239      0   4748  29263      1   14.6
  11.96  8.890  -42.6   10.8    132      0   4838  30040      1   14.7
  10.67  8.090  -41.9   12.1    212      0   4928  30810      1   14.7
   9.49  7.350  -42.7    8.7    264      0   5016  31604      2   14.7
   8.41  6.560  -42.1    6.9    257      0   5106  32420      2   14.6
