# 1995-07-05 12:55

# Pressure # O3PartialPressure # Temperature # WindSpeed # WindDirection # LevelCode # Duration # GPHeight # RelativeHumidity # SampleTemperature 
 943.97  3.930   25.4    1.8    180      2      0    640     40   31.8
 877.52  4.970   16.4    2.6    339      0     88   1268     33   32.2
 806.83  4.940    9.5    2.3     75      0    176   1974     48   32.6
 759.24  5.350    8.2    1.5     58      0    266   2474      9   32.6
 721.30  4.950    7.1    2.0    319      0    356   2896      2   33.2
 683.58  4.340    5.2    3.7    302      0    444   3335      3   33.2
 646.73  4.660    2.7    3.6    317      0    534   3785      1   33.0
 609.33  4.780   -0.5    3.5    337      0    624   4264      8   32.9
 572.69  4.090   -3.5    3.3      4      0    714   4756      7   33.0
 540.62  4.550   -6.2    3.1    350      0    804   5209     13   32.8
 507.00  3.940   -9.8    3.6    334      0    894   5708     17   32.4
 475.94  3.910  -14.1    6.3    326      0    982   6191     20   32.2
 447.21  3.600  -17.4    8.9    312      0   1072   6661     18   32.1
 420.11  3.610  -21.1    7.3    308      0   1162   7125     15   31.7
 394.08  3.590  -25.1    7.4    307      0   1250   7593     17   31.3
 368.94  3.400  -29.1    6.3    310      0   1340   8068     13   30.7
 343.47  3.260  -33.2    6.3    313      0   1430   8575      7   29.8
 317.97  3.070  -37.4    6.9    302      0   1520   9112      6   29.4
 296.67  3.180  -41.3    8.8    293      0   1608   9587      7   28.8
 273.77  2.940  -45.5    8.7    297      0   1698  10128      8   28.1
 252.71  3.420  -49.4    8.4    294      0   1788  10657      9   27.3
 233.14  3.290  -53.5    7.6    293      0   1878  11179     11   26.6
 215.26  3.200  -56.9    7.2    290      0   1968  11689     11   25.6
 198.64  3.260  -60.3    9.3    286      0   2056  12194     11   24.7
 182.06  3.270  -62.3   10.2    279      0   2146  12733     12   23.9
 167.97  5.440  -61.3    9.7    285      0   2236  13231     10   23.1
 155.16  6.120  -59.6   10.0    283      0   2326  13726      5   22.2
 143.36  7.320  -59.8   10.1    269      0   2414  14221      1   21.3
 132.58  5.810  -56.9    8.6    269      0   2504  14713      1   20.5
 122.98  5.580  -56.8    9.6    265      0   2594  15189      1   19.8
 113.74  6.100  -57.7    8.0    256      0   2684  15683      1   19.3
 105.27  5.630  -58.8    7.7    262      0   2774  16171      1   18.8
  97.55  6.300  -59.7    6.5    262      0   2862  16647      1   18.5
  90.68  6.550  -59.4    4.6    248      0   2952  17103      1   18.0
  84.21  6.840  -61.1    3.9    228      2   3042  17563      1   17.6
  78.17  6.380  -58.3    3.3    223      0   3132  18029      1   17.2
  72.47  6.630  -59.9    2.7    220      0   3222  18503      1   16.8
  67.27  5.940  -58.5    2.7    162      0   3310  18969      1   16.4
  62.35  6.420  -59.4    2.8    171      0   3400  19445      1   16.0
  57.51  7.860  -57.1    2.7    189      0   3490  19953      1   15.6
  53.09  9.870  -55.2    2.0     96      0   3580  20461      1   15.3
  49.47 11.700  -53.2    6.0     88      0   3668  20914      1   15.0
  45.69 11.610  -54.0    6.1    102      0   3758  21424      1   14.7
  42.24 12.400  -53.0    8.2    100      0   3848  21928      1   14.4
  39.20 12.710  -51.8    8.6    107      0   3938  22411      1   14.2
  36.04 13.290  -52.5    8.3    115      0   4028  22955      1   14.0
  33.17 13.290  -51.1    6.5    106      0   4118  23493      1   13.8
  30.65 13.120  -51.7    5.6     98      0   4208  24007      1   13.6
  28.33 13.200  -50.8    7.7    105      0   4296  24517      1   13.5
  25.92 13.090  -49.7    7.6     99      0   4386  25096      1   13.3
  23.79 12.880  -48.1    8.8     81      2   4476  25660      1   13.2
  21.90 12.050  -48.7   13.1     93      0   4566  26204      1   13.2
  20.00 11.320  -48.7   12.5     99      3   4655  26801      1   13.1
  18.29 11.210  -45.8    9.7     84      0   4744  27390      1   13.0
  16.86 10.700  -45.3   10.8     83      0   4834  27931      1   12.9
  15.45  9.880  -44.3    9.0     88      0   4924  28519      1   13.0
  14.16  9.460  -44.3   10.2     86      0   5014  29101      1   12.9
  13.10  8.880  -42.3   12.8     79      0   5104  29625      1   12.9
  12.00  8.290  -40.1   14.3     73      0   5194  30223      1   12.8
  10.91  7.620  -37.5   15.9     79      0   5284  30875      1   12.7
  10.06  7.020  -36.5   14.0     88      0   5374  31439      1   12.7
   9.30  6.500  -36.1   12.8     95      0   5462  31977      1   12.6
