# 1995-02-28 11:21

# Pressure # O3PartialPressure # Temperature # WindSpeed # WindDirection # LevelCode # Duration # GPHeight # RelativeHumidity # SampleTemperature 
 947.67  3.010    8.0   10.0    130      2      0    640     25   22.8
 909.36  3.480    2.9    9.3     60      0     88    976     35   23.2
 880.74  3.740    0.3   10.4     69      0    178   1234     40   23.4
 847.41  3.580   -2.6   10.5     72      0    266   1541     47   23.7
 801.92  3.290   -6.4    9.8     85      0    356   1975     59   23.6
 761.10  3.930   -7.0    9.8     84      0    446   2383     24   23.9
 726.78  3.990   -4.9   12.6     85      0    536   2744      2   23.9
 691.81  3.730   -5.9   16.0    101      0    624   3131     10   23.8
 657.07  3.550   -8.9   16.4    101      0    714   3532     29   23.8
 624.84  3.270  -11.6   17.1     95      0    804   3919     17   23.6
 595.21  3.280  -13.0   18.8     96      0    894   4290     10   23.8
 565.74  3.000  -15.9   18.8     96      0    984   4675     10   23.5
 539.04  3.600  -18.0   21.9     84      0   1074   5038      8   23.4
 512.85  3.710  -19.8   27.2     73      0   1164   5408      8   23.0
 487.46  3.680  -22.4   29.6     70      0   1254   5783      8   22.8
 458.93  3.280  -25.4   36.1     69      0   1344   6223     10   22.5
 434.72  2.380  -26.5   43.4     66      0   1434   6616     12   22.2
 410.88  1.880  -29.2   43.2     63      0   1524   7021     10   21.7
 388.54  1.720  -33.2   42.2     57      0   1612   7417     16   21.4
 370.57  1.690  -35.0   42.0     53      0   1702   7749     13   20.9
 352.82  1.680  -37.1   40.9     49      0   1792   8089     12   20.4
 333.80  1.680  -39.8   39.3     47      0   1882   8470      8   19.9
 314.11  1.490  -42.8   40.2     51      0   1972   8882      5   19.5
 295.73  1.960  -44.6   40.0     57      0   2060   9288      6   19.0
 277.54  1.760  -48.4   40.5     62      0   2150   9709      8   18.7
 259.52  1.140  -52.4   41.1     61      0   2240  10147     11   18.2
 243.50  1.120  -55.6   40.5     57      0   2330  10556     11   17.6
 228.47  0.960  -59.0   39.9     59      0   2420  10959     12   17.1
 214.31  1.330  -61.5   36.2     56      0   2510  11357     13   16.4
 200.89  1.560  -63.0   34.4     49      0   2600  11756     12   15.9
 185.56  3.470  -60.4   29.2     53      0   2688  12248      9   15.1
 172.08  4.820  -63.3   20.8     54      0   2778  12715      6   14.4
 160.24  7.010  -57.5   16.9     51      0   2868  13157      4   14.0
 149.61  7.670  -59.0   15.3     63      0   2956  13589      2   13.2
 138.30  9.730  -58.9   12.9     74      0   3046  14083      1   12.9
 127.94 10.980  -57.9    7.9     80      0   3136  14572      1   12.5
 117.98  7.960  -59.7    5.3     44      0   3226  15082      1   12.0
 109.27  7.000  -60.0    7.0     42      0   3316  15561      1   11.8
 101.38  7.710  -60.5    7.0     52      0   3406  16028      1   11.5
  93.69  8.330  -59.1    3.1    106      0   3494  16521      1   11.1
  86.59  8.850  -59.9    3.8    131      0   3584  17015      1   10.8
  80.02 10.120  -61.6    4.7    124      0   3674  17505      1   10.5
  73.92 10.900  -62.2    2.3    220      0   3764  17995      1   10.2
  68.06 11.500  -62.8    1.4    124      0   3852  18503      1    9.9
  62.51 13.790  -62.7    2.5     93      0   3942  19027      1    9.7
  57.41 13.770  -62.8    2.6    128      0   4032  19550      1    9.5
  52.74 13.410  -62.7    1.5    207      0   4122  20073      1    9.3
  48.62 13.140  -62.6    3.0    292      0   4210  20575      1    9.1
  44.38 13.950  -61.9    2.2     75      0   4300  21138      1    8.8
  40.64 13.850  -63.0    3.3    128      0   4390  21681      1    8.6
  37.02 14.340  -60.7    2.2    244      0   4480  22259      1    8.4
  33.92 15.500  -59.4    5.4    135      0   4570  22806      1    8.2
  31.09 14.310  -58.2    5.8    146      0   4660  23351      1    8.0
  28.35 13.920  -57.7    3.2    169      0   4748  23933      1    7.9
  25.78 12.900  -58.4    2.5    127      2   4838  24531      1    7.9
  23.76 12.050  -58.8    3.1    157      0   4928  25042      1    7.8
  21.53 11.480  -57.9    2.0    136      0   5018  25662      1    7.8
  19.26  9.880  -60.3    2.0    193      2   5106  26362      1    7.8
  17.59 10.230  -59.5    4.5    259      0   5196  26928      1    7.8
  15.92  8.950  -57.3    2.2    230      0   5286  27554      1    nan
  14.24  8.280  -55.2    7.2    238      0   5378  28261      1    nan
  12.96  7.700  -53.1    8.0    206      0   5470  28868      1    7.7
  11.78  7.140  -52.6   12.2    231      0   5560  29482      1    7.7
  10.56  6.970  -51.2   18.0    253      0   5650  30187      1    7.7
   9.50  6.330  -51.5   20.1    241      0   5738  30878      1    7.6
