# 1995-01-04 14:17

# Pressure # O3PartialPressure # Temperature # WindSpeed # WindDirection # LevelCode # Duration # GPHeight # RelativeHumidity # SampleTemperature 
 944.66  1.780    8.5    1.5    300      2      0    640     50   20.4
 902.29  3.060    4.4    2.7    291      0     88   1016     56   20.7
 863.28  3.530    2.8    1.0    303      0    178   1374     54   21.1
 825.16  3.600   -0.3    0.9    273      0    266   1738     64   21.5
 786.80  3.640   -2.0    2.8    333      0    356   2118     66   21.8
 744.92  3.490   -4.8    8.2      1      0    446   2550     79   22.0
 708.90  3.400   -5.8   14.4      3      0    536   2939     77   22.2
 676.44  3.280   -8.2   19.8      3      0    626   3305     78   22.3
 644.68  3.380  -10.5   21.1      5      0    716   3677     69   22.7
 613.06  3.450  -13.4   21.0      3      0    806   4062     75   22.5
 588.71  3.180  -15.0   20.4    358      0    896   4369     71   22.6
 560.52  3.010  -17.3   20.1    355      0    986   4739     70   22.6
 531.59  2.830  -20.3   20.5    355      0   1076   5134     71   22.7
 503.92  2.730  -23.3   22.5    350      0   1166   5527     71   22.7
 480.25  2.690  -25.7   25.0    348      0   1254   5878     67   22.5
 458.49  2.680  -27.3   27.2    356      0   1344   6213     59   22.6
 436.53  2.610  -29.4   31.4    360      0   1434   6565     55   22.1
 415.63  2.430  -31.7   35.0      2      0   1524   6914     53   21.6
 394.95  2.260  -34.4   38.5      2      0   1614   7272     55   21.3
 373.57  2.100  -37.5   40.9      4      0   1704   7659     51   20.2
 350.16  1.950  -40.7   45.6      3      0   1794   8103     49   19.9
 331.69  1.920  -43.8   48.3      4      0   1884   8469     47   19.3
 312.58  1.800  -46.4   50.2      6      0   1974   8865     48   18.8
 298.42  1.810  -48.8   51.8      6      0   2064   9172     39   18.6
 284.68  1.700  -51.7   51.1     13      0   2154   9479     35   17.8
 271.51  1.650  -54.2   50.0     13      0   2244   9785     30   17.2
 258.19  2.220  -55.1   50.1      5      0   2334  10106     25   16.9
 248.55  2.460  -56.5   50.2      5      0   2422  10348     20   16.5
 232.12  3.410  -55.7   46.6     14      0   2512  10785     12   15.7
 218.22  4.580  -56.5   34.2     24      0   2602  11177      8   15.6
 206.25  5.400  -57.5   25.6     16      0   2692  11533      4   15.3
 194.75  5.990  -57.5   25.2    346      0   2780  11896      2   14.8
 185.47  7.540  -54.3   29.4    336      0   2870  12205      1   14.5
 178.15  7.940  -54.1   30.7    337      0   2960  12463      1   14.1
 169.41  8.850  -53.0   30.0    341      0   3050  12787      1   14.0
 161.49  8.580  -53.1   26.4    346      0   3140  13095      1   13.9
 155.69  8.880  -52.6   25.3    344      0   3230  13331      1   13.8
 149.10  9.860  -52.2   21.4    341      0   3318  13611      1   13.6
 140.38 12.070  -53.4   16.7    333      0   3408  14000      1   13.4
 133.13  8.670  -54.5   15.9    321      0   3498  14340      1   13.4
 126.48  3.630  -55.6   18.9    320      0   3588  14667      1   13.3
 120.60  2.950  -57.2   20.6    324      0   3678  14969      1   12.9
 113.93  3.030  -58.8   19.0    331      0   3768  15327      1   12.7
 108.55  4.970  -59.5   18.0    336      0   3858  15630      1   12.6
 104.80  6.160  -60.0   18.0    335      0   3948  15850      1   12.1
 100.20  4.150  -58.4   19.7    335      0   4038  16132      1   11.9
  93.76  4.860  -60.0   18.5    338      0   4126  16549      1   11.6
  88.47  6.410  -61.2   14.2    333      2   4216  16910      1   11.2
  83.33  5.590  -63.6   13.9    317      0   4306  17279      1   10.8
  78.84  6.740  -64.0   16.2    316      0   4396  17619      1   10.4
  75.65  8.280  -63.6   15.7    323      0   4486  17871      1   10.1
  71.11  9.630  -62.8   13.2    318      0   4576  18253      1    9.8
  66.78 10.320  -63.7   10.2    307      0   4664  18639      1    9.5
  63.60 10.980  -62.0    6.9    301      0   4754  18940      1    9.2
  59.91 10.930  -65.0    8.1    308      0   4844  19307      1    8.9
  56.62 11.000  -64.3    8.9    328      0   4934  19652      1    8.5
  53.40 11.240  -65.4    7.0    335      0   5024  20009      1    8.2
  50.50 10.390  -64.4    9.1    320      0   5114  20349      1    7.8
  47.88 12.250  -62.2    9.7    322      0   5202  20676      1    7.4
  45.18 12.700  -62.4    8.0    332      0   5292  21036      1    7.1
  42.57 12.370  -64.1    7.8    336      0   5382  21401      1    6.7
  40.20 13.590  -64.2    4.8    330      0   5472  21752      1    6.4
  37.99 11.370  -63.5    3.6    317      0   5562  22099      1    6.2
  35.86 11.000  -62.9    5.0    296      0   5652  22454      1    5.9
  33.70 10.830  -63.1    6.2    292      0   5742  22836      1    5.7
  31.61 12.130  -62.0    5.8    290      0   5832  23230      1    5.5
  29.79 14.240  -60.4    5.9    271      0   5920  23599      1    5.3
  27.93 13.380  -60.5    7.5    267      0   6010  24000      1    5.2
  26.29 13.280  -59.0    9.7    277      0   6100  24379      1    5.0
  24.88 12.760  -59.0   10.9    287      0   6190  24726      1    4.9
  23.41 12.100  -59.9    9.3    292      0   6280  25105      1    4.7
  21.78 11.810  -59.8   10.5    283      0   6370  25557      1    4.6
  20.38 11.160  -60.5   13.4    284      0   6460  25972      1    4.4
  19.27 10.810  -58.3   14.3    287      0   6548  26320      1    4.3
  17.99 10.330  -57.3   15.1    286      0   6638  26754      1    4.2
  16.96  9.830  -54.6   12.7    288      0   6728  27131      1    4.1
  16.00  9.200  -53.5   11.6    275      0   6818  27502      1    3.9
  14.92  8.530  -51.2   16.4    273      0   6908  27957      1    3.8
  13.87  8.420  -49.6   18.3    277      0   6998  28429      1    2.7
  13.07  7.800  -48.5   22.4    275      0   7088  28817      1    2.1
  12.32  7.790  -46.1   26.9    282      0   7178  29210      1    2.1
