# 1995-04-28 10:46

# Pressure # O3PartialPressure # Temperature # WindSpeed # WindDirection # LevelCode # Duration # GPHeight # RelativeHumidity # SampleTemperature 
 933.20  2.340   12.0    0.0      0      2      0    640     70   25.6
 889.60  3.460    8.4    2.5    244      0     90   1038     72   26.2
 847.62  3.640    5.0    3.3    244      0    178   1436     83   26.9
 807.82  3.730    2.5    4.7    252      0    268   1827     80   27.3
 770.07  3.560   -0.1    4.8    264      0    358   2212     86   27.9
 733.02  3.460   -1.8    4.2    274      0    448   2606     89   28.2
 697.57  3.300   -3.9    5.6    271      0    536   2999     76   28.4
 661.58  3.170   -6.0    4.9    289      0    626   3416     76   28.8
 626.22  3.200   -8.0    2.7    320      0    716   3844     62   28.9
 592.46  2.940  -11.2    3.7    309      0    806   4272     60   29.0
 561.61  3.030  -14.7    7.5    302      0    896   4680     67   29.1
 532.50  3.000  -16.4    7.1    320      0    986   5082     34   29.2
 504.90  3.710  -19.2    7.7    318      0   1076   5480     26   29.2
 478.38  3.290  -22.1    9.4    330      0   1164   5879     25   29.2
 451.49  3.150  -25.8   10.9    334      0   1254   6301     16   29.2
 424.86  3.070  -29.6   12.1    337      0   1344   6738     15   29.0
 400.29  2.790  -33.5   13.9    335      0   1434   7160     16   28.8
 376.50  2.610  -37.3   17.9    333      0   1522   7586     16   28.6
 352.39  2.150  -40.9   22.2    335      0   1612   8040     26   28.4
 329.91  1.620  -44.5   28.7    329      0   1702   8485     31   28.1
 309.24  5.300  -43.8   39.6    328      0   1792   8917     20   27.7
 290.30  6.490  -44.5   46.5    332      0   1880   9341      6   27.3
 270.78  6.790  -46.1   45.4    338      0   1970   9805      4   26.9
 253.57  6.990  -46.7   44.3    337      0   2060  10240      2   26.5
 234.51  4.980  -49.4   45.2    331      0   2148  10756      2   26.1
 216.20  5.900  -53.0   43.4    331      0   2238  11284      2   25.6
 199.81  6.000  -54.7   40.1    331      0   2326  11790      2   25.2
 185.61  8.260  -56.4   34.8    329      0   2416  12260      1   24.4
 170.61  8.120  -55.6   32.0    325      0   2506  12795      1   24.0
 157.60  7.850  -56.3   30.3    321      0   2596  13300      1   23.7
 145.12  8.360  -56.9   32.2    321      0   2684  13823      1   23.2
 133.33  8.320  -58.9   29.5    328      0   2774  14357      1   22.7
 122.68  9.880  -58.8   25.9    327      0   2864  14881      1   22.2
 113.13  9.830  -58.6   23.1    322      0   2954  15391      1   21.6
 104.45  9.820  -58.1   17.7    323      0   3044  15892      1   21.2
  96.36 11.930  -58.1   13.0    323      0   3132  16398      1   20.8
  90.08 12.780  -58.7   11.8    316      0   3222  16822      1   20.3
  84.11 13.310  -59.5   10.8    310      0   3312  17252      1   20.0
  78.46 13.400  -60.1    8.4    304      0   3402  17686      1   19.7
  73.25 11.790  -59.1    5.6    312      0   3492  18115      1   19.5
  68.41 10.380  -58.6    5.2    308      0   3580  18545      1   19.4
  63.86 11.270  -58.4    4.5    303      0   3670  18977      1   19.2
  59.69 12.590  -57.6    4.7    294      0   3760  19403      1   19.0
  55.54 12.790  -56.5    2.8    308      0   3850  19859      1   18.8
  51.37 12.130  -57.3    0.8    110      0   3940  20354      1   18.6
  47.67 12.250  -57.1    1.2    151      0   4028  20828      1   18.5
  44.26 10.620  -58.9    2.3     41      0   4118  21295      1   18.4
  40.87 11.760  -57.7    3.9     24      0   4208  21797      1   18.2
  37.83 12.820  -56.8    3.6     36      0   4298  22287      1   18.1
  35.31 12.720  -55.9    2.5     72      0   4388  22724      1   18.0
  32.38 12.870  -54.5    4.0    119      0   4478  23276      1   17.9
  29.73 12.000  -55.6    3.0    132      0   4566  23821      1   17.7
  27.41 11.560  -55.1    0.9    119      0   4656  24340      1   17.6
  25.21 11.470  -51.9    1.5    335      0   4746  24880      1   17.5
  23.14 10.800  -51.6    2.7     73      0   4836  25434      1   17.4
  21.36 10.070  -52.4    1.3     80      0   4926  25952      1   17.4
  19.59  9.830  -50.8    2.2    108      0   5014  26512      1   17.3
  17.84  9.320  -49.5    4.2    133      0   5104  27124      1   17.2
  16.49  9.050  -47.0    3.3    270      0   5194  27644      1   17.1
  15.16  8.440  -47.0    3.0    198      0   5284  28201      1   17.0
  13.80  7.960  -47.0    7.4    137      0   5374  28823      1   16.8
  12.56  7.530  -43.1    6.4    202      0   5464  29450      1   16.7
  11.49  6.900  -41.4    7.9    216      0   5554  30053      1   16.6
  10.60  6.400  -39.9    5.1    211      0   5644  30603      1   16.4
   9.64  5.820  -37.1    4.4    288      0   5732  31255      1    nan
   8.69  5.200  -36.5    2.2    321      0   5824  31969      1   16.0
   7.91  4.610  -35.2    2.7    130      0   5914  32622      1   15.7
   7.20  4.050  -34.5    1.8    170      0   6004  33283      1   15.3
   6.53  3.420  -33.2    3.2    235      0   6094  33962      1   14.9
   5.97  3.010  -28.3   10.9    249      0   6184  34601      1    nan
   5.43  2.720  -24.7   12.4    246      0   6276  35286      1    nan
