# 1996-02-28 11:49

# Pressure # O3PartialPressure # Temperature # WindSpeed # WindDirection # LevelCode # Duration # GPHeight # RelativeHumidity # SampleTemperature 
 941.90  0.760    8.0    1.0    225      2      0    640     40   24.6
 897.67  0.940    2.9    2.9    111      0     88   1032     51   24.3
 849.48  3.200    0.5    2.1    121      0    176   1477     54   24.5
 800.94  3.530   -2.1    3.1    268      0    266   1947     62   24.7
 756.84  3.290   -4.9    4.0    270      0    356   2394     67   24.9
 712.55  3.350   -6.5    3.6    245      0    446   2866     49   24.8
 667.42  3.310   -9.4    2.5    235      0    534   3374      7   24.6
 625.00  3.220  -12.9    2.2    219      0    624   3878     12   24.8
 587.56  2.850  -16.1    2.1    206      0    714   4345     35   24.9
 552.90  2.820  -19.7    3.3    230      0    804   4800     12   24.6
 518.14  2.690  -22.8    4.6    220      0    894   5279     46   24.6
 485.09  2.560  -27.1    6.3    235      0    982   5758     32   24.3
 453.48  2.430  -31.2    7.1    233      0   1072   6239     51   24.0
 423.31  2.320  -34.6    8.1    240      0   1162   6723     58   23.7
 396.40  1.970  -37.6    7.1    248      0   1250   7180     48   23.4
 368.67  1.760  -42.0    6.4    241      0   1340   7675     41   23.1
 344.48  1.680  -46.0   10.4    251      0   1430   8130     40   22.7
 319.61  1.580  -50.5    9.7    236      0   1520   8624     46   22.3
 298.49  1.510  -54.3   10.6    235      0   1608   9065     44   21.9
 277.68  2.100  -57.4   10.0    233      0   1698   9525     36   21.2
 257.82  3.400  -58.3    8.2    243      0   1788   9992     28   20.7
 239.55  4.450  -58.9    6.5    257      0   1876  10454     20   20.0
 222.20  4.990  -56.4    4.1    245      0   1966  10927     14   19.6
 204.70  7.280  -52.7    3.8    266      0   2056  11453      7   19.0
 189.87  9.410  -51.2    5.6    293      0   2144  11940      3   18.4
 175.94 10.080  -51.2    5.1    307      0   2234  12435      1   17.7
 163.92 11.380  -50.3    5.9    310      0   2324  12896      1   17.1
 152.19  8.050  -50.5    7.6    321      0   2414  13380      1   16.7
 141.31  6.690  -51.2    7.8    335      0   2502  13863      1   16.1
 131.10  7.310  -51.9    7.2    340      0   2592  14349      1   15.7
 122.32  8.020  -53.1    6.0    348      0   2682  14797      1   15.2
 114.41  8.420  -54.9    6.3    343      0   2772  15226      1   14.8
 106.43  9.240  -54.9    5.9    337      0   2862  15687      1   14.3
  99.25  9.600  -55.1    8.4    306      0   2950  16134      1    nan
  92.22  8.190  -56.6    3.4    317      0   3042  16602      1   13.4
  85.69  7.900  -57.2    7.4    302      0   3132  17067      1   13.0
  79.87 10.730  -57.1   10.8    302      0   3222  17511      1   12.5
  74.23 12.640  -56.5    6.5    339      0   3312  17975      1   11.9
  68.68 13.880  -56.7    2.3     54      0   3402  18468      1   11.3
  63.94 17.620  -56.0    3.7    184      2   3492  18922      1   10.8
  59.76 11.680  -55.2    8.4    283      2   3582  19353      1   10.3
  55.85 13.300  -55.1   11.2    292      0   3672  19785      1    9.9
  51.88 14.950  -55.4    7.5    294      0   3762  20255      1    9.6
  48.45 15.930  -54.8    4.4    283      0   3850  20691      1    9.3
  45.11 16.610  -54.7    2.6    243      0   3940  21147      1    9.1
  41.54 16.050  -55.0    5.3    260      0   4030  21674      1    9.0
  38.43 16.540  -52.9   10.6    252      0   4120  22173      1    8.9
  35.58 16.000  -54.1   13.9    227      0   4210  22669      1    8.9
  32.68 15.150  -55.0   17.0    237      2   4300  23212      1    8.8
  30.10 15.130  -54.1   19.7    244      0   4390  23738      1    8.8
  27.99 14.350  -54.4   22.0    243      0   4478  24205      1    8.8
  25.69 13.660  -55.4   22.5    238      0   4568  24752      1    8.7
  23.29 12.940  -56.4   22.8    241      0   4658  25375      1    8.6
  21.24 11.970  -58.5   24.8    236      0   4748  25961      1    8.5
  19.45 10.930  -58.5   29.2    242      0   4836  26511      1    8.4
  17.67 11.130  -57.0   48.8    261      0   4926  27116      1    8.3
  15.97 10.310  -56.7   29.3    247      0   5016  27758      1    8.2
  14.48  9.380  -56.2   24.2    239      0   5106  28377      1    8.1
  12.94  8.980  -55.8   21.1    252      0   5196  29090      1    8.0
  11.56  8.020  -54.0   29.7    301      0   5286  29811      1    7.9
  10.30  6.950  -53.6   24.3    246      0   5376  30555      1    7.8
   9.32  6.120  -54.2   24.8    245      0   5464  31197      1    7.8
   8.40  5.930  -49.9   21.6    250      0   5554  31866      1    7.8
   7.48  5.230  -49.8   17.6    248      0   5644  32623      1    7.6
   6.69  4.860  -45.0   17.3    245      0   5734  33360      1    7.5
   5.89  4.330  -42.9   21.6    250      0   5824  34216      1    7.4
   5.25  3.810  -38.8   22.0    242      0   5914  35002      1    7.4
   4.70  3.450  -36.8   24.4    246      0   6004  35753      1    7.3
