# 1996-03-06 11:19

# Pressure # O3PartialPressure # Temperature # WindSpeed # WindDirection # LevelCode # Duration # GPHeight # RelativeHumidity # SampleTemperature 
 937.31  2.920    9.0    3.4    114      2      0    640     40   24.7
 887.86  3.080    3.7    5.6     95      0     90   1084     60   24.4
 831.83  2.810   -1.4    6.7     87      0    178   1608     82   24.3
 775.54  3.180   -4.3    8.5     93      0    268   2162     37   24.4
 734.09  4.060   -1.2    6.9     99      0    358   2600     13   24.4
 695.36  4.000   -3.3    3.3     97      0    446   3030      9   24.7
 653.55  3.630   -7.4    2.5    109      0    536   3517     31   24.3
 618.92  3.830   -9.9    2.8    121      0    626   3938     14   24.5
 582.84  3.590  -13.6    2.6    118      0    716   4398     13   24.3
 547.53  3.360  -17.1    2.4    120      0    806   4869      7   24.0
 514.99  2.990  -19.4    1.2    148      0    896   5327     18   24.1
 483.67  2.800  -23.2    2.4    268      0    984   5789     29   23.4
 454.25  2.580  -25.8    7.4    269      0   1074   6246     67   23.2
 424.65  2.720  -29.0   12.1    269      0   1164   6731     32   23.1
 398.53  2.210  -32.9   12.8    263      0   1254   7181     50   22.6
 372.56  2.380  -37.0   11.7    267      0   1344   7651     54   22.2
 346.42  2.120  -41.0   10.5    281      0   1434   8150     57   21.6
 321.88  1.470  -44.5    7.7    286      0   1524   8646     29   20.6
 298.42  1.420  -49.1    5.8    274      0   1612   9148     26   20.3
 275.11  1.300  -53.1    6.4    259      0   1702   9676     32   19.3
 253.82  1.470  -56.9    6.3    247      0   1792  10190     30   19.1
 234.06  2.620  -59.0    6.3    246      0   1880  10700     26   18.4
 216.41  5.100  -58.7    8.0    262      0   1970  11190     18   17.7
 199.61  7.270  -55.8    8.1    262      0   2058  11700      9   17.5
 185.47  9.780  -55.5    7.2    260      0   2148  12168      2   16.7
 172.71  9.000  -55.2    6.6    265      0   2238  12622      1   16.4
 160.12  8.620  -55.2    6.2    279      0   2328  13105      1   15.9
 148.56 10.270  -57.3    5.7    268      0   2416  13581      1   15.0
 137.70  6.220  -56.2    6.0    261      0   2506  14062      1   14.4
 127.60  4.190  -58.9    6.5    254      0   2596  14543      1   13.7
 119.11  3.940  -59.8    6.4    238      0   2686  14974      1   13.1
 110.59  4.520  -59.9    7.2    249      0   2776  15437      1   12.9
 102.38  5.760  -61.3    8.8    259      0   2866  15917      1   12.6
  94.59  9.220  -61.8    8.9    267      0   2956  16408      1   11.7
  87.57  9.190  -62.4    8.1    297      0   3046  16884      1    6.4
  80.49  9.960  -62.1    6.9    316      0   3136  17404      1    6.0
  74.05  8.200  -64.6    5.4    314      0   3226  17918      1    6.1
  68.73  8.450  -64.7    6.1    305      0   3314  18373      1    8.6
  62.93  9.560  -64.7    8.0    306      0   3404  18910      1    9.8
  57.98 12.630  -64.7    9.9    308      0   3494  19412      1    9.5
  53.49 13.350  -65.4   10.8    324      0   3584  19902      1    9.2
  49.64 13.890  -65.4    9.6    331      0   3672  20357      1    8.8
  45.62 13.740  -67.5    8.0    317      0   3762  20870      1    8.4
  41.95 13.120  -69.5   10.9    320      2   3852  21372      1    7.9
  38.52 12.340  -67.7   15.5    315      0   3942  21885      1    7.5
  35.36 13.140  -69.7   19.3    315      0   4032  22396      1    7.2
  32.48 12.700  -69.5   23.2    328      0   4122  22902      1    6.9
  29.92 12.800  -65.5   25.8    334      0   4210  23398      1    6.8
  27.39 12.580  -63.4   27.8    331      0   4300  23938      1    6.7
  25.13 12.090  -61.7   29.6    330      0   4390  24467      1    6.6
  22.96 11.630  -62.3   30.7    332      0   4480  25026      1    6.6
  20.90 10.880  -61.9   30.3    334      0   4570  25606      1    6.7
  19.19  9.600  -61.5   29.0    335      0   4658  26134      1    6.8
  17.42  8.330  -61.6   29.9    329      0   4748  26734      1    6.9
  15.72  7.720  -60.3   30.9    323      0   4838  27371      1    7.1
  14.33  7.610  -56.6   33.0    319      0   4928  27953      1    7.2
  12.97  7.400  -54.7   35.7    317      0   5018  28590      1    7.4
  11.85  6.900  -53.7   31.2    321      0   5108  29172      1    7.6
  10.88  6.540  -48.7   25.4    316      0   5198  29726      1    7.8
   9.94  6.040  -44.9   26.9    296      0   5286  30323      1    7.9
   9.06  5.570  -44.4   31.0    285      0   5376  30942      1    8.0
   8.34  5.070  -42.7   29.5    284      0   5466  31505      1    7.9
   7.62  4.710  -39.6   30.4    290      0   5556  32115      1    7.9
   6.95  4.330  -34.8   33.4    292      0   5646  32748      1    7.9
