# 1996-07-24 11:04

# Pressure # O3PartialPressure # Temperature # WindSpeed # WindDirection # LevelCode # Duration # GPHeight # RelativeHumidity # SampleTemperature 
 942.82  3.320   29.0    3.3    308      2      0    640     30   31.3
 888.30  4.120   23.3   11.9    254      0     88   1163     33   31.4
 840.61  3.150   20.6   17.3    240      0    176   1642     33   31.6
 798.99  2.930   17.5   19.5    231      0    266   2078     37   31.8
 763.71  2.740   14.2   19.6    231      0    356   2462     41   31.9
 730.52  2.650   11.1   19.6    235      0    446   2835     48   31.8
 689.78  2.400    6.8   17.4    229      0    536   3310     60   31.7
 647.67  2.180    2.6   16.9    205      0    626   3824     72   31.4
 603.99  1.960   -2.2   18.0    190      0    716   4385     87   31.1
 570.04  1.820   -5.0   19.8    188      0    806   4842     94   30.7
 540.49  1.920   -7.5   23.1    190      0    896   5259     92   30.3
 513.10  1.790   -9.1   21.3    191      0    986   5663     90   29.8
 485.80  1.740  -12.1   22.1    201      0   1074   6084     86   29.5
 458.82  1.620  -14.5   22.7    211      0   1164   6519     81   29.2
 422.89  1.500  -19.0   22.3    221      0   1254   7133     79   28.8
 391.97  1.720  -23.4   22.1    229      0   1342   7693     66   28.5
 361.72  1.600  -28.0   21.7    231      0   1432   8275     56   28.0
 333.96  1.710  -32.7   22.2    227      0   1522   8842     62   27.4
 309.77  1.730  -37.3   21.8    224      0   1612   9367     56   26.9
 285.03  1.470  -42.3   23.4    222      0   1700   9935     52   26.0
 262.07  1.080  -47.8   30.5    225      0   1790  10496     49   25.3
 240.19  2.000  -49.3   37.4    226      0   1880  11069     30   24.5
 222.25  3.010  -48.1   40.1    226      0   1970  11578     20   23.7
 204.95  1.840  -49.8   38.1    216      0   2060  12112     18   22.9
 189.82  1.880  -52.0   34.1    216      0   2148  12611     14   22.1
 173.85  1.580  -55.9   31.2    221      0   2238  13175     14   21.4
 160.83  1.600  -57.0   28.9    216      0   2328  13669     13   20.7
 149.43  1.740  -58.2   27.7    217      0   2418  14133     13   20.0
 139.56  1.840  -59.5   24.5    215      0   2508  14563     15   19.5
 130.24  1.870  -62.4   22.0    234      0   2598  14992     13   19.0
 120.78  2.350  -62.9   19.4    243      0   2688  15457     13   18.6
 109.89  2.720  -64.9   10.3    234      0   2778  16035     11   18.1
 101.63  3.100  -63.5    7.4    199      0   2868  16511     12   17.6
  94.61  4.120  -64.1    5.8    202      0   2958  16950     12   17.2
  87.61  4.650  -64.4    4.8    201      0   3048  17420     14   16.8
  81.22  4.400  -63.6    2.6    198      0   3138  17883     15   16.4
  75.58  6.370  -63.0    2.4    135      0   3228  18324     15   16.0
  70.12  7.080  -62.1    3.3    135      0   3318  18787     18   15.7
  64.73  7.860  -60.8    3.8    107      0   3408  19283     19   15.4
  60.13  8.260  -58.7    5.4    105      0   3498  19745     21   15.2
  55.87  9.980  -57.4    5.8    120      0   3588  20208     23   15.0
  51.76  9.910  -58.3    8.1    140      0   3678  20689     21   14.9
  47.87 10.050  -57.3    7.8    137      0   3768  21182     24   14.8
  44.17 10.990  -56.2    9.7    116      0   3858  21691     24   14.8
  40.56 10.810  -56.5    9.2    111      0   3948  22232     23   14.8
  37.53 11.020  -56.4    9.8    109      0   4038  22724     24   14.8
  34.85 11.630  -54.5    8.7     97      0   4128  23198     28   14.7
  32.10 11.430  -53.6   10.3     81      0   4218  23723     28   14.6
  29.45 12.460  -53.6   13.2     89      0   4306  24278     25   14.4
  27.08 12.670  -52.6   13.2     94      0   4396  24818     25   14.1
  24.97 11.750  -51.4   12.0     81      0   4486  25344     23   13.8
  22.93 12.780  -50.4   17.2     91      0   4576  25898     21   13.5
  21.06 12.390  -49.5   19.3     99      0   4666  26454     19   13.1
  19.44 12.240  -48.8   16.9     92      0   4754  26980     16   12.7
  17.80 11.900  -45.8   20.0     92      0   4844  27562     13   12.2
  16.25 11.290  -45.0   22.5     93      0   4934  28172     10   11.7
  14.86 10.270  -43.9   20.9     81      0   5024  28771      7   11.0
  13.63  9.640  -41.7   18.6     43      0   5114  29354      1   10.4
  12.38  8.930  -40.7   19.5      3      0   5204  30006      1    9.9
  11.38  7.990  -40.1   23.7     96      0   5294  30579      1    9.4
  10.40  7.550  -38.0   20.7     99      0   5384  31193      2    9.0
