# 1996-07-17 11:12

# Pressure # O3PartialPressure # Temperature # WindSpeed # WindDirection # LevelCode # Duration # GPHeight # RelativeHumidity # SampleTemperature 
 942.13  5.480   27.0    0.0      0      2      0    640     25   30.4
 885.70  6.510   21.0    3.0    308      0     88   1179     33   30.5
 838.77  7.010   16.8    3.3    325      0    176   1646     41   30.8
 803.69  6.310   15.3    4.5     82      0    266   2010     36   31.3
 766.88  6.210   11.8    5.9     29      0    356   2404     41   31.4
 727.49  6.080    7.8    9.8     59      0    446   2842     53   31.5
 688.94  5.460    4.0    8.8     58      0    534   3288     46   31.5
 651.48  4.990    0.8    9.2     54      0    624   3740     58   31.3
 617.56  4.500   -2.0    8.1     60      0    714   4167     16   31.0
 584.84  4.660   -4.6    6.1     60      0    804   4597      9   30.8
 552.36  4.890   -6.5    6.4     79      0    894   5045      9   30.2
 522.84  4.020   -9.7    8.1     56      0    984   5471     35   29.8
 495.98  3.990  -10.6    8.6     54      0   1072   5878     19   29.6
 467.19  3.780  -13.1    9.8     76      0   1162   6336     26   29.3
 439.63  3.350  -16.7    9.2     61      0   1252   6796     24   28.6
 412.79  3.160  -20.7    9.7     76      0   1342   7265     25   28.4
 389.59  3.000  -24.2   12.7     88      0   1430   7690     20   27.7
 367.15  2.910  -27.6   11.8     80      0   1520   8120     20   26.9
 345.16  3.450  -30.7    8.8     60      0   1610   8561     18   26.3
 323.29  2.460  -34.9   10.8     81      0   1700   9021     20   25.6
 302.15  3.040  -39.0   13.3     84      0   1790   9489     19   24.8
 282.74  2.540  -41.4   20.6     80      0   1878   9941     10   23.9
 264.32  2.610  -44.6   26.3     85      0   1968  10396     14   23.2
 247.15  2.750  -47.5   27.1     79      0   2056  10842     18   22.2
 229.70  2.960  -50.5   27.6     76      0   2146  11323     17   21.3
 211.40  3.110  -53.7   27.4     80      0   2236  11860     17   20.4
 196.14  1.930  -55.8   20.2     76      0   2324  12338     10   19.4
 180.16  3.170  -58.7   16.8     57      0   2414  12874      6   18.5
 165.57  4.560  -56.9   13.7     35      0   2504  13407      3   17.7
 151.93  3.810  -58.9    8.5     51      0   2594  13949      2   17.0
 139.29  4.780  -59.5    6.7     72      0   2682  14493      1   16.0
 127.32  4.010  -59.0    4.5      7      0   2772  15058      1   15.3
 115.81  3.310  -61.8    4.1      4      0   2862  15647      1   14.1
 106.14  3.950  -60.1    4.2    264      0   2952  16189      1   13.4
  96.39  4.610  -61.9    8.2    233      0   3040  16788      1   12.6
  88.00  4.940  -62.8    2.0    336      0   3130  17349      1   11.6
  80.18  4.790  -63.8    2.0     93      0   3220  17921      1   10.9
  74.25  5.270  -62.5    2.7    111      0   3310  18395      1   10.6
  68.73  6.260  -61.3    1.4    115      0   3398  18871      1    9.8
  63.46  8.080  -60.0    2.6     58      0   3488  19368      1    9.3
  58.42  8.780  -60.2    3.1     30      0   3578  19884      1    8.8
  53.71  9.380  -60.0    3.9    101      0   3668  20407      1    8.0
  49.31 10.610  -57.9    7.1     89      0   3756  20943      1    7.4
  45.31 10.670  -57.0   12.0     27      0   3846  21478      1    7.0
  41.75 11.050  -56.3   17.6     96      0   3936  21996      1    6.7
  38.29 12.490  -53.9   12.5    358      0   4026  22548      1    6.5
  34.83 12.610  -53.8    4.6    322      0   4116  23157      1    6.5
  31.89 12.930  -51.9    6.3     62      0   4206  23728      1    6.5
  29.09 12.780  -52.1    6.0     54      0   4296  24323      1    6.5
  26.54 11.990  -52.3    5.9     74      0   4386  24914      1    6.6
  24.26 12.690  -50.6    nan    nan      0   4476  25499      1    6.7
  21.96 12.800  -50.8    nan    nan      0   4566  26147      1    6.8
  19.98 12.790  -48.8    nan    nan      0   4654  26765      1    7.0
  18.24 11.800  -47.9    nan    nan      0   4744  27364      1    7.0
  16.55 11.450  -45.9    nan    nan      0   4834  28008      1    7.2
  14.84 10.790  -44.3    nan    nan      0   4924  28737      1    7.5
  13.36 10.300  -42.2    nan    nan      0   5014  29443      1    7.7
  12.11  9.380  -40.4    nan    nan      0   5104  30107      1    7.9
  10.93  8.550  -40.2    nan    nan      0   5194  30806      1    7.9
   9.86  7.780  -38.8    nan    nan      0   5282  31511      1    8.0
