# 1997-04-09 11:10

# Pressure # O3PartialPressure # Temperature # WindSpeed # WindDirection # LevelCode # Duration # GPHeight # RelativeHumidity # SampleTemperature 
 950.68  3.940   14.6    2.0     26      2      0    631     75   23.7
 900.97  4.050    8.5    9.5    101      0     88   1079     64   23.8
 841.23  3.500    3.3    4.4     94      0    176   1641     88   23.9
 795.49  4.130    1.5    6.5    101      0    266   2092     83   24.0
 750.77  4.030   -0.1    6.2     95      0    356   2558     85   24.1
 707.69  3.850   -3.2    5.2     97      0    446   3028     94   24.0
 663.52  3.520   -6.7    5.9    129      0    534   3536     94   24.1
 623.01  3.310   -7.9    6.5    147      0    624   4028     81   23.9
 585.55  3.050  -11.0    4.4    150      0    714   4507     86   24.1
 548.47  3.000  -14.1    3.4    166      0    804   5007     79   23.4
 513.35  2.890  -16.9    7.2    129      0    894   5507     63   23.5
 481.78  2.780  -20.6    7.2    127      0    982   5980     64   22.5
 453.14  2.530  -23.9    6.9    133      0   1072   6431     62   22.5
 424.76  2.530  -27.0    7.0    145      0   1162   6900     44   22.4
 397.85  2.360  -31.0    8.7    143      0   1250   7368     40   22.0
 371.75  2.130  -35.1   11.5    140      0   1340   7845     35   21.7
 345.83  2.250  -39.3   12.7    141      0   1430   8344     33   20.2
 320.47  2.150  -43.6   14.3    141      0   1520   8861     30   19.9
 297.62  1.970  -47.7   17.6    139      0   1608   9353     27   19.4
 275.11  2.150  -51.7   23.2    139      0   1698   9867     30   18.7
 254.38  1.480  -55.7   28.2    135      0   1788  10370     35   17.7
 234.97  1.780  -59.8   29.4    133      0   1876  10871     33   17.3
 216.57  4.710  -61.3   21.6    138      0   1966  11376     32   16.5
 202.02  9.320  -55.9   10.4    148      0   2056  11813     11   15.3
 188.71  8.720  -53.9    5.0    140      0   2144  12249      2   14.9
 175.69  7.690  -55.1    3.7    169      0   2234  12708      1   13.7
 164.32  5.590  -54.2    3.6    220      0   2324  13135      1   12.6
 154.33  5.470  -54.0    3.7    262      0   2414  13537      1   12.0
 145.29  4.360  -54.6    6.1    271      0   2502  13924      1   11.0
 136.26  4.920  -54.9    5.8    268      2   2592  14335      1   10.0
 127.75  3.430  -56.2    6.1    269      0   2682  14746      1    9.5
 119.90  3.920  -56.5    8.4    277      0   2772  15149      1    8.9
 112.41  5.520  -57.0    9.6    285      0   2862  15558      1    8.4
 105.16  4.580  -58.0    8.5    290      0   2952  15979      1    7.9
  98.55  4.630  -58.0   11.4    291      0   3040  16388      1    7.3
  91.97  4.720  -59.5    9.3    306      0   3130  16822      1    6.7
  85.50  5.580  -61.5    6.9    318      0   3220  17276      1    6.3
  79.42  8.090  -61.1    7.0    328      0   3310  17734      1    5.8
  73.85  9.180  -61.5    4.7    353      0   3400  18185      1    5.2
  68.90 10.660  -62.0    1.8    348      0   3488  18614      1    4.6
  64.25 12.000  -61.0    2.1    296      0   3578  19047      1    4.1
  59.75 13.070  -60.7    5.0    309      0   3668  19499      1    3.6
  55.55 11.960  -61.8    5.2    329      0   3758  19951      1    3.2
  51.62 12.420  -61.7    4.4    319      0   3848  20407      1    2.6
  47.87 13.340  -61.6    6.5    315      0   3938  20874      1    1.9
  44.43 13.360  -60.9    6.4    329      0   4028  21336      1    1.4
  41.25 14.550  -60.1    7.9    338      0   4118  21798      1    1.1
  38.26 14.130  -59.9    7.7    342      0   4208  22268      1    0.8
  35.54 13.180  -57.9    5.9    344      0   4298  22731      1    0.7
  32.92 13.720  -56.8    4.2    334      0   4388  23214      1    0.5
  30.61 13.430  -56.3    2.9    344      0   4478  23677      1    0.4
  28.28 12.970  -56.6    3.8    331      0   4566  24178      1    0.3
  26.09 12.380  -55.8    1.6    286      0   4656  24692      1    0.2
  24.09 11.540  -56.7    3.0    235      0   4746  25199      1    0.1
  22.12 11.910  -56.4    3.5    275      0   4836  25739      1   -0.0
  20.29 11.450  -56.6    6.2    306      0   4926  26286      1   -0.0
  18.74 10.480  -55.1    5.5     10      0   5014  26794      1   -0.1
  17.24  9.840  -55.0    5.8     70      0   5104  27326      1   -0.1
  15.84  9.100  -54.4   10.5    305      0   5194  27865      1   -0.1
  14.51  8.540  -52.0    9.9    292      0   5284  28433      1   -0.1
  13.33  8.110  -51.2    7.9    275      0   5374  28983      1   -0.1
  12.28  7.750  -51.1   10.7    265      0   5464  29517      1   -0.1
  11.27  7.540  -50.0   13.9    261      0   5554  30077      1   -0.0
  10.27  6.960  -48.7   13.4    278      0   5644  30684      1    0.2
   9.40  6.480  -48.7    9.4    272      0   5732  31263      1    0.4
   8.60  6.110  -47.3   12.5    257      0   5822  31852      1    0.6
   7.89  5.790  -46.8   16.2    268      0   5912  32424      1    0.7
