# 1997-06-18 11:19

# Pressure # O3PartialPressure # Temperature # WindSpeed # WindDirection # LevelCode # Duration # GPHeight # RelativeHumidity # SampleTemperature 
 944.20  3.570   22.4    2.0    360      2      0    631     45   26.7
 867.30  3.870   13.0    2.6     49      0     88   1355     60   26.8
 815.15  4.240    7.7    3.9     45      0    176   1871     81   27.0
 760.36  4.610    3.7    6.1     52      0    266   2441     88   26.8
 715.69  4.720    1.5    7.0     66      0    356   2931     71   26.6
 679.42  4.650   -0.8    5.2     85      0    444   3348     66   26.1
 636.54  4.310   -5.3    3.4    125      0    534   3865     76   25.6
 593.47  4.070   -9.3    5.3    154      0    624   4411     89   25.0
 555.61  4.200  -11.5    8.6    159      0    714   4917     20   24.5
 521.95  3.730  -14.5    9.6    154      0    804   5393     14   24.0
 485.80  4.020  -18.9   10.8    152      0    894   5932     22   23.3
 451.71  5.200  -23.3   11.1    154      0    984   6469     27   22.6
 418.27  5.420  -28.1    9.3    151      0   1074   7027     26   21.8
 389.59  6.010  -32.1    5.2    125      0   1162   7532     26   20.9
 358.64  8.630  -33.5    7.3     46      0   1252   8114      4   19.9
 332.74  9.460  -36.6   10.2     27      0   1342   8637      2   19.2
 307.06 10.230  -38.6   14.6     12      0   1432   9192      1   18.5
 284.40  9.690  -42.9   20.8     21      0   1520   9713      2   17.8
 263.35  9.260  -45.8   22.9     21      0   1610  10228      2   17.2
 244.10  9.300  -48.4   21.4     16      0   1698  10731      1   16.4
 227.97  8.960  -50.5   18.6     24      0   1788  11179      1   15.7
 209.65  8.940  -52.5   13.8     17      0   1878  11723      1   15.0
 194.42  9.150  -53.0    8.7    360      0   1966  12209      1   14.4
 181.48  9.400  -52.8    3.5    348      0   2056  12652      1   13.6
 169.74  8.140  -54.9    2.2    295      0   2146  13082      1   13.0
 158.02  7.460  -54.1    2.1    246      0   2236  13539      1   12.3
 146.08  7.750  -55.9    4.1    266      0   2324  14041      1   11.7
 136.22  7.200  -56.9    4.5    259      0   2414  14484      1   11.1
 127.01  6.910  -59.0    5.6    251      0   2504  14926      1   10.5
 118.59  6.810  -59.3    5.8    268      0   2594  15355      1   10.0
 111.24  7.760  -58.9    3.6    263      0   2684  15756      1    9.6
 103.71  6.940  -58.8    5.2    257      0   2774  16195      1    9.3
  96.74  7.250  -58.9    5.9    264      0   2862  16632      1    9.0
  89.69  7.090  -59.6    3.8    256      0   2952  17106      1    8.7
  83.48  7.510  -58.7    3.0    252      0   3042  17556      1    nan
  77.58  6.600  -57.1    4.1    189      0   3134  18017     13    8.2
  71.82  6.270  -58.1    3.8    160      0   3224  18504      1    7.9
  67.03  9.930  -57.4    5.9    116      0   3312  18940      1    7.7
  62.19  9.410  -57.8    7.1    130      0   3402  19413      1    7.4
  57.57 10.400  -56.6    5.8    139      0   3492  19901      1    7.2
  53.70 11.720  -55.1    5.0    130      0   3582  20342      1    7.0
  50.00 12.360  -54.7    4.1    131      3   3670  20799      1    6.8
  46.40 12.150  -55.4    2.7    146      0   3760  21276      1    6.6
  42.87 11.720  -55.8    2.4    111      0   3850  21781      1    6.5
  39.65 12.420  -55.6    5.2    122      0   3940  22277      1    6.3
  36.82 12.690  -53.7    4.3    127      0   4030  22752      1    6.2
  34.16 12.420  -55.1    2.3    162      0   4120  23232      1    6.1
  31.61 13.490  -51.2    1.6     96      0   4210  23733      1    5.9
  29.35 13.070  -50.9    3.8     77      0   4298  24214      1    5.8
  26.86 13.140  -51.0    8.2     98      0   4388  24792      1    5.7
  24.81 12.670  -50.0   11.5    106      0   4478  25310      1    5.6
  23.00 12.470  -49.7   11.5    105      0   4568  25804      1    5.5
  21.09 12.040  -49.1   12.0    113      0   4658  26374      1    5.4
  19.34 11.610  -48.6   12.3    116      0   4746  26939      1    5.4
  17.73 11.100  -47.7    8.6    103      0   4836  27514      1    5.3
  16.42 10.380  -46.6    7.8     64      0   4926  28021      1    5.3
  15.12  9.900  -45.7    7.8     21      0   5016  28570      1    5.3
  13.79  9.330  -45.1   11.0     66      0   5106  29184      1    5.3
  12.61  8.670  -42.9   17.6     82      0   5196  29784      1    5.3
  11.54  7.940  -42.0   22.5     88      0   5286  30385      1    5.2
  10.56  7.140  -41.2   20.9     97      0   5376  30982      1    5.2
   9.68  6.540  -40.3   19.5    107      0   5466  31576      1    5.2
   8.93  5.790  -37.4   15.0    100      2   5556  32126      1    5.1
