# 1997-08-27 11:30

# Pressure # O3PartialPressure # Temperature # WindSpeed # WindDirection # LevelCode # Duration # GPHeight # RelativeHumidity # SampleTemperature 
 940.29  3.260   22.0    6.0    190      2      0    631     38   27.9
 881.60  3.540   14.1    9.5    200      0     88   1181     55   28.3
 840.61  3.560   10.8   10.0    224      0    176   1580     51   28.7
 788.91  3.130    9.1   14.8    245      0    266   2108     86   28.9
 753.52  2.140   10.0   17.1    246      0    356   2490     39   29.2
 716.39  2.140    7.1   15.7    243      0    446   2908     71   29.3
 676.44  2.230    3.7   15.5    240      0    534   3377     74   29.5
 633.44  2.070    0.8   18.0    244      0    624   3908     85   29.6
 597.10  2.230   -2.0   21.1    247      0    714   4381     73   29.7
 566.43  2.480   -4.6   24.3    248      0    804   4798     77   29.7
 533.80  2.880   -6.6   23.9    245      0    894   5264     61   29.7
 507.00  2.160   -7.9   25.5    249      0    984   5666     55   29.6
 479.43  2.340  -10.3   29.5    257      0   1072   6099     46   29.5
 450.28  2.110  -13.6   30.9    257      0   1162   6579     50   29.3
 421.66  2.030  -17.4   32.0    256      0   1252   7075     52   29.2
 393.89  1.850  -21.3   31.0    254      0   1340   7582     58   28.9
 365.45  1.770  -26.2   30.9    254      0   1430   8129     71   28.7
 341.72  1.670  -29.8   31.7    257      0   1520   8611     59   28.3
 318.44  1.510  -33.5   32.9    258      0   1610   9110     51   27.9
 295.95  1.540  -37.5   32.6    256      0   1700   9620     56   27.6
 273.31  1.840  -41.8   31.3    257      0   1790  10164     29   27.1
 251.72  1.950  -46.4   30.6    260      0   1880  10716     31   26.5
 232.24  1.980  -50.7   33.2    266      0   1968  11245     41   26.1
 212.44  1.840  -55.8   35.3    267      0   2058  11819     36   25.4
 194.14  1.760  -61.1   34.5    265      0   2148  12385     36   24.8
 178.37  1.630  -63.6   30.9    267      0   2238  12907     32   24.2
 162.88  2.250  -63.5   25.5    262      0   2328  13464     25   23.6
 150.79  2.310  -66.2   27.1    251      0   2418  13936     17   22.9
 139.59  2.670  -65.0   27.9    256      0   2506  14403     13   22.3
 130.72  2.480  -63.9   24.2    257      0   2596  14804      8   21.6
 122.53  2.540  -63.4   21.4    248      0   2686  15202      5   20.9
 114.63  3.730  -62.6   21.0    243      0   2776  15612      3   20.2
 106.95  4.440  -60.5   14.9    232      0   2866  16042      2   19.7
  99.81  5.790  -60.1   10.8    219      0   2954  16473      2   19.3
  92.99  6.020  -60.2   11.5    207      0   3044  16913      1   18.9
  86.97  7.810  -58.7   12.7    206      0   3134  17331      1   18.6
  81.54  7.750  -58.3   11.1    219      0   3224  17737      1   18.3
  76.25  7.980  -56.8    9.9    226      0   3314  18161      1   18.0
  71.23  9.050  -58.1    8.7    210      0   3404  18591      1   17.7
  66.47 10.180  -57.9    6.5    200      0   3492  19027      1   17.5
  62.09  9.630  -58.1    7.4    183      0   3582  19456      1   17.3
  57.85 11.010  -55.7    7.7    167      0   3672  19903      1   17.0
  53.94 11.460  -55.6    5.3    147      0   3762  20350      1   16.8
  50.42 12.500  -53.9    6.2    128      0   3852  20781      1   16.5
  47.10 12.700  -54.6    7.4    133      0   3940  21218      1   16.3
  43.84 13.460  -53.4    7.1    135      0   4030  21678      1   16.1
  40.78 13.220  -53.2    8.2    127      0   4120  22143      1   15.9
  37.96 13.640  -51.8   11.1    127      0   4210  22607      1   15.6
  35.29 13.460  -52.3   11.2    131      2   4300  23077      1   15.4
  32.79 14.470  -51.5    8.4    129      0   4390  23553      1   15.2
  30.49 14.320  -52.0    9.0    124      0   4480  24025      1   15.0
  28.28 14.580  -50.9    8.5    124      0   4570  24515      1   14.8
  26.16 14.670  -50.6    6.8     99      0   4660  25021      1   14.6
  24.17 14.020  -51.8    7.4    101      0   4750  25535      1   14.3
  22.27 13.500  -52.0    8.4    109      0   4840  26066      1   14.1
  20.61 13.480  -51.7    7.8     96      0   4930  26570      1   13.9
  19.12 13.880  -48.9    9.9     79      0   5018  27058      1   13.6
  17.66 13.390  -48.5   15.3     88      0   5108  27582      1   13.3
  16.27 12.580  -46.3   13.7     84      0   5198  28124      1   13.1
  15.01 11.660  -46.0   11.8     73      0   5288  28659      1   12.8
  13.88 10.910  -44.0   13.0     80      0   5378  29183      1   12.6
  12.81 10.180  -42.5   13.7     87      0   5468  29719      1   12.3
  11.82  9.500  -41.4   13.6     91      0   5558  30267      1   12.1
  10.89  8.750  -41.7   12.5     97      0   5648  30823      1   11.8
  10.00  8.190  -40.7   13.5    101      0   5738  31398      1   11.6
   9.19  7.370  -38.6   12.5    102      0   5826  31974      1   11.4
   8.47  6.620  -39.0    9.7    103      0   5916  32536      1   11.1
   7.84  6.050  -37.3   10.6    107      0   6006  33065      1   10.7
