# 1998-08-12 11:04

# Pressure # O3PartialPressure # Temperature # WindSpeed # WindDirection # LevelCode # Duration # GPHeight # RelativeHumidity # SampleTemperature 
 945.82  2.490   29.6    3.0     30      2      0    631     41   30.1
 908.03  4.370   28.6    7.4    342      0     88    993     21   30.6
 858.24  4.430   24.0    nan    nan      0    178   1489     25   31.1
 807.23  4.200   19.4    nan    nan      0    266   2020     30   31.6
 751.13  3.950   13.6    2.5    182      0    356   2633     40   32.2
 714.81  3.730    9.5    3.2    172      0    446   3047     50   32.5
 685.25  3.610    7.0    5.5    168      0    534   3396     55   32.7
 652.60  3.390    3.4    5.0    188      0    624   3795     64    nan
 616.51  3.960   -0.6    8.9    196      0    716   4253     68   32.7
 582.13  2.960   -4.0   11.4    189      0    806   4709     89   32.7
 549.67  2.830   -7.3    7.0    186      0    896   5160     80   32.5
 521.31  2.870  -10.2    7.0    187      0    986   5571     85   32.3
 492.48  3.010  -12.3    7.8    185      0   1074   6008     64   32.0
 465.82  2.770  -15.8    3.5    170      0   1164   6430     83   31.8
 441.24  2.570  -18.3    5.1    166      0   1254   6837     82   31.4
 418.07  2.420  -21.2    5.0    154      0   1344   7238     80   31.0
 396.01  2.200  -23.8    3.4    153      0   1432   7636     79   30.5
 373.66  2.540  -26.7    8.6    223      0   1522   8058     48   30.0
 355.24  2.980  -27.6    7.4    240      0   1612   8422     15   29.6
 337.82  2.380  -30.4    3.2    234      0   1702   8782     17   29.2
 321.01  2.070  -33.8    5.5    233      0   1792   9142     17   28.7
 304.08  1.950  -37.0    5.4    232      0   1882   9520     21   28.2
 286.98  1.910  -40.1    6.9    226      0   1972   9917     19   27.8
 270.78  1.650  -43.8    9.5    224      0   2062  10310     22   27.2
 254.94  1.900  -46.8   10.0    234      0   2152  10712     19   26.8
 240.08  1.860  -49.9   11.2    247      0   2240  11108     17   26.3
 224.98  3.090  -51.2   14.3    243      0   2330  11530     11   25.7
 209.91  3.330  -49.6   22.1    256      0   2420  11982      4   25.2
 197.10  3.340  -50.6   24.4    262      0   2508  12394      3   24.8
 184.70  2.820  -52.2   29.9    259      0   2598  12815      3   24.4
 172.41  1.880  -54.2   29.5    259      0   2688  13259      2   24.0
 160.28  1.830  -56.6   26.4    261      0   2778  13724      3   23.3
 149.14  1.940  -58.4   26.0    258      0   2866  14179      1   23.1
 138.54  2.020  -60.4   21.1    251      0   2956  14640      1   22.7
 128.91  2.330  -59.8   19.4    259      0   3046  15088      1   21.9
 119.40  2.760  -60.4    nan    nan      0   3136  15567      1   21.9
 109.94  5.030  -60.5    nan    nan      0   3226  16080      1   21.5
 101.18  5.510  -62.0    nan    nan      0   3316  16594      1   21.2
  93.63  6.010  -60.3    nan    nan      0   3404  17075      1   20.8
  86.34  4.920  -61.8    8.0    190      0   3494  17577      1   20.5
  79.42  5.730  -61.0    1.8    350      0   3584  18095      1   20.0
  73.34  6.340  -59.4    5.4     91      0   3674  18592      1   19.7
  67.49  7.100  -59.9    7.2    115      0   3762  19112      1   19.4
  61.88  8.060  -58.9    3.2    100      0   3852  19654      1   19.2
  56.46  9.350  -57.1    3.9     85      0   3942  20234      1    nan
  51.76 11.080  -55.1    6.0     85      0   4034  20788      1   18.8
  47.56 10.840  -54.3    4.7    136      0   4122  21329      1   18.5
  43.51 11.540  -53.9   10.6     89      0   4212  21901      1   18.3
  39.81 13.170  -53.3    7.7    127      0   4302  22471      1   18.1
  36.52 13.480  -51.9   11.9    105      0   4392  23029      1   17.9
  33.29 13.790  -52.5   10.9    111      0   4482  23629      1    nan
  30.28 13.570  -52.1   12.7    121      0   4574  24242      1   17.6
  27.62 13.530  -51.4   12.9    108      0   4662  24837      1   17.5
  25.10 13.280  -50.7    9.9     82      0   4752  25458      1   17.3
  22.85 12.720  -49.7    9.8     83      0   4842  26070      1   17.2
  20.79 12.980  -48.1    7.6     98      0   4932  26690      1   17.0
  18.85 12.130  -49.1    6.8     70      0   5020  27335      1   16.9
  17.17 11.940  -46.8    9.4     86      0   5110  27950      1   16.8
  15.57 11.370  -45.7   14.5     64      0   5200  28599      1   16.6
  14.09 10.560  -46.6   14.0     76      0   5290  29264      1   16.5
  12.75  9.860  -45.4   12.7     81      0   5380  29928      1    nan
  11.45  9.160  -42.6    nan    nan      0   5472  30649      1    nan
