# 2000-02-02 11:21

# Pressure # O3PartialPressure # Temperature # WindSpeed # WindDirection # LevelCode # Duration # GPHeight # RelativeHumidity # SampleTemperature 
 956.73  2.150   14.2    5.0    270      2      0    631     55   21.4
 902.95  3.000    9.3    7.5    300      0     88   1115     74   21.4
 850.00  3.750    5.5    8.3    320      3    178   1613     82   21.4
 792.77  3.720    1.7    7.1    324      0    266   2179     85   21.3
 745.29  3.940    3.9   17.1    313      0    356   2679      8   21.2
 714.12  3.770    2.5   16.2    314      0    446   3025      6   21.0
 685.42  3.570    0.7   16.6    317      0    534   3355     14   21.3
 644.21  2.920   -1.9   18.4    322      0    624   3851     40   21.3
 599.88  3.090   -5.3   17.8    303      0    714   4414     29   21.3
 560.93  2.160   -8.4   16.2    296      0    804   4937     28   20.7
 522.97  2.010  -13.2   17.7    299      0    894   5476     26   20.2
 487.94  1.960  -17.5   14.5    301      0    982   5999     23   20.6
 454.25  1.830  -22.1   16.7    303      0   1072   6530     26   20.4
 424.96  1.790  -25.5   18.7    299      0   1162   7017     15   19.7
 398.24  1.680  -29.1   18.9    295      0   1250   7484     12   19.5
 374.30  1.590  -33.2   19.8    290      0   1340   7924     15   18.7
 347.18  1.530  -38.3   20.2    298      0   1430   8446     19   18.2
 321.17  1.650  -42.5   20.5    299      0   1520   8977     10   17.6
 297.11  1.530  -47.4   21.5    304      0   1608   9498     12   16.5
 271.71  1.390  -52.6   22.1    309      0   1698  10081     19   15.5
 247.52  1.410  -57.1   29.4    317      0   1786  10677     22   14.7
 227.91  2.360  -58.2   33.6    317      0   1876  11197     21   13.5
 211.45  3.440  -57.0   35.3    310      0   1966  11669     15   12.2
 197.00  4.260  -54.2   29.6    311      0   2054  12122      8   10.8
 184.75  4.270  -54.0   33.5    307      0   2144  12534      4    9.8
 172.75  3.540  -55.2   40.0    295      0   2234  12962      2    9.4
 160.71  2.740  -54.0   36.0    310      0   2324  13426      1    9.0
 150.00  2.400  -57.2   30.6    315      3   2413  13865      1    8.7
 141.20  2.360  -59.9   25.2    307      0   2502  14245      1    8.4
 131.33  1.850  -61.2   25.9    286      0   2592  14695      1    8.1
 120.98  2.180  -62.2   28.0    300      0   2682  15202      1    7.8
 110.97  2.460  -64.8   24.8    287      0   2772  15733      1    nan
 103.03  3.430  -63.4   21.7    297      0   2864  16187      1    7.0
  95.52  4.720  -64.5   17.0    312      0   2952  16651      1    6.6
  88.36  4.400  -66.2   11.3    292      0   3042  17125      1    6.2
  81.56  4.470  -66.4   15.2    296      0   3132  17609      1    nan
  75.30  6.930  -65.7   14.3    286      0   3224  18093      1    5.4
  69.29  7.220  -65.7   12.9    304      0   3312  18599      1    5.1
  63.57  8.120  -65.7    8.2    265      0   3402  19123      1    4.8
  58.73  7.510  -67.3   16.3    268      0   3492  19600      1    4.6
  54.20  8.630  -65.8   14.4    301      0   3582  20087      1    4.5
  49.54 10.710  -65.5   14.8    287      0   3670  20633      1    4.3
  45.62 12.450  -65.4   15.0    295      0   3760  21134      1    nan
  42.13 12.480  -65.6   17.1    296      0   3852  21619      1    4.0
  38.17 13.740  -63.6   12.4    274      0   3942  22223      1    3.8
  34.70 14.670  -63.1   16.3    271      0   4032  22807      1    3.8
  31.97 15.170  -62.0   13.6    279      0   4122  23312      1    3.8
  29.03 14.170  -62.3   12.6    252      0   4210  23911      1    3.7
  26.56 13.030  -61.7   20.0    258      0   4300  24458      1    3.8
  24.46 12.480  -59.6   19.3    260      0   4390  24970      1    3.8
  22.14 11.540  -60.9   17.7    262      0   4480  25592      1    3.9
  20.13 10.870  -62.0   21.4    265      0   4570  26181      1    4.1
  18.59 10.980  -58.9   20.6    261      0   4658  26679      1    4.2
  16.77  9.020  -59.8   25.2    266      0   4748  27324      1    4.4
  14.93  9.410  -60.3   29.6    267      0   4838  28049      2    nan
  13.54  9.270  -57.6   32.3    266      0   4930  28659      1    4.9
  12.33  7.130  -56.0   37.8    258      0   5020  29250      2    5.2
  10.96  6.860  -57.2   38.6    262      0   5110  30000      2    5.4
   9.89  6.000  -53.1   48.4    259      0   5198  30654      2    5.8
   9.02  6.060  -49.3   54.5    261      0   5288  31250      2    6.0
   8.01  4.970  -46.1   62.6    268      0   5378  32039      1    6.1
   7.20  4.660  -42.3   62.3    254      0   5468  32751      1    6.2
   6.50  4.980  -39.0   70.8    254      0   5558  33451      1    6.1
