# 2001-03-30 11:30

# Pressure # O3PartialPressure # Temperature # WindSpeed # WindDirection # LevelCode # Duration # GPHeight # RelativeHumidity # SampleTemperature 
 946.28  1.800   15.2    7.0    250      2      0    631     77   22.0
 902.29  2.480   10.6   10.7    263      0     88   1031     67   22.3
 855.73  2.380    7.0   10.5    294      0    178   1469     77   22.4
 810.98  2.610    4.1    3.6    333      0    266   1909     80   22.5
 772.90  2.560    1.5    nan    nan      0    356   2299     87   22.3
 741.11  2.660    0.0    nan    nan      0    446   2636     82   22.4
 713.24  2.650   -0.4    nan    nan      0    536   2943     66   22.2
 672.00  2.660   -1.9    nan    nan      0    624   3419     49    nan
 621.04  2.580   -6.6   14.7    335      2    716   4041     57    nan
 577.32  2.380   -8.0   14.5    320      0    808   4612     38   21.3
 551.42  2.210  -11.0   13.2    329      0    898   4966     39   21.0
 532.76  2.540  -11.7   17.6    333      0    988   5230     21   20.6
 513.48  2.660  -13.6   15.7    337      0   1078   5511     22   20.3
 484.49  2.530  -17.2   26.6    335      0   1168   5950     24   19.9
 452.59  2.090  -21.5   18.9    318      0   1258   6456     43   19.6
 421.14  1.750  -25.7   23.0    313      0   1348   6982     45   19.2
 394.85  1.710  -29.1   22.2    321      0   1436   7446     39   18.7
 369.03  1.690  -32.6   23.4    322      0   1526   7926     30   18.5
 346.08  1.500  -36.4   24.3    332      0   1616   8375     24    nan
 323.53  1.730  -39.4   27.1    333      0   1708   8839     13    nan
 301.20  1.430  -43.8   30.9    333      0   1800   9324     16   16.1
 280.54  1.400  -47.9   34.5    331      0   1888   9797     17   15.2
 258.83  1.270  -52.6   35.5    337      0   1978  10323     18   14.4
 238.44  1.200  -57.5   35.1    338      0   2066  10847     20   13.5
 216.73  1.210  -62.9   35.0    351      0   2156  11442     20   12.3
 197.10  1.810  -66.9   28.3    348      0   2244  12020     21    nan
 179.02  2.750  -69.9   32.9    322      0   2336  12597     20    9.8
 163.24  3.150  -65.7   25.6    344      0   2426  13150     22    8.9
 151.12  5.450  -60.8   32.0    325      0   2516  13623     16    8.2
 139.63  7.960  -58.9   27.5    317      0   2604  14119      9    7.3
 129.23  5.250  -59.4   24.0    312      0   2694  14602      5    6.7
 120.16  2.590  -60.0   22.5    293      0   2784  15057      2    6.3
 111.48  5.470  -61.1   19.5    303      0   2874  15524      1    5.8
 103.28 10.810  -63.6    nan    nan      0   2964  15995      1    5.4
  95.43 13.230  -64.8    nan    nan      0   3054  16478      1    5.1
  87.48  7.840  -63.3    nan    nan      0   3144  17009      1    4.8
  81.15  6.890  -61.3    nan    nan      0   3234  17473      1    4.4
  73.47 10.430  -56.6    nan    nan      0   3324  18100      1    3.7
  67.34  9.210  -60.9    5.7    299      0   3412  18648      1    nan
  61.27  8.700  -64.8   15.0    324      0   3504  19228      1    2.8
  56.50 14.160  -60.0    nan    nan      0   3594  19726      1    2.7
  51.43 14.470  -62.5    nan    nan      0   3684  20311      1    2.6
  47.16 15.310  -61.3    nan    nan      0   3774  20844      1    2.5
  43.14 14.780  -60.5    nan    nan      0   3864  21399      1    2.4
  39.74 15.050  -60.0    nan    nan      0   3954  21909      1    2.3
  36.30 14.510  -59.7    nan    nan      0   4044  22472      1    2.3
  33.39 13.610  -58.7    nan    nan      0   4134  22995      1    2.2
  30.52 13.040  -56.2    nan    nan      0   4224  23564      1    2.2
  27.80 11.770  -57.3    nan    nan      0   4314  24156      1    nan
  25.39 11.160  -56.9    nan    nan      0   4406  24727      1    2.3
  23.46 11.340  -52.1    nan    nan      0   4496  25233      1    2.4
  21.55 10.770  -52.7    nan    nan      0   4586  25782      1    2.5
  19.69 10.560  -52.9    nan    nan      0   4674  26367      1    2.6
  17.97 10.090  -52.0    nan    nan      0   4764  26956      1    2.8
  16.50  9.890  -50.6    nan    nan      0   4854  27512      1    3.1
  15.07  9.690  -50.5   14.8    211      0   4944  28102      1    3.4
  13.78  9.020  -47.7   21.1    224      0   5034  28688      1    3.7
