# 2001-05-23 10:42

# Pressure # O3PartialPressure # Temperature # WindSpeed # WindDirection # LevelCode # Duration # GPHeight # RelativeHumidity # SampleTemperature 
 946.97  4.360   22.4    0.0      0      2      0    631     37   26.9
 896.36  5.190   16.4   10.5    119      0     88   1102     39   27.8
 850.00  5.230   12.0    1.5     81      3    177   1550     45   28.7
 808.01  5.290    8.4    3.0     13      0    266   1971     49   29.5
 764.08  5.000    4.2    5.3     25      0    356   2430     65   30.1
 720.60  5.030    1.1    6.1     75      0    446   2904     52   31.0
 683.58  4.890   -2.3    4.2     41      0    534   3325     53   31.7
 645.62  4.860   -5.2    6.8      9      0    624   3777     58   32.1
 610.67  4.150   -6.8    4.6      9      0    714   4212     48   32.6
 576.90  4.540   -9.4    4.1    335      0    804   4654     30   33.1
 543.14  4.580  -12.3    5.4    344      0    894   5117     30   33.4
 512.60  4.230  -15.3    8.5    350      0    984   5557     15    nan
 483.08  4.400  -19.0    9.5    329      0   1074   6002     28   33.9
 455.47  4.390  -22.4    6.6    352      0   1164   6437     28   34.0
 430.71  3.970  -25.1    6.4    309      0   1254   6845     18   34.1
 405.50  3.730  -28.5    9.1    337      0   1344   7280     13   34.1
 381.21  3.310  -32.0   11.6    324      0   1432   7719     12   34.1
 357.07  3.200  -35.9   13.5    323      0   1522   8177     14   34.0
 334.54  5.800  -38.3   22.7    324      0   1612   8627      8   33.9
 310.23  4.610  -40.8   34.2    323      0   1702   9143      7   33.8
 289.09  3.110  -44.3   36.2    322      0   1790   9619     12   33.7
 268.68  3.540  -47.6   37.0    316      0   1880  10106     16   33.4
 248.85  4.340  -50.6   36.3    314      0   1968  10609     15   33.2
 232.07  5.220  -52.5   40.2    309      0   2058  11062     10   32.9
 216.26  5.520  -54.5   37.1    316      0   2148  11516      9   32.5
 200.20  5.080  -54.0   28.5    318      0   2238  12009      4   32.3
 186.93  5.560  -54.0   24.1    313      0   2326  12449      2   31.9
 175.17  9.000  -56.0   21.6    311      0   2416  12864      1   31.4
 162.32  8.670  -56.1   20.6    315      2   2506  13348      1   31.1
 151.49  7.220  -57.2   12.2    318      0   2596  13787      1   30.6
 141.13  9.160  -57.5   13.7    305      0   2684  14234      1   30.2
 131.78  8.600  -57.6   11.1    304      0   2774  14666      1   29.9
 123.46  9.030  -57.1    9.1    299      0   2864  15079      1   29.7
 115.22  9.500  -56.6    5.4    295      0   2954  15516      1   29.4
 107.60  8.100  -57.1    6.3    321      0   3044  15950      1    nan
 100.30  4.870  -58.9    4.5    348      0   3136  16392      1    nan
  93.22  4.910  -58.8    3.3    257      2   3226  16852      1   28.8
  86.25  8.880  -59.0    0.6    154      0   3316  17338      1   28.6
  80.28 10.830  -58.1    3.4    171      0   3406  17789      1   28.4
  74.74 10.560  -58.6    4.1    180      0   3496  18239      1   28.1
  69.41 10.300  -58.9    4.6    194      0   3584  18706      1   28.0
  64.24  9.090  -59.5    4.4    344      0   3674  19189      1   27.7
  59.57  7.640  -59.9    2.6     36      2   3764  19660      1   27.5
  55.16  9.390  -59.9    2.0    116      0   3854  20141      1   27.3
  50.98 10.770  -59.5    1.7    209      0   3944  20634      1   27.1
  47.27 13.150  -56.9    9.3     56      0   4032  21109      1   26.9
  43.65 12.710  -57.2    6.8     98      0   4122  21614      1    nan
  40.28 13.260  -57.4    8.3     83      0   4214  22121      1   26.5
  37.23 13.480  -55.6    9.6     92      0   4304  22620      1   26.2
  34.35 13.660  -55.3    8.5    108      0   4394  23133      1   26.0
  31.60 13.480  -55.1    6.9     78      0   4484  23665      1   25.8
  29.10 13.370  -55.0    8.5     88      0   4572  24191      1   25.6
  26.75 13.050  -54.4    8.7    134      0   4662  24728      1   25.4
  24.60 12.670  -50.7    5.4    110      0   4752  25269      1   25.2
  22.63 12.070  -52.5    7.3    120      0   4842  25813      1   25.0
  20.81 11.950  -50.1    4.6    151      0   4932  26357      1   24.8
  19.08 11.730  -49.7    4.0    119      0   5022  26923      1   24.6
  17.57 11.540  -48.7    3.4    121      0   5112  27466      1   24.5
  16.19 11.350  -45.6    0.9     60      0   5202  28006      1   24.3
  14.72 10.770  -45.3    5.7    131      0   5292  28640      1   24.2
  13.52 10.260  -43.0    8.0     73      0   5382  29211      1   24.1
  12.39 10.020  -41.2    6.0    132      0   5472  29803      1   24.0
  11.37  9.500  -39.2    7.5     68      0   5562  30388      1   23.9
  10.51  8.810  -36.8    4.2    139      0   5652  30929      1   23.6
   9.67  8.300  -35.5    2.8    219      0   5740  31510      1   23.4
   8.87  7.630  -35.2    1.3    144      0   5830  32109      1   23.2
   8.21  7.010  -33.8    4.6     59      0   5920  32651      1   22.9
