# 2002-03-15 11:33

# Pressure # O3PartialPressure # Temperature # WindSpeed # WindDirection # LevelCode # Duration # GPHeight # RelativeHumidity # SampleTemperature 
 940.29  2.850   10.8    1.6    160      2      0    631     64   21.2
 888.95  3.330    5.7    6.7    193      0     88   1095     73   21.7
 843.90  3.750    1.9    7.2    210      0    176   1517     83   22.3
 797.24  4.090   -1.4   12.1    217      0    266   1973     82   22.9
 750.95  4.210   -4.8   14.7    227      0    356   2447     79   23.5
 701.67  4.080   -6.0   17.2    244      0    446   2981     36   23.9
 650.05  4.010   -8.8   19.5    248      0    534   3576     59    nan
 596.67  3.750  -13.1   20.4    248      0    626   4235     73   24.6
 548.74  3.300  -17.4   25.0    247      0    716   4867     81   24.8
 503.18  2.860  -21.9   27.2    245      0    806   5511     73   25.0
 463.66  2.670  -26.4   27.1    244      0    894   6107     64   25.4
 427.04  2.450  -31.0   27.3    242      0    984   6696     58   25.5
 393.79  2.360  -35.3   30.7    244      0   1072   7266     53   25.6
 361.45  2.260  -40.0   30.6    250      0   1162   7857     41   25.7
 331.45  2.180  -43.1   38.2    248      0   1252   8445     42   25.8
 301.71  1.780  -48.0   40.4    247      0   1342   9071     36   25.8
 273.84  1.640  -53.1   39.5    249      0   1430   9702     35   25.7
 246.07  1.400  -58.7   38.9    246      0   1518  10383     29   25.5
 220.52  3.950  -57.4   35.0    256      0   1608  11069     17   25.3
 197.53  7.690  -57.2   28.9    243      0   1696  11765      4   25.1
 178.28  9.910  -55.6   29.2    251      0   1786  12415      1   24.8
 160.98  9.030  -53.7   27.2    241      0   1876  13067      1   24.5
 145.22  8.320  -53.3   24.5    249      0   1964  13731      1   24.2
 132.42  8.000  -53.6   24.0    255      0   2054  14325      1    nan
 120.98  8.650  -55.5   22.6    254      0   2146  14903      1   23.6
 110.45  7.840  -56.9   24.0    246      0   2236  15480      1   23.3
 101.31 12.820  -54.8   20.8    242      0   2326  16029      1   22.9
  92.02  9.690  -56.6   18.6    246      2   2414  16642      1   22.6
  83.07  6.350  -58.1   17.3    224      0   2504  17289      1   22.2
  75.52  9.020  -60.5   15.1    229      0   2594  17885      1   21.9
  68.50  8.330  -61.3   19.5    223      2   2684  18492      1   21.5
  62.11 12.940  -56.2   20.5    239      0   2774  19105      1   21.1
  56.03 15.760  -56.0   13.3    241      0   2864  19761      1   20.8
  50.59 15.700  -55.3    2.0    251      0   2954  20414      1   20.5
  45.84 13.620  -59.8    7.5    204      0   3042  21037      1   20.2
  41.21 15.000  -57.3   11.8    220      0   3132  21704      1   19.9
  37.58 16.490  -57.2    4.6    255      0   3222  22287      1   19.7
  33.90 16.060  -59.5    8.1    206      0   3312  22937      1   19.5
  30.63 15.940  -55.7    5.6    275      0   3402  23574      1   19.3
  27.74 15.560  -55.9    3.6    185      0   3492  24207      1   19.1
  25.02 14.610  -56.8    5.6    155      0   3582  24863      1    nan
  22.39 14.040  -56.1    5.3    200      0   3674  25569      1   18.7
  20.37 12.850  -51.8    8.7    242      0   3764  26174      1   18.5
  18.29 12.310  -50.4    8.9    251      0   3852  26876      1   18.3
  16.32 11.110  -52.7   11.5    257      0   3942  27613      1   18.2
  14.65 10.450  -50.8    8.0    253      0   4032  28313      1   18.0
