# 2005-01-19 11:28

# Pressure # O3PartialPressure # Temperature # WindSpeed # WindDirection # LevelCode # Duration # GPHeight # RelativeHumidity # SampleTemperature 
 954.40  0.790   11.2    3.0    220      2      0    631     57   23.4
 910.92  2.930    6.3    nan    nan      0     90   1015     39   23.8
 854.27  3.000    1.5    nan    nan      0    180   1537     51   24.1
 834.27  3.120    1.0    nan    nan      0    268   1727     55   24.3
 775.35  3.050   -3.6    nan    nan      0    358   2311     77   24.6
 719.01  2.790   -5.9   29.2    360      0    448   2904     77   24.8
 699.62  2.980   -2.7   28.1      1      0    536   3119     44   25.0
 689.95  3.050   -1.2   28.6    360      0    626   3230     31   25.2
 651.80  2.880   -3.7   26.0      1      0    716   3681     30   25.3
 597.10  3.030   -8.3   29.6    358      0    806   4367     24   25.3
 561.47  2.890  -12.0   28.0    359      0    896   4841     15   25.3
 538.12  2.660  -14.7   23.3    349      0    986   5164     30   25.4
 514.99  2.910  -15.7   21.7    353      0   1076   5496     22   25.4
 482.96  2.780  -17.9   19.3    339      0   1164   5978     13   25.4
 448.41  2.590  -21.5   22.6    347      0   1254   6529     11   25.2
 418.78  2.290  -25.0   23.3    347      0   1344   7030      9   25.1
 393.70  1.790  -27.9   26.0      1      0   1432   7476      3   24.9
 379.17  1.710  -30.4   25.7    359      0   1522   7744      4   24.7
 365.09  1.640  -32.8   23.8    356      0   1612   8012      3   24.6
 350.51  1.600  -35.2   24.6    356      0   1702   8298      2   24.3
 335.85  1.540  -38.0   24.4    355      0   1792   8594      3   24.1
 319.61  1.460  -41.0   24.9    353      0   1882   8933      6   23.8
 300.90  1.380  -44.5   24.7    350      0   1972   9340      7   23.5
 283.36  1.300  -48.0   24.3    342      0   2060   9738      8   23.2
 265.16  1.220  -52.1   26.3    342      0   2150  10172      8   22.8
 250.31  1.150  -55.2   29.2    339      0   2240  10543     15   22.3
 235.32  1.130  -58.8    nan    nan      0   2328  10933     19   22.0
 221.93  1.130  -61.3    nan    nan      0   2418  11299     18   22.0
 210.01  1.060  -63.3    nan    nan      0   2508  11640     14   20.8
 197.96  1.010  -65.7   34.2      1      0   2596  12000     15   20.3
 186.15  0.960  -67.7   33.4      5      0   2686  12372     14   19.8
 174.70  2.000  -66.9   27.6    354      0   2776  12754     11   19.5
 164.32  2.590  -68.7   26.0    344      0   2866  13123      8   19.1
 156.34  2.820  -61.6    nan    nan      0   2956  13425      3   18.7
 148.30  2.000  -57.0    nan    nan      0   3044  13756      1   18.2
 138.98  2.090  -58.1    nan    nan      0   3134  14166      1   17.8
 131.58  2.130  -59.0    nan    nan      0   3224  14510      1   17.3
 124.25  2.000  -60.2    nan    nan      0   3314  14869      1   16.9
 116.41  2.080  -62.5    nan    nan      0   3404  15273      1   16.4
 108.26  2.550  -63.2    nan    nan      0   3494  15720      1   16.0
 101.78  3.150  -61.0    nan    nan      0   3584  16100      1   15.5
  96.81  4.960  -59.5   27.0      4      0   3672  16412      1   15.1
  91.61  6.100  -59.9   19.5      7      0   3762  16757      1   14.6
  85.58  7.560  -60.1    nan    nan      0   3852  17183      1   14.2
  79.46  9.000  -61.3    nan    nan      0   3942  17644      1   13.7
  75.05 10.030  -61.0    nan    nan      0   4032  17999      1   13.2
  70.59 11.240  -59.0    nan    nan      0   4122  18380      1    nan
  64.35 11.160  -61.3    nan    nan      0   4214  18958      1   12.5
  58.89 11.720  -61.0    nan    nan      0   4304  19510      1   12.1
  54.66 11.980  -61.7    nan    nan      0   4394  19970      1   11.7
  51.25 13.790  -60.8   24.4    352      0   4484  20369      1   11.3
  48.58 14.380  -56.2   26.1    354      0   4572  20705      1   10.8
  44.93 12.760  -53.3    nan    nan      0   4662  21205      1   10.4
  41.77 13.860  -53.0    nan    nan      0   4752  21674      1   10.0
  39.55 15.740  -50.8    nan    nan      0   4842  22027      1    9.8
  37.20 16.350  -49.7    nan    nan      0   4932  22428      1    9.6
  34.65 15.770  -53.6    nan    nan      0   5022  22889      1    9.4
  32.78 15.930  -52.6    nan    nan      0   5112  23245      1    9.3
  30.66 15.320  -51.5    nan    nan      0   5202  23679      1    9.1
  28.33 15.490  -48.0   12.9     31      0   5290  24198      1    8.9
  26.98 14.530  -47.4   21.0     20      0   5380  24519      1    8.7
  25.68 14.590  -41.6   21.5      9      0   5470  24849      1    8.5
  23.72 16.920  -41.6   11.9     50      0   5560  25389      1    8.4
  22.07 16.980  -44.1   12.1     37      0   5650  25878      1    8.2
  20.92 15.130  -42.4   18.8     30      0   5740  26237      1    8.0
  19.63 13.980  -39.5   16.4     28      0   5828  26668      1    7.9
  18.14 13.460  -41.6   16.2     43      0   5918  27207      1    nan
  16.99 11.830  -42.7   15.4     46      0   6010  27649      1    8.0
  16.27 11.050  -42.3   13.1     19      0   6100  27943      1    8.0
  15.42 10.260  -41.4   13.5      6      0   6190  28307      1    7.8
  14.39  9.480  -41.8   16.6     10      0   6280  28777      1    7.7
  13.33  9.460  -43.5    nan    nan      0   6370  29290      1    7.5
  12.51  9.340  -43.2    nan    nan      0   6460  29718      1    7.3
  11.79  9.100  -43.2    nan    nan      0   6550  30120      1    7.0
  11.09  8.190  -42.5    nan    nan      0   6640  30533      1    6.7
