# 2005-02-17 11:15

# Pressure # O3PartialPressure # Temperature # WindSpeed # WindDirection # LevelCode # Duration # GPHeight # RelativeHumidity # SampleTemperature 
 945.36  3.910    7.4    4.0    350      2      0    631     55   22.7
 886.13  3.760    0.5    nan    nan      0     88   1155     43   23.2
 833.46  3.740   -3.8    nan    nan      0    178   1642     48   23.5
 772.33  3.820   -5.6    nan    nan      0    268   2239     15   23.9
 715.86  3.850   -6.3    nan    nan      0    358   2836      5   24.2
 672.82  3.650   -9.8    nan    nan      0    446   3317      1   24.5
 630.36  3.960  -11.2    nan    nan      0    536   3818      2   24.8
 578.45  3.190  -15.1   25.2     29      0    626   4472      7   24.9
 526.94  3.310  -18.9   24.0     25      0    716   5173     12   25.0
 485.68  2.880  -23.7   21.2     22      0    804   5774     29   25.3
 447.87  2.500  -28.3   19.8     19      0    894   6361     34   25.4
 411.08  2.130  -33.3   17.2     14      0    984   6969     28   25.5
 377.23  2.010  -38.2   20.4      9      0   1072   7566     29   25.5
 343.56  2.020  -43.0   21.5     19      0   1162   8203     22    nan
 310.30  1.800  -49.1   18.1     15      0   1254   8880     24   25.1
 279.99  1.510  -53.5   18.0     11      0   1342   9547     23   25.0
 253.08  1.460  -58.6   19.8      4      0   1432  10190     18   24.8
 228.91  1.920  -60.3   19.2    345      0   1522  10816     14   24.5
 209.50  7.370  -57.1   18.8    339      0   1612  11372      8   24.2
 197.29  7.960  -52.7   17.8    344      0   1700  11757      2   23.9
 184.84  9.030  -51.8   21.9    359      0   1790  12179      1   23.5
 168.50  6.510  -53.6   15.1    334      0   1880  12774      1   23.1
 158.56  5.370  -54.1   16.7    341      0   1970  13165      1   22.6
 149.14  5.870  -55.6   15.7    341      0   2058  13557      1   22.2
 139.29  7.580  -56.3   18.0    336      0   2148  13991      1   21.8
 131.68  8.730  -55.5   20.3    338      0   2238  14347      1   21.3
 123.37  7.190  -55.2   16.5    339      0   2328  14764      1   20.9
 112.85  4.530  -57.6   18.9    312      0   2418  15330      1   20.5
 103.28  3.650  -59.0   25.2    313      0   2508  15887      1   20.1
  97.40  4.070  -61.5   24.4    321      0   2596  16252      1   19.7
  90.44  5.550  -61.9   21.7    341      0   2686  16711      1   19.5
  82.99  8.280  -60.4   23.3    337      0   2776  17244      1   19.2
  78.15 10.460  -58.4   17.4    314      0   2866  17620      1   18.9
  72.03 10.620  -61.3   20.0    308      2   2956  18129      1   18.6
  67.21 14.350  -61.4   19.2    322      0   3044  18559      1   18.3
  62.60 18.360  -60.1   17.2    320      0   3134  19001      1   18.0
  57.71 18.440  -60.5   19.7    310      0   3224  19508      1   17.7
  53.57 16.080  -58.7   16.6    296      0   3314  19972      1   17.3
  49.91 16.670  -59.6   14.5    296      0   3402  20416      1   17.0
  45.36 16.200  -63.1   16.4    291      0   3492  21009      1   16.6
  41.89 15.180  -61.7   21.7    293      0   3582  21499      1   16.3
  38.93 16.700  -62.1   22.3    290      0   3672  21952      1   15.9
  36.26 16.840  -62.2   22.7    295      0   3762  22390      1   15.6
  33.23 16.280  -62.5   26.4    289      0   3852  22930      1   15.2
  30.56 14.770  -62.1   29.3    286      0   3942  23447      1   14.9
  28.58 14.230  -60.5   28.1    271      0   4030  23862      1   14.7
  26.48 13.490  -60.0   31.1    272      0   4120  24338      1   14.4
  24.25 12.890  -57.3   33.1    261      0   4210  24893      1   14.2
  22.31 11.680  -55.9   37.0    257      0   4300  25420      1   14.1
  20.40 11.080  -56.8   37.6    265      0   4390  25989      1   14.0
  18.76  9.930  -55.3   38.3    268      0   4478  26519      1   13.9
  17.51 10.070  -51.4   33.8    261      0   4568  26962      1   13.7
  16.22 10.360  -50.2   35.9    257      0   4658  27463      1   13.5
  14.71  9.870  -50.5   38.7    252      0   4748  28098      1   13.3
  13.48  8.650  -50.7   40.8    244      0   4838  28667      1   13.3
  12.64  8.740  -48.2   46.6    250      0   4928  29091      1   13.2
  11.61  8.260  -46.7   51.2    251      0   5018  29649      1   13.1
  10.79  9.620  -45.7   50.7    247      0   5108  30141      1   13.0
  10.15  8.280  -43.2   46.1    242      0   5198  30547      1   12.8
   9.42  8.000  -41.3   46.5    244      0   5286  31055      1   12.8
   8.73  7.090  -41.3   47.0    240      0   5376  31569      1   12.6
   8.18  6.410  -41.0   48.6    248      0   5466  32009      1   12.4
   7.55  5.540  -36.8   49.1    260      0   5556  32558      1   12.4
