# 2005-01-12 11:45

# Pressure # O3PartialPressure # Temperature # WindSpeed # WindDirection # LevelCode # Duration # GPHeight # RelativeHumidity # SampleTemperature 
 957.20  0.890    5.8    0.0      0      2      0    631     70   21.7
 902.29  2.640    5.3    0.0      0      0     90   1112     59   21.9
 856.15  3.760    3.9    3.1     28      0    180   1539     55   22.2
 807.62  3.660    2.2   13.6    341      0    270   2012     68   22.3
 765.39  3.370    1.7    7.3    304      0    360   2445     65   22.5
 726.42  2.940    0.2    7.6    272      0    450   2866     58   22.7
 693.33  3.030   -2.1    7.7    274      0    538   3238     55   22.8
 659.80  3.060   -4.9   10.7    302      0    628   3630     68   23.0
 626.83  3.070   -7.8    9.3    283      0    718   4031     65   23.1
 592.02  3.110  -10.8   11.5    293      0    808   4473     49   23.2
 561.34  2.770  -13.5    9.9    274      0    898   4880     63   23.1
 531.46  2.520  -16.7    9.4    275      0    988   5294     61   23.1
 504.04  2.440  -19.5    8.6    277      0   1078   5689     65   23.1
 477.33  2.390  -22.6    8.5    280      0   1166   6092     55   22.9
 452.59  2.310  -25.9    9.6    283      0   1256   6480     60   22.7
 424.86  2.130  -29.2    7.2    297      0   1346   6934     55   22.5
 400.00  1.970  -32.9    9.1    293      0   1436   7362     57   22.3
 375.76  1.810  -36.0    8.5    287      0   1526   7799     44   22.0
 352.56  1.710  -39.8    8.7    287      0   1616   8238     39   21.8
 331.85  1.610  -43.5   10.4    281      0   1706   8648     38   21.4
 311.82  1.570  -47.0   11.3    284      0   1796   9063     28   21.0
 294.79  1.600  -50.2   12.2    277      0   1884   9432     31   20.6
 275.79  1.570  -53.7   16.3    274      0   1974   9863     34   20.2
 258.83  1.940  -55.5   15.5    295      0   2064  10269     18   19.8
 244.45  1.710  -57.4   11.8    288      0   2154  10632     13   19.5
 229.53  1.790  -59.2   15.9    295      0   2244  11028     16   19.2
 215.78  1.900  -62.2   13.0    285      0   2334  11412     19   18.8
 202.36  2.190  -64.0   15.4    291      0   2424  11806     19   18.4
 188.94  2.490  -64.4   11.3    260      0   2512  12226     18   18.0
 177.76  3.770  -63.1   19.0    277      0   2602  12599     12   17.6
 167.44  5.930  -59.8   14.4    295      0   2692  12971      7   17.1
 156.56  4.890  -59.1    8.5    263      0   2782  13390      5   16.6
 147.65  4.670  -59.3   12.9    252      0   2870  13758      4   16.1
 139.15  4.370  -56.9   16.0    268      0   2960  14132      4   15.6
 130.88  3.170  -56.6   12.3    257      0   3050  14520      3   15.1
 123.37  2.130  -57.5   14.1    264      0   3140  14894      3   14.7
 116.15  2.400  -58.4   15.0    269      0   3230  15273      3   14.2
 109.17  2.920  -59.9   14.2    287      0   3320  15662      3   13.8
 101.65  6.340  -60.6    9.7    242      0   3410  16106      4   13.4
  95.50  9.450  -60.8   11.4    263      0   3498  16494      4   13.0
  89.38  8.870  -61.2   10.9    240      0   3588  16905      4   12.6
  83.60 12.360  -61.1   15.9    262      0   3678  17320      3   12.2
  78.32 12.260  -59.2   14.0    254      0   3768  17726      4   11.8
  73.09 12.070  -59.1   15.2    268      0   3858  18159      3   11.3
  68.46 12.690  -58.8   13.7    270      0   3946  18570      3   10.9
  64.10 12.220  -58.7   11.5    269      0   4036  18984      3   10.5
  59.56 10.550  -61.0   10.1    247      0   4126  19443      3   10.1
  55.50 12.220  -61.4   11.2    245      0   4216  19881      3    nan
  51.84 14.180  -61.6   12.3    254      0   4308  20303      3    9.6
  48.42 15.390  -60.6   14.0    263      0   4396  20727      4    9.4
  45.04 16.770  -59.5    9.2    263      0   4486  21179      4    9.2
  41.95 16.890  -59.4   11.3    243      0   4576  21623      3    9.0
  38.90 15.790  -59.9   10.5    249      0   4666  22096      4    8.8
  36.12 15.080  -60.1    9.9    253      0   4756  22557      4    8.6
  33.42 14.110  -60.4    9.1    229      0   4846  23042      4    8.5
  30.97 13.760  -61.2    8.9    266      0   4936  23517      4    8.3
  28.77 13.750  -62.0   11.0    266      0   5024  23972      5    8.1
  26.43 12.730  -62.1   11.0    262      0   5114  24496      5    7.8
  24.28 12.110  -63.0    8.0    247      0   5204  25020      5    7.6
  22.52 11.340  -60.6    9.5    238      0   5294  25486      5    7.3
  20.89 10.020  -59.8   12.8    263      2   5384  25955      5    6.9
  19.34 10.730  -60.1   12.7    242      0   5472  26436      5    6.7
  17.83 10.500  -60.8   14.0    236      0   5562  26942      5    6.4
  16.45  9.890  -61.4   15.7    231      0   5652  27441      6    6.2
  15.22  9.000  -60.4   19.1    252      0   5742  27923      5    6.0
  14.07  8.410  -61.2   23.6    255      0   5832  28414      6    5.8
  12.92  7.640  -61.4   21.6    256      0   5922  28944      6    5.6
  11.85  6.940  -62.8   21.8    267      0   6012  29475      6    5.4
  10.94  6.780  -63.8   22.6    273      0   6102  29969      6    5.1
  10.04  5.790  -64.5   30.4    262      0   6192  30492      7    4.9
   9.25  5.150  -64.4   30.8    253      0   6280  30991      6    4.8
   8.58  4.990  -64.3   37.4    258      0   6370  31453      7    4.7
   7.92  4.320  -64.8   38.7    264      0   6460  31943      7    4.6
   7.28  3.800  -62.9   38.5    260      0   6550  32458      7    4.3
   6.71  3.360  -61.2   37.8    263      0   6640  32961      9    4.0
