# 2006-06-01 11:16

# Pressure # O3PartialPressure # Temperature # WindSpeed # WindDirection # LevelCode # Duration # GPHeight # RelativeHumidity # SampleTemperature 
 948.83   4.46   20.6      0      0      2      0    631     30  27.21
 862.44   4.55    9.8    1.8     90      0     88   1435     52  27.32
 792.19   4.37    3.7    1.3     83      0    176   2133     58  27.17
 743.47   5.38    1.9    3.8    131      0    266   2646      4  26.83
 695.02   5.59    0.1    3.2     74      0    354   3187      1  26.76
 648.31    4.6   -1.9      2    346      0    444   3743      1   26.6
 605.77   4.23   -5.4    1.8    358      0    534   4278      3  26.37
 565.33   4.12   -9.4    3.7     21      0    624   4816      9  26.21
 526.81   4.58  -12.7    4.7     22      0    714   5357     12  25.83
 489.13   4.02  -17.4      5    341      0    804   5918     10  25.41
 453.59   3.23  -22.5    7.1    338      0    894   6478     26  25.03
 419.09   2.93  -27.7    8.3    322      0    984   7052     39  24.56
 386.18   3.12    -32    9.7    307      0   1074   7634     30  24.16
 353.77   2.38  -37.5   11.2    299      0   1164   8246     59  23.76
 323.37   2.31  -42.9   12.7    304      0   1254   8859     42   23.5
 295.52   2.34  -47.9   15.8    305      0   1344   9460     15  23.13
 271.18   3.79  -51.3   17.4    297      0   1434  10021     14   22.6
  247.7   6.88  -53.4   23.4    299      0   1522  10606     15  22.28
 228.86   7.83  -54.5   27.5    299      0   1612  11115     10  22.02
  211.2   9.06  -54.7   25.7    301      0   1702  11630      5  21.66
 198.11  10.25  -53.3   22.1    299      0   1790  12040      2  21.23
 186.42   9.99  -53.3   20.9    310      2   1880  12431      1  20.86
 171.32   10.5  -53.8   19.7    308      0   1970  12975      1  20.42
 156.72  11.04  -52.8   18.5    298      0   2060  13548      1  19.93
 145.86   9.62  -53.7   19.3    309      0   2148  14010      1  19.58
 132.13      8  -56.8   16.6    305      0   2238  14639      1  19.23
 120.57   6.44  -57.7   15.8    300      0   2328  15219      1  18.85
 110.59   3.44  -58.4   17.5    281      0   2418  15764      1  18.47
 103.26   4.35    -58   16.6    319      0   2508  16194      1  18.16
   96.5    3.8  -59.9   12.7    323      0   2596  16618      1  17.82
  89.89    4.4  -60.4   11.7    305      0   2686  17061      1  17.48
  83.86   9.23  -57.9    9.9    314      0   2776  17496      1  17.12
  78.13   9.03  -59.7    7.2    308      0   2866  17940      1  16.75
  72.92  10.77  -58.3    7.3    315      0   2956  18373      1  16.39
  68.08  11.32  -57.6    5.5    313      0   3044  18804      1  16.01
  63.37  12.76  -57.9      4     25      0   3134  19257      1   15.6
  59.06  12.55    -57    6.6     37      0   3224  19701      1  15.18
  54.81  10.29  -58.3    3.2    169      0   3314  20172      1  14.82
  50.87  10.71  -58.1    3.9    300      0   3404  20641      1  14.47
  47.52  12.26  -56.2    2.3    356      0   3492  21072      1  14.13
  44.18   13.4  -54.2    5.5     65      0   3582  21536      1  13.79
     41  13.54  -55.7    6.6    123      0   3672  22013      1  13.44
  37.95  13.11  -55.6      6    135      0   3762  22505      1  13.08
  35.25  13.24  -54.2    2.1     47      0   3852  22976      1  12.71
  32.69  13.02  -52.9    4.3     59      0   3942  23460      1  12.32
  30.33   13.2  -51.1    7.3    129      0   4032  23945      1  11.92
  28.13  13.31  -49.2    5.4    153      0   4120  24438      1  11.52
  25.99  13.03  -49.4      4    159      0   4210  24955      1  11.09
  24.06  12.86  -49.8    5.3    101      2   4300  25459      1  10.66
  22.29  13.47  -47.9    9.1     89      0   4390  25964      1  10.25
  20.56  12.75  -46.6    7.2    125      0   4480  26495      1   9.88
  19.09  12.12    -46   10.2    105      0   4568  26988      1   9.59
   17.7  12.07  -44.6   12.7    161      0   4658  27491      1   9.29
  16.35  11.81  -44.1   10.7    181      0   4748  28025      1   9.11
  15.11  10.88  -43.8    6.9    185      0   4838  28556      1   8.71
  14.01  10.56  -41.2    2.4    284      0   4928  29066      1   8.42
  12.93   9.67  -41.6    9.1    134      0   5018  29609      1   8.14
  11.95   9.02  -38.9    5.4    189      0   5108  30145      1    7.9
  11.12   8.62  -36.4    2.5     58      0   5198  30638      1   7.65
