# 2008-06-04 10:51

# Pressure # O3PartialPressure # Temperature # WindSpeed # WindDirection # LevelCode # Duration # GPHeight # RelativeHumidity # SampleTemperature 
 945.82   4.04   21.9    0.5     39      2      0    631     29   26.2
 900.09   4.35   16.3    2.7     74      0     88   1056     40   26.4
 856.56   4.25   12.2    1.9     76      0    178   1474     51   26.8
 810.58   4.12      8    2.4    298      0    268   1933     59     27
 767.82   4.23    4.5    6.6    279      0    358   2379     72   27.3
 731.76   4.04    1.5    5.3    271      0    448   2767     60   27.4
 694.18   3.98   -1.6    5.3    285      0    538   3191     41   27.4
 653.71   3.24   -3.8      5    295      0    628   3667     64   27.6
 617.41   3.38   -5.2    5.8    318      0    718   4117     24   27.5
 587.27   3.91   -6.9    9.1    313      0    808   4509     16   27.6
 554.53    4.4   -9.4   10.3    310      0    898   4954     16   27.5
 524.89    4.3    -13    6.2    302      0    988   5374     26   27.6
 494.29   3.86  -17.1      7    316      0   1076   5829     46   27.4
 465.48    3.7  -19.9   10.5    320      0   1166   6276     14   27.4
 440.17   3.17  -23.4   10.3    316      0   1256   6688     26   27.3
  413.7   3.38  -26.8   11.8    314      0   1346   7139     27   27.1
 390.44   3.29  -30.2   17.3    333      0   1434   7554     32   26.8
 367.51   2.69  -33.1   20.8    331      0   1524   7981     20   26.6
 344.65   2.41  -37.3   20.9    325      0   1614   8429     45   26.4
 323.85   2.14    -41   21.8    333      0   1704   8856     44     26
  301.2   2.24  -44.8   23.4    338      0   1794   9344     27   25.7
 281.43   2.98  -48.1   29.8    341      0   1882   9795     21   25.4
 264.25   1.97  -51.3   37.1    339      0   1972  10207     30     25
 245.71   2.17  -55.1   40.2    338      0   2060  10674     36   24.7
 228.69   4.76  -56.7   27.5    343      0   2150  11131     20   24.2
 212.59   5.54  -57.7     22    323      0   2240  11592     16   23.9
 201.47   6.57  -57.4   25.2    327      0   2330  11931     12   23.4
 190.06   7.68  -56.4   16.2    332      0   2418  12301      6   23.1
 180.07   8.04  -52.8   12.7    301      0   2508  12647      3   22.7
 170.11   7.82  -52.4   11.9    301      0   2598  13013      2   22.4
 160.83   6.07  -53.3   14.9    294      0   2688  13377      2     22
 152.01    4.5  -53.7   17.9    310      0   2778  13739      2   21.6
 143.29   3.49  -54.8    5.6    314      0   2866  14117      2   21.3
    135   4.37  -57.1     11    278      0   2956  14496      2   20.9
  127.5   4.45  -57.6   11.1    310      0   3046  14856      2   20.6
 120.34   6.27  -57.9    7.4    302      0   3136  15221      2   20.3
 113.38    8.2  -57.8    8.6    307      2   3226  15598      2     20
 106.64   6.82  -58.3   10.4    298      0   3316  15984      2   19.7
 100.27   7.17  -57.8      9    290      0   3406  16370      2   19.4
  94.29   7.31  -57.6    9.8    323      0   3496  16758      2   19.1
  88.69   7.89  -57.6    4.5      4      0   3586  17146      2   18.8
  83.35   8.53  -58.5    3.6     53      0   3676  17537      2   18.6
  78.21   8.31  -59.2    2.1    318      0   3766  17936      3   18.3
  73.29   9.59  -58.7      3      9      0   3856  18343      3     18
  69.02   8.54  -58.3      0      0      0   3944  18721      2   17.8
  64.63   8.17    -58    4.6     68      0   4034  19134      2   17.4
  60.69   9.86    -58    3.7     86      0   4124  19530      3   17.1
  57.08   9.57  -57.2    2.3     44      0   4214  19916      2   16.8
  53.53  10.22  -56.8    3.3    107      0   4304  20324      2   16.5
  50.04  11.79  -56.4      7     68      0   4394  20750      2   16.3
  46.92  12.02  -57.8    7.3    113      0   4482  21159      2     16
   43.8   12.5  -56.8    7.1    103      0   4572  21594      2   15.8
  40.94  12.47  -54.7    6.1    117      0   4662  22023      2   15.5
  38.29  13.07  -53.8    5.7    111      0   4752  22452      2   15.3
  35.85  13.45  -53.1    7.3     83      0   4842  22877      2     15
  33.57  13.44  -52.5    6.8    126      0   4932  23299      2   14.8
  31.29  13.53  -50.9    4.5     95      0   5022  23755      2   14.5
  29.17  13.39  -51.6    8.6     68      0   5112  24211      2   14.3
  27.24  12.93  -51.4    8.2    100      0   5202  24655      2   14.1
  25.45  14.33  -49.4    5.3     99      0   5292  25098      2   13.9
  23.68  14.15  -49.2    6.4     94      0   5382  25571      2   13.7
  22.03  14.56  -47.3    6.3    162      0   5472  26047      2   13.5
  20.58  14.18  -45.7    5.9     72      0   5562  26499      2   13.3
  19.24  13.55    -46    9.2    111      0   5650  26947      2   13.1
   17.9  12.86  -46.6    8.6    101      0   5740  27428      2     13
  16.67  12.18  -45.6    7.3    105      0   5830  27899      2   12.8
  15.54  11.37  -44.6    9.5    100      0   5920  28365      2   12.6
  14.48  10.99    -44   12.1    105      0   6010  28839      2   12.4
  13.49  10.16  -43.9   14.3    118      0   6100  29314      2   12.3
  12.54    9.6    -44   10.7     94      0   6190  29805      2   12.1
  11.68   8.77  -43.5    7.5    126      0   6280  30284      2   11.9
   10.9   8.36  -41.5   12.2     87      0   6370  30748      2   11.7
  10.21   7.89  -38.7    8.5    102      0   6460  31198      2   11.5
   9.59    7.6  -38.4   14.8    102      0   6548  31627      2   11.4
   8.97   7.19  -35.7   10.3     89      0   6638  32089      2   11.2
   8.37   6.55  -33.3   14.2    101      0   6728  32566      2     11
   7.86   6.03  -31.9   14.9     79      0   6818  33014      2   10.8
   7.36   5.62  -30.7     19     93      0   6908  33479      2   10.7
