# 2008-10-15 10:48

# Pressure # O3PartialPressure # Temperature # WindSpeed # WindDirection # LevelCode # Duration # GPHeight # RelativeHumidity # SampleTemperature 
 951.38   1.28   19.7    2.1    120      2      0    631     59   25.2
 903.39   3.96   16.6    1.3     95      0     88   1073     64   25.8
 851.77   3.23   12.6    0.8     32      0    178   1572     82   26.4
 810.58   3.02     10    0.5    166      0    266   1987     77   26.9
 778.01   3.11    7.7      7    200      0    356   2327     72   27.3
 740.57   3.32    5.1    3.8    200      0    446   2732     70   27.7
 706.14   3.47    3.1    4.2    207      0    536   3119     50     28
  669.7   3.41    2.6    3.1    347      0    624   3547     35   28.2
 631.59   3.09   -0.8    1.8    147      0    714   4018     43   28.5
  597.1   3.59   -2.4    1.9    313      0    804   4465     23   28.7
  563.4   3.31   -4.4    6.2     36      0    894   4924      6   28.7
  530.3   3.17     -7    7.5     36      0    984   5398      9   28.9
    500   2.67  -10.4      9     39      3   1072   5854     20   28.9
 470.97   2.08    -14    8.3     12      0   1162   6311     35     29
 445.79   2.61  -16.1   13.9     36      0   1252   6726      8     29
 420.32   2.09  -19.3     15     42      0   1342   7166     11   28.9
  396.5   1.95  -23.4   15.8     36      0   1430   7596     12   28.9
  372.2   1.94  -27.3   15.6     39      0   1520   8055     11   28.8
  348.8   1.74  -31.7   16.7     35      0   1610   8518     18   28.6
 327.91   1.48  -35.2   17.1     34      0   1700   8951     19   28.4
 307.74    1.4  -39.1   18.2     35      0   1790   9390     27   28.3
  289.8   1.55  -42.2     21     40      0   1878   9799     29   28.1
 269.33   1.35  -46.6   22.6     34      0   1968  10290     44   27.8
    250   1.15  -50.5   25.6     39      3   2057  10779     32   27.4
 233.26   1.31  -53.9   25.6     36      0   2146  11227     22   27.1
 215.94   1.46  -58.2   22.8     36      0   2236  11717     29   26.7
 200.05    1.9  -61.3   25.2     19      0   2326  12195     32   26.2
 183.22   2.33  -61.6   20.1     40      0   2414  12739     24   25.8
 171.16   2.07  -59.8   16.7      1      0   2504  13162     13   25.3
 159.34   1.72  -60.7   13.8     16      0   2594  13609      7   24.8
 147.58   1.35  -63.1    8.5     32      0   2682  14083      6   24.4
 137.43   1.61  -63.8    8.4      2      0   2772  14520      7     24
 126.73   1.95  -66.9    9.8     14      0   2862  15013      7   23.6
 117.58   2.36  -67.3    3.8    347      0   2952  15465      7   23.2
 108.74   2.69  -66.1      3    286      0   3042  15938      6   22.8
 100.67   3.49  -65.5    6.6    319      0   3132  16406      6   22.4
   93.1   6.23  -64.5    8.6    334      0   3220  16882      5     22
  86.27   5.27  -64.5    5.8    319      0   3310  17347      4   21.6
  80.65   5.34  -63.6    1.7    322      0   3400  17760      4   21.2
  74.77   5.97  -65.4    4.5    311      0   3490  18222      4   20.7
  70.02   6.69  -64.2    2.8    337      0   3580  18623      4   20.3
  65.62   7.98  -64.1    3.4      7      0   3668  19021      4   19.9
  60.98   9.52  -63.3    3.2    333      0   3758  19470      3   19.6
  56.62   9.99  -63.5    3.9    332      0   3848  19926      3   19.3
  52.84   9.57  -62.3    3.2    106      0   3938  20351      3     19
  49.47  10.37    -61    3.5     83      0   4026  20758      3   18.8
  46.01  10.56  -60.3    3.1     79      0   4116  21210      3   18.5
  42.83  11.78  -57.1    4.2    296      0   4206  21660      3   18.3
  39.84  12.22  -58.6    5.4    320      0   4296  22117      3   18.1
  36.96  12.08  -58.2    5.8     17      0   4386  22589      3   17.9
  34.37  12.36  -58.2    1.2    317      0   4476  23047      3   17.6
  31.93  12.55  -56.4      4     31      0   4566  23512      3   17.4
  29.73  12.91  -55.4    2.1    302      0   4654  23967      3   17.2
  27.53   12.9  -54.9      2      6      0   4744  24457      3     17
  25.45  12.45  -54.6    3.6     95      0   4834  24960      3   16.8
  23.68  12.46  -53.4    6.2    175      0   4924  25421      3   16.6
  21.98  12.07    -53    2.7    147      0   5014  25902      3   16.5
  20.34  11.32    -53    1.4    150      0   5104  26401      3   16.3
  18.88  11.31  -52.4    8.4    127      0   5192  26880      3   16.1
  17.48  11.23  -51.2    2.1    180      0   5282  27380      3     16
  16.22  10.76  -51.4    3.2    159      0   5372  27869      3   15.9
  15.03   10.2  -51.1    7.5    220      0   5462  28367      3   15.8
   13.9   9.52  -50.6    9.1    257      0   5552  28871      3   15.7
   12.9   8.53  -51.6    6.3    249      0   5642  29357      3   15.6
  11.92   7.87  -50.8    9.9    282      0   5732  29872      3   15.4
     11    7.3  -50.5    9.4    295      0   5822  30394      3   15.3
  10.23   6.88  -50.2      3    293      0   5912  30870      3   15.2
   9.52   6.47  -45.9    7.6    299      0   6000  31347      2   15.1
   8.85   6.23  -45.7    9.7    276      0   6090  31828      3     15
   8.23   5.74  -44.7   12.8    286      0   6180  32313      2   14.9
   7.66   5.39  -43.3   15.4    277      0   6270  32794      2   14.8
   7.16   5.05  -41.1   18.2    266      0   6360  33251      2   14.7
   6.66   4.63  -40.8   20.7    270      0   6450  33749      2   14.6
   6.17   4.28  -39.9   12.1    257      0   6540  34271      2   14.4
