# 2009-06-03 11:26

# Pressure # O3PartialPressure # Temperature # WindSpeed # WindDirection # LevelCode # Duration # GPHeight # RelativeHumidity # SampleTemperature 
 942.13  4.640   28.1    1.2    280      2      0    631     21   25.9
 881.60  5.200   21.1    2.0    191      0     88   1211     34   26.5
 831.83  5.660   16.9    1.5    218      0    178   1710     31   27.2
 796.65  5.620   14.2    5.5    317      0    268   2076     30   27.7
 760.17  5.340   10.5    6.0    293      0    358   2468     33   28.1
 723.24  5.140    6.8    7.6    300      0    448   2880     43   28.4
 683.08  4.330    3.0   10.3    297      0    536   3346     41   28.6
 644.83  4.090   -0.7    8.4    295      0    626   3809     44   28.6
 608.29  4.420   -1.8    5.1    220      0    716   4274      6   28.6
 575.07  4.370   -4.5    5.3    250      0    806   4718     11   28.5
 544.86  3.240   -8.1    5.8    271      2    896   5140     34   28.4
 511.85  3.510  -11.6    7.1    260      0    986   5622     15   28.2
 482.02  3.800  -14.6    6.9    287      0   1074   6079     14   28.0
 452.70  2.900  -18.6    9.6    267      0   1164   6551     66   27.7
 422.58  3.290  -22.4   11.6    261      0   1254   7060     50   27.4
 395.53  2.910  -25.9   11.9    259      0   1342   7543     63   27.0
 370.93  2.930  -29.6   14.5    265      0   1432   8004     40   26.6
 345.41  3.330  -32.9   15.1    261      0   1522   8509     58   26.1
 321.33  2.850  -36.9   18.1    263      0   1612   9013     65   25.6
 299.07  2.270  -41.2   19.7    262      0   1700   9505     66   25.1
 277.07  1.740  -45.8   19.7    259      0   1790  10019     63   24.5
 258.70  2.090  -49.6   19.1    256      0   1880  10472     61   24.0
 241.25  2.090  -53.6   20.4    257      0   1968  10925     52   23.4
 224.98  1.940  -56.8   19.3    255      0   2058  11370     50   22.8
 210.17  1.830  -60.8   17.3    254      0   2148  11798     48   22.1
 195.47  1.940  -63.6   19.0    255      0   2238  12245     46   21.4
 182.06  2.690  -65.2   23.6    257      0   2328  12678     50   20.7
 169.99  4.210  -63.2   21.0    268      0   2418  13098     31   20.0
 159.22  5.120  -60.0   14.3    256      0   2508  13502     12   19.3
 149.94  8.430  -57.1   14.3    278      0   2596  13879      4   18.7
 140.79  8.720  -58.8   11.9    263      0   2686  14275      3   18.2
 132.03  8.510  -58.5   14.0    268      0   2776  14678      3   17.6
 124.16  9.220  -58.1   15.2    265      0   2866  15065      2   17.1
 116.09 10.420  -56.9   12.8    290      0   2956  15491      2   16.6
 107.89  8.430  -58.4   12.8    254      0   3046  15952      2   16.2
 101.28  7.930  -57.7   19.6    267      0   3136  16351      2   15.7
  95.29  5.500  -58.7   15.5    283      0   3224  16735      2   15.2
  88.92  5.690  -59.3   10.5    298      0   3314  17170      2   14.9
  83.56  5.830  -60.2   12.8    288      0   3404  17558      2   14.5
  78.55  9.020  -60.5   10.5    290      0   3494  17942      2   14.2
  73.69  9.450  -61.9    7.0    310      0   3584  18339      2   13.9
  69.14  9.300  -60.6    8.4    280      0   3672  18734      2   13.7
  64.68  9.180  -59.9    4.4     11      0   3762  19150      2   13.4
  60.45  9.630  -60.8    0.9    342      0   3852  19571      2   13.2
  56.40  9.080  -60.8    2.3    269      0   3942  20001      2   12.9
  52.72 13.510  -57.8    3.0     61      0   4032  20424      2   12.7
  49.47 14.450  -58.0    1.8     96      0   4120  20825      2   12.5
  46.31 14.810  -55.8    4.6     64      0   4210  21242      2   12.3
  43.40 14.450  -56.5    0.8    124      0   4300  21654      2   12.1
  40.62 14.780  -54.4    4.1     46      0   4390  22075      2   11.9
  37.92 15.180  -54.5    2.2     43      0   4480  22516      2   11.7
  35.36 15.000  -55.6    7.3     86      0   4570  22961      2   11.5
  32.99 14.810  -54.7    5.2    118      0   4660  23405      2   11.2
  30.71 14.850  -53.2    7.2     84      0   4750  23863      2   10.8
  28.62 14.850  -53.3    5.7     97      0   4838  24317      2   10.5
  26.69 14.860  -51.6    2.7     84      0   4928  24767      2   10.2
  24.86 15.030  -50.6    8.0     92      2   5018  25229      2   10.0
  23.12 14.690  -50.0    5.9    121      0   5108  25704      2    9.8
  21.54 14.310  -48.8    4.7     27      0   5198  26166      2    9.6
  20.08 13.790  -49.3    8.1    109      0   5288  26629      2    9.5
  18.70 13.440  -48.4    4.9    118      0   5376  27095      2    9.4
  17.34 13.160  -47.4    4.5     82      0   5466  27595      2    9.3
  16.18 13.180  -44.0    6.4     78      0   5556  28053      2    9.2
  15.11 12.770  -42.4    9.9     67      0   5646  28515      2    9.2
  14.06 12.130  -42.8   10.9    114      0   5736  29003      2    9.2
  13.12 11.800  -41.0    7.2    145      0   5826  29470      2    9.1
  12.26 11.200  -39.9    5.0    120      0   5916  29935      2    9.1
  11.41 10.460  -41.0    6.0    129      0   6006  30424      2    9.3
  10.62 10.040  -40.0    8.4    155      0   6096  30912      2    9.2
   9.92  9.420  -39.0    1.5    252      0   6184  31377      2    9.1
   9.27  8.850  -37.5    2.9     14      0   6274  31841      2    9.2
   8.68  8.330  -36.9    3.9     78      0   6364  32298      2    9.2
