# 2009-03-04 10:46

# Pressure # O3PartialPressure # Temperature # WindSpeed # WindDirection # LevelCode # Duration # GPHeight # RelativeHumidity # SampleTemperature 
 926.17  2.180    7.5    5.5    225      2      0    631     79   25.2
 863.70  2.690    2.2   17.9    252      0     88   1201    100   25.4
 812.96  3.390    1.0   20.1    271      0    176   1690     94   25.5
 756.10  3.250   -3.2   26.1    279      0    266   2269    100   25.6
 711.85  3.100   -6.1   29.6    286      0    356   2744     99   25.7
 679.42  2.950   -8.0   23.5    289      0    444   3108     96   25.7
 642.01  2.640   -9.7   31.9    289      0    534   3546     95   25.7
 614.86  2.750   -9.9   23.9    279      0    624   3880     66   25.7
 583.84  3.210  -12.4   23.6    286      0    714   4278     45   25.6
 550.21  3.380  -15.9   25.4    298      0    804   4728     38   25.5
 517.51  3.180  -18.7   26.7    290      0    894   5188     39   25.6
 488.41  3.000  -22.5   25.7    287      0    984   5616     44   25.5
 457.14  2.580  -26.3   27.1    294      0   1074   6098     51   25.5
 423.51  2.170  -31.3   32.7    309      0   1164   6644     63   25.1
 397.66  1.940  -34.8   39.3    310      0   1252   7087     58   24.9
 368.49  1.540  -38.9   45.2    318      0   1342   7614     62   24.6
 344.73  1.380  -41.8   43.1    310      0   1432   8068     57   24.4
 321.64  1.450  -45.5   45.7    307      0   1522   8535     51   24.1
 300.76  1.750  -49.6   45.1    306      0   1612   8978     39   23.9
 280.27  1.980  -53.9   45.2    305      0   1700   9435     44   23.6
 260.47  2.410  -57.3   45.9    302      0   1790   9901     50   23.2
 241.90  4.540  -56.1   44.6    302      0   1878  10370     17   22.8
 222.74  5.300  -56.1   50.4    304      0   1968  10895      8   22.3
 208.84  5.000  -58.6   50.8    310      0   2058  11301     10   21.9
 193.19  6.420  -59.1   33.4    315      0   2146  11791      7   21.4
 178.02  6.570  -61.1   26.1    286      0   2236  12301      6   21.0
 167.03  7.470  -59.4   28.9    293      0   2326  12700      4   20.6
 156.07  8.110  -58.5   24.9    282      0   2416  13126      3   20.2
 147.76  4.380  -56.4   27.5    288      0   2504  13472      2   19.9
 139.05  3.840  -56.7   25.4    271      0   2594  13858      2   19.5
 131.81  8.480  -56.4   26.4    270      0   2684  14196      2   19.2
 124.16 11.150  -55.7   26.2    283      0   2774  14577      2   18.9
 115.92  9.420  -55.0   17.4    282      0   2864  15015      2   18.6
 108.24 10.140  -57.7   18.9    281      0   2954  15450      2   18.4
 101.01 15.820  -58.8   17.5    274      0   3044  15885      2   18.1
  95.03 15.300  -58.2   20.5    276      0   3134  16268      2   17.9
  90.22 14.800  -56.7   22.0    283      0   3224  16596      2   17.7
  85.29 17.610  -56.4   16.4    280      0   3314  16952      2   17.5
  79.36 14.390  -58.5   17.8    272      0   3404  17406      2   17.3
  74.06 16.500  -57.7   11.8    280      0   3494  17841      2   17.1
  69.34 16.840  -58.1   11.1    269      0   3582  18258      2   16.9
  64.30 16.680  -60.4   14.9    272      0   3672  18730      2   16.8
  59.45 14.860  -61.6   13.6    258      0   3762  19217      2   16.6
  56.00 10.560  -59.6   12.5    255      0   3852  19590      2   16.5
  52.30 12.470  -58.7    8.6    244      0   3942  20019      2   16.3
  48.35 12.230  -60.8    9.6    253      0   4030  20510      2   16.2
  44.57 13.070  -62.3   14.8    250      0   4120  21013      2   16.1
  42.06 14.100  -61.1   18.9    270      0   4210  21372      2   15.9
  38.97 18.000  -56.8   12.5    268      0   4300  21852      2   15.8
  35.28 17.560  -59.2    2.9    234      2   4390  22480      2   15.7
  33.13 17.070  -59.4    3.5    221      0   4480  22874      2   15.5
  30.76 16.780  -59.3    9.0    245      0   4570  23338      2   15.4
  28.69 15.490  -59.1    9.3    262      0   4658  23773      2   15.3
  26.31 13.790  -57.9   11.8    282      0   4748  24321      2   15.1
  24.51 13.230  -56.9    9.3    262      0   4838  24766      2   15.0
  22.81 12.080  -55.2   10.9    264      0   4928  25225      2   15.0
  21.06 12.260  -54.7   12.0    267      0   5018  25735      2   15.0
  19.58 11.200  -56.0   13.3    276      0   5106  26199      2   15.0
  18.12 10.820  -57.0   10.7    272      0   5196  26691      2   15.1
  16.80  9.830  -55.6   13.5    253      0   5286  27170      2   15.1
  15.74  9.420  -51.2   17.0    262      0   5376  27589      2   15.2
  14.61  8.650  -51.5   16.9    257      0   5466  28075      2   15.1
  13.47  8.040  -48.6   24.8    263      0   5556  28605      2   15.0
  12.59  7.480  -48.3   19.3    271      0   5646  29051      2   14.9
  11.66  7.480  -46.0   28.2    268      0   5736  29556      2   14.8
  10.73  6.730  -46.7   24.5    287      0   5826  30110      2   14.7
   9.90  6.420  -45.8   25.1    273      0   5914  30643      2   14.7
   9.21  5.980  -44.2   25.9    274      0   6004  31123      2   14.7
   8.60  5.740  -43.0   28.6    270      0   6094  31589      2   14.8
   7.86  5.300  -42.9   31.6    268      0   6184  32191      2   14.8
   7.20  4.980  -40.5   36.3    274      0   6274  32785      2   14.7
