# 2009-09-23 10:51

# Pressure # O3PartialPressure # Temperature # WindSpeed # WindDirection # LevelCode # Duration # GPHeight # RelativeHumidity # SampleTemperature 
 950.22  2.460   24.9    4.0     50      2      0    631     33   27.1
 898.77  3.150   18.3    8.3     70      0     90   1113     51   27.9
 864.97  3.610   15.2    8.7     65      0    180   1440     59   28.6
 831.83  3.780   12.2   11.9     70      0    268   1769     64   29.2
 795.29  3.870    8.7   11.3     64      0    358   2144     77   29.7
 754.99  3.830    6.0   11.0     88      0    448   2572     71   30.0
 718.31  4.240    3.4    7.0     93      0    538   2978     80   30.4
 688.77  4.120    0.7    7.3     93      0    628   3318     81   30.9
 658.20  3.990    0.2    9.4     73      0    718   3682     60   31.2
 621.95  3.980   -1.8   11.8     96      0    808   4134     51   31.4
 590.15  3.750   -3.5   14.5     88      0    898   4551     38   31.7
 555.48  3.550   -5.8   10.4     84      0    988   5027     25   31.9
 521.06  3.180   -9.2    9.6     77      0   1078   5525     15   32.1
 489.85  2.540  -12.6   10.1     76      0   1168   6000      9   32.2
 459.61  2.710  -16.3   14.2     67      0   1258   6483      6   32.2
 434.93  3.060  -19.9   15.8     68      0   1348   6895     12   32.3
 412.29  2.930  -23.8   16.1     60      0   1438   7289     18   32.3
 390.25  2.830  -25.2   17.8     64      0   1528   7688      7   32.2
 367.86  4.030  -27.3   20.8     64      0   1618   8116      5   32.2
 342.64  2.790  -31.3   27.8     73      0   1708   8623     11   32.1
 314.73  2.140  -35.6   27.1     67      0   1798   9219     11   31.9
 294.08  1.590  -39.5   28.9     65      0   1886   9687     16   31.9
 274.71  2.020  -42.8   34.6     66      0   1976  10150     15   31.7
 257.82  1.560  -45.2   38.2     58      0   2066  10575     18   31.4
 240.19  1.440  -49.3   35.5     57      0   2154  11044     19   31.2
 221.66  1.360  -53.5   36.1     56      0   2244  11565     23   30.9
 205.15  1.420  -56.4   36.6     63      0   2334  12060     22   30.6
 193.38  1.370  -58.8   32.2     63      0   2422  12433     16   30.3
 182.46  1.570  -60.6   28.9     54      0   2512  12795     19   30.0
 171.49  1.340  -61.3   31.2     45      0   2602  13180     15   29.7
 158.56  1.450  -64.0   28.5     61      0   2692  13664     13   29.4
 146.33  1.760  -65.4   24.8     41      0   2782  14153     14   29.1
 136.09  3.600  -63.9   17.0     65      0   2872  14597      7   28.7
 126.51  3.110  -63.3   13.0     56      0   2962  15044      6   28.3
 118.85  3.560  -62.5   11.9     44      0   3052  15429      4   28.0
 111.51  3.340  -63.9   11.7     47      0   3142  15821      4   27.6
 102.95  4.640  -62.1    6.9     57      0   3232  16314      3   27.3
  96.34  6.010  -60.3    2.2    108      0   3320  16725      3   26.9
  90.35  5.830  -61.7    2.6    120      0   3410  17124      2   26.5
  84.38  6.140  -62.2    1.6     25      0   3500  17545      2   26.2
  79.11  7.930  -58.5    2.6     92      0   3590  17946      2   25.9
  74.26  7.960  -59.7    5.5    129      0   3680  18343      2   25.5
  69.61  9.030  -59.7    3.8    174      0   3770  18747      2   25.2
  65.09  9.690  -58.4    3.7     93      0   3860  19168      2   24.9
  60.73 10.100  -59.0    1.3    203      0   3950  19602      2   24.7
  57.04 11.010  -56.8    1.0    216      0   4040  19999      2   24.5
  53.36 11.260  -56.8    3.5    251      0   4130  20420      2   24.2
  49.85 11.400  -55.4    5.9    204      0   4218  20854      2   24.0
  46.69 11.520  -55.5    7.9    222      0   4308  21270      2   23.8
  43.50 11.900  -55.3    6.9    177      0   4398  21721      2   23.6
  40.40 11.550  -56.8   11.1    226      0   4488  22191      2   23.4
  37.74 12.110  -55.2    8.5    277      0   4578  22624      2   23.2
  35.27 12.680  -53.9    4.1    272      0   4668  23057      2   23.0
  32.71 13.150  -54.1    3.7    219      0   4758  23541      2   22.9
  30.39 13.170  -54.5    4.1    234      0   4848  24011      2   22.7
  28.41 13.490  -51.8    7.8    230      0   4936  24445      2   22.5
  26.41 13.230  -52.0    5.6    238      0   5026  24919      2   22.4
  24.44 12.540  -53.0    6.2    241      0   5116  25419      2   22.2
  22.68 12.590  -52.7   11.6    244      0   5206  25903      2   22.0
  21.03 12.280  -52.4    7.7    309      0   5296  26389      2   21.8
  19.59 11.700  -52.3    7.9    299      0   5384  26849      2   21.7
  18.25 11.120  -50.7    6.4    307      0   5474  27306      2   21.5
  16.95 11.000  -49.9   10.3    290      0   5564  27791      2   21.4
  15.74 10.380  -48.2    7.6    326      0   5654  28275      2   21.2
  14.64 10.050  -48.2    7.6    321      0   5744  28752      2   21.1
  13.62  9.590  -47.8    2.5    203      0   5834  29232      2   20.9
  12.67  9.010  -47.7    3.0    265      0   5924  29707      2   20.7
  11.82  8.530  -47.0    4.2    232      0   6014  30165      2   20.5
  11.01  7.950  -46.1    9.9    226      0   6104  30638      2   20.3
  10.30  7.480  -44.0    6.3    237      0   6194  31083      2   20.1
   9.65  7.100  -43.0    9.8    247      0   6282  31526      2   19.9
   8.99  6.610  -42.2    5.9    249      0   6372  31999      2   19.7
