# 2010-01-13 10:57

# Pressure # O3PartialPressure # Temperature # WindSpeed # WindDirection # LevelCode # Duration # GPHeight # RelativeHumidity # SampleTemperature 
 942.13  0.310    4.6    1.6    150      2      0    631     94   17.2
 890.69  2.450    2.7    6.7    226      0     88   1087    100   17.8
 846.38  3.410    1.2   12.6    253      0    178   1499    100   18.2
 806.63  3.480   -0.6    9.7    253      0    268   1886     98   18.7
 769.13  3.460   -2.3   14.6    266      0    358   2265     96   19.1
 729.62  3.290   -4.3   19.9    280      0    448   2683     81   19.5
 694.34  3.210   -6.1   22.1    270      0    538   3072     86   19.8
 661.58  3.080   -8.6   19.5    281      0    628   3449     91   20.1
 629.90  2.920  -10.8   26.1    279      0    718   3828     96   20.5
 596.08  2.990  -14.0   20.3    282      0    808   4250     79   20.6
 563.67  2.840  -14.0   27.1    281      0    898   4675     81   20.7
 533.80  2.650  -16.4   25.9    280      0    988   5086     82   20.9
 502.44  2.560  -19.2   28.9    287      0   1078   5539     83   21.0
 471.43  2.380  -22.4   31.2    283      0   1166   6010     80   21.1
 440.28  2.240  -25.8   33.9    284      0   1256   6509     79   20.9
 412.90  2.160  -29.0   37.9    281      0   1346   6972     80   20.9
 382.24  2.040  -33.7   40.9    290      0   1434   7518     82   20.9
 354.90  1.910  -37.0   46.9    301      0   1524   8034     58   20.8
 331.93  1.610  -39.3   56.7    290      0   1614   8495     61   20.7
 309.92  1.700  -43.4   56.7    291      0   1704   8961     57   20.6
 289.45  1.870  -46.7   61.8    296      0   1792   9417     52   20.5
 267.76  1.630  -50.0   70.6    297      0   1882   9929     53   20.3
 250.86  1.310  -53.1   78.0    295      0   1972  10352     50   20.1
 235.09  1.170  -57.0   77.8    296      0   2060  10767     54   19.8
 216.05  1.050  -62.0   79.0    298      0   2150  11295     52   19.5
 199.81  1.310  -63.8   69.4    304      0   2238  11775     46   19.2
 186.20  4.210  -60.2   44.9    306      0   2328  12211     17   18.9
 173.05  7.140  -57.5   35.9    287      0   2418  12671      5   18.6
 160.39  7.960  -57.0   43.4    286      0   2508  13152      3   18.2
 150.75  7.760  -57.8   38.5    288      0   2598  13544      3   17.8
 142.62  7.380  -56.4   36.9    289      0   2686  13895      3   17.5
 134.34  7.080  -56.0   30.3    294      0   2776  14274      2   17.2
 126.73  5.480  -55.7   29.8    284      0   2866  14645      2   16.8
 119.49  4.260  -57.0   35.1    291      0   2956  15019      2   16.4
 111.51  6.430  -59.2   23.9    288      0   3046  15454      2   16.0
 104.19  8.870  -59.3   23.9    286      0   3136  15880      2   15.6
  97.52  4.280  -60.7   23.6    294      0   3224  16292      2   15.3
  92.29  6.660  -59.9   20.2    276      0   3314  16636      3   14.9
  86.44 10.220  -58.7   19.2    313      0   3404  17045      2   14.7
  80.04 12.120  -61.0   16.9    293      0   3494  17524      3   14.4
  75.73 17.080  -58.8   21.9    279      2   3584  17870      3   14.1
  70.55 20.810  -57.0   10.6    301      0   3674  18317      2   13.9
  65.31 17.550  -58.5    5.0    232      0   3762  18803      2   13.7
  61.55 15.960  -58.9    8.2    299      0   3852  19176      2   13.6
  58.20 16.180  -57.9   11.7    307      0   3942  19526      2   13.4
  54.05 15.750  -60.0   11.4    263      0   4032  19989      2   13.3
  50.42 17.360  -58.9   21.6    259      0   4122  20425      2   13.2
  47.26 18.350  -57.2   23.3    274      0   4212  20832      2   13.0
  44.10 15.720  -57.3   24.0    295      0   4302  21269      2   12.9
  41.52 12.350  -54.4   15.1    309      0   4392  21652      2   12.8
  39.02 12.070  -55.0   12.5    323      0   4482  22049      2   12.7
  36.33 13.080  -55.3   12.4    295      0   4572  22505      2   12.6
  33.93 12.780  -57.7    5.3    270      0   4662  22938      2   12.5
  31.89 12.220  -58.7   11.5    290      0   4752  23329      2   12.5
  29.88 13.270  -57.2   16.7    322      0   4840  23739      2   12.3
  27.06 12.450  -58.5   14.4    303      0   4930  24363      2   12.2
  25.08 12.350  -58.4   15.9    293      0   5020  24840      2   12.0
  23.45 12.310  -58.3   16.5    296      0   5110  25261      2   11.9
  21.60 11.860  -58.6   19.9    318      0   5200  25777      2   11.7
  20.10 11.700  -57.2   21.6    302      0   5290  26232      2   11.6
  18.51 10.610  -57.5   21.3    317      0   5380  26751      2   11.4
  17.09  9.420  -56.5   18.0    311      0   5470  27258      2   11.1
  16.06  8.900  -54.5   21.9    313      0   5560  27656      2   10.9
  14.89  8.930  -53.9   18.9    313      0   5650  28140      2   10.7
  13.56  8.140  -55.2   14.7    311      0   5740  28738      2   10.5
  12.37  7.500  -56.3   16.0    292      0   5830  29326      2   10.3
  11.55  7.110  -56.0   18.8    292      0   5920  29760      2   10.2
  10.89  6.630  -53.9   21.5    285      0   6010  30139      2   10.1
  10.02  5.830  -53.3   28.8    302      0   6100  30671      2    9.9
   9.33  5.360  -49.2   36.8    292      0   6188  31138      2    9.8
   8.93  5.380  -45.3   34.0    299      0   6278  31427      2    9.8
   8.24  5.120  -43.6   37.6    303      0   6368  31967      2    9.7
   7.69  4.730  -40.0   41.2    311      0   6458  32435      2    9.7
   7.21  4.520  -37.4   37.5    306      2   6548  32878      2    9.4
