# 2010-10-20 10:48

# Pressure # O3PartialPressure # Temperature # WindSpeed # WindDirection # LevelCode # Duration # GPHeight # RelativeHumidity # SampleTemperature 
 945.36  1.980   15.5    0.0      0      2      0    631     32   19.6
 892.65  3.870   13.0    0.5    242      0     88   1112     29   20.8
 841.23  4.260   11.0    2.1    255      0    176   1609     32   21.9
 790.65  4.420    9.7    3.1     45      0    266   2124      9   22.7
 746.20  4.480    7.0    4.8      5      0    356   2601     11   23.4
 701.33  4.330    3.0    3.8    347      0    446   3106     15   24.1
 658.84  3.800    0.1    6.3    323      0    534   3608     11   24.7
 615.76  4.440   -1.7    2.5     16      0    624   4148      6   25.0
 575.49  3.900   -5.3    5.2     28      0    714   4682      8   25.4
 536.68  4.000   -9.0    5.2     13      0    804   5226      5   26.0
 499.63  3.620  -14.0    3.5    350      0    892   5774     10   26.3
 461.52  2.660  -18.4    4.7    333      0    982   6370      6   26.5
 425.07  2.190  -23.7    7.2    322      0   1072   6977     11   26.6
 392.83  2.510  -29.0    8.4    307      0   1160   7547     28   26.8
 360.66  2.380  -34.5    6.6    294      0   1250   8152     44   26.7
 331.12  1.670  -39.3    6.3    337      0   1340   8743     28   26.6
 303.63  1.640  -43.8    5.8    325      0   1430   9331     18   26.5
 276.19  1.500  -49.3    6.6    331      0   1518   9960     18   26.4
 257.38  1.320  -52.8    6.3    318      0   1608  10419     25   26.0
 241.55  1.210  -56.0    7.3    311      0   1696  10825     22   25.8
 226.36  1.250  -58.9   10.3    317      0   1786  11235     24   25.6
 212.23  1.740  -60.6    8.4    313      0   1876  11638     27   25.3
 198.84  2.060  -61.9    8.9    275      0   1966  12042     28   24.9
 185.97  1.880  -63.6    8.6    278      0   2056  12454     29   24.6
 174.28  2.720  -64.0   14.4    282      0   2146  12851     23   24.3
 163.04  3.140  -62.2   14.3    274      0   2236  13261      9   24.0
 153.39  4.050  -63.2   13.1    282      0   2326  13637      5   23.7
 144.48  4.410  -62.4   12.1    284      0   2414  14006      4   23.4
 135.40  4.370  -61.6   10.3    263      0   2504  14407      3   23.1
 126.54  4.990  -61.8   11.2    254      0   2594  14825      3   22.9
 118.18  5.070  -62.1   14.2    288      0   2684  15247      3   22.6
 111.05  4.510  -61.3   10.4    293      0   2774  15633      2   22.4
 104.19  4.050  -61.2   13.7    277      0   2864  16028      2   22.2
  97.90  3.890  -61.4   12.3    286      0   2952  16414      2   22.0
  91.64  4.040  -62.1   12.2    279      0   3042  16823      2   21.9
  85.87  5.670  -61.9   10.4    291      0   3132  17224      2   21.8
  80.42  6.380  -61.8   10.5    278      0   3222  17631      2   21.7
  75.38  7.230  -60.8   10.3    291      0   3312  18033      2   21.6
  70.53  7.600  -61.4    7.6    286      0   3402  18445      1   21.5
  66.31  8.810  -61.5   10.6    273      0   3490  18828      1   21.5
  62.22  9.130  -60.5   11.0    280      0   3580  19224      1   21.4
  58.30  9.110  -59.6    8.5    259      0   3670  19629      1   21.4
  54.48  9.410  -59.5    9.6    265      0   3760  20054      1   21.4
  50.92  9.780  -59.0    9.0    278      0   3850  20478      1   21.4
  47.64 10.310  -58.8    8.6    272      0   3938  20895      1   21.5
  44.43 10.700  -58.4   10.6    284      0   4028  21334      1   21.5
  41.34 10.720  -59.1    7.2    234      0   4118  21786      1   21.6
  38.65 10.980  -58.5    9.9    240      0   4208  22209      1   21.6
  36.04 11.580  -56.1   16.3    247      0   4298  22651      1   21.6
  33.52 11.870  -56.1   13.4    276      0   4388  23112      1   21.6
  31.21 11.840  -55.0   12.1    270      0   4478  23567      1   21.7
  29.05 12.450  -54.1    8.6    257      0   4568  24025      1   21.8
  27.03 12.470  -53.7   12.6    237      0   4658  24487      1   21.8
  25.15 12.490  -53.9   13.6    263      0   4748  24950      1   21.9
  23.35 12.260  -53.3   14.5    254      0   4838  25428      1   22.0
  21.63 12.000  -54.0   14.8    250      0   4928  25918      1   22.1
  20.11 11.870  -52.2   17.7    236      0   5018  26390      1   22.2
  18.78 11.750  -51.2   18.1    239      0   5106  26832      1   22.3
  17.50 11.550  -50.1   20.5    239      0   5196  27292      1   22.4
  16.18 11.140  -51.4   22.4    242      0   5286  27804      1   22.4
  14.92 10.530  -50.6   26.2    246      0   5376  28330      1   22.5
  13.83 10.110  -49.8   24.7    250      0   5466  28825      1   22.5
  12.83  9.580  -49.5   23.9    252      0   5556  29319      1   22.5
  11.90  9.210  -46.8   27.7    256      0   5646  29811      1   22.5
  11.11  8.540  -45.4   27.6    251      0   5736  30273      1   22.4
  10.30  7.980  -47.1   26.6    251      0   5826  30771      1   22.3
   9.58  7.420  -45.3   29.8    249      2   5914  31257      1   22.2
