# 2010-05-19 10:46

# Pressure # O3PartialPressure # Temperature # WindSpeed # WindDirection # LevelCode # Duration # GPHeight # RelativeHumidity # SampleTemperature 
 950.91  3.460   23.3    2.2    210      2      0    631     28   24.1
 900.09  3.760   17.3    4.1      7      0     88   1103     40   24.6
 854.06  3.850   13.6    6.6     20      0    178   1548     45   25.2
 814.15  3.730   10.3    8.8     10      0    266   1948     53   25.7
 767.07  3.370    8.9   10.9      9      0    356   2443     44   26.1
 726.60  2.850    6.4    7.2      5      0    446   2890     44   26.4
 689.78  3.090    3.2    7.0     31      0    534   3314     46   26.6
 649.42  3.100   -0.9    8.4     10      0    624   3799     54   26.7
 612.31  3.000   -4.3   10.4    356      0    714   4266     56   26.8
 579.44  3.060   -5.3   12.5     13      0    804   4700     45   26.7
 547.40  2.820   -7.8   11.6     11      0    894   5144     42   26.7
 514.36  2.610  -11.6   13.5      4      0    984   5625     46   26.5
 483.79  2.680  -14.6    9.7    349      0   1074   6092     40   26.4
 454.92  2.910  -17.5    7.7    338      0   1164   6555     47   26.1
 431.76  3.100  -20.4   11.5    346      0   1254   6944     44   25.8
 407.59  3.110  -24.2   12.5    353      0   1344   7367     40   25.5
 384.48  3.160  -27.0   11.3    355      0   1432   7790     24   25.2
 362.87  3.340  -30.2   11.4    352      0   1522   8205     28   24.9
 342.72  3.110  -33.8   11.6    357      0   1612   8608     32   24.6
 323.22  2.930  -37.5   15.9      3      0   1702   9015     41   24.2
 304.30  3.330  -40.5   17.0    360      0   1792   9429     30   23.8
 285.24  2.630  -43.7   15.2    355      0   1880   9866     29   23.4
 264.12  2.400  -48.0   14.8    348      0   1970  10378     31   23.0
 243.92  2.290  -51.0   19.5      1      0   2058  10899     16   22.5
 225.53  1.870  -54.8   21.7      2      0   2148  11404     16   22.0
 208.23  2.040  -58.3   26.7      3      0   2238  11910     25   21.4
 194.14  1.790  -61.7   27.9      6      0   2326  12348     32   20.8
 181.17  2.060  -64.8   28.5     11      0   2416  12773     38   20.2
 166.99  2.010  -66.8   23.4     13      0   2506  13267     36   19.7
 154.59  3.060  -63.7   18.6    359      0   2596  13734     22   19.1
 143.57  6.820  -63.0    8.9      7      0   2684  14189      6   18.6
 134.80  7.350  -62.0    6.4    359      0   2774  14577      4   18.0
 126.54  9.380  -60.0    4.3    345      0   2864  14970      3   17.5
 118.35  9.950  -60.6    5.3    306      2   2954  15386      2   17.0
 110.97  9.130  -59.9    5.3    321      0   3044  15789      2   16.4
 104.22  6.940  -59.7    5.2    315      0   3134  16182      2   15.9
  97.95  7.020  -59.7    5.6    309      0   3222  16569      2   15.4
  92.04  8.280  -58.9    5.8    303      0   3312  16958      2   15.0
  86.48  9.420  -58.1    5.1    357      0   3402  17349      2   14.7
  81.11  9.450  -58.7    0.9    218      0   3492  17753      2   14.5
  75.91  9.560  -58.1    4.4    340      0   3582  18168      2   14.3
  71.09 14.780  -57.0    3.4     65      0   3672  18583      2   14.1
  66.37 14.530  -58.1    4.7    147      0   3760  19016      2   13.8
  62.05 13.270  -58.8    3.5    103      0   3850  19440      2   13.5
  57.96 12.400  -58.3    5.1     93      0   3940  19869      2   13.2
  54.08  9.670  -59.0    5.9    121      0   4030  20303      2   12.9
  50.50 10.340  -58.6    3.3     91      0   4120  20734      2   12.5
  47.22 11.270  -58.0    4.4     64      0   4208  21156      2   12.2
  44.03 13.060  -56.7   11.3     80      0   4298  21598      2   12.0
  40.99 13.390  -57.3    7.3    107      0   4388  22051      2   11.7
  38.12 14.100  -55.5    3.6    117      0   4478  22511      2   11.4
  35.37 13.890  -55.5    3.2     80      0   4568  22987      2   11.2
  32.89 13.730  -55.7    6.7     74      0   4658  23450      2   10.9
  30.56 13.530  -55.0    5.6     70      0   4748  23919      2   10.7
  28.45 13.150  -55.0    8.0     80      0   4836  24376      2   10.4
  26.41 12.690  -54.0    9.3    105      0   4926  24851      2   10.1
  24.53 12.330  -52.3    4.3    124      0   5016  25328      2    9.9
  22.79 11.470  -52.0    5.8    127      0   5106  25802      2    9.7
  21.09 11.290  -50.3    3.9    119      0   5196  26310      1    9.5
  19.58 11.030  -50.2    5.9     89      0   5284  26794      1    9.3
  18.19 11.160  -46.8    2.7     25      0   5374  27279      1    9.1
  16.85 11.340  -46.1    3.9     23      0   5464  27786      1    9.0
  15.59 11.070  -45.5    6.6     47      0   5554  28304      1    8.9
  14.49 10.650  -44.4    8.3     89      0   5644  28791      1    8.8
  13.48 10.500  -41.4   10.8    134      0   5734  29275      1    8.8
  12.50 10.080  -40.6    9.1    173      0   5824  29790      1    8.6
  11.62  9.640  -39.3    6.8    204      0   5914  30292      1    8.5
  10.77  9.110  -38.1    8.2    246      0   6004  30813      1    8.6
  10.00  8.430  -38.5    2.2    210      0   6094  31321      1    8.5
   9.30  8.030  -37.1    5.1    258      0   6184  31820      1    8.3
   8.66  7.450  -37.2    5.9    257      0   6274  32312      1    8.1
   8.05  6.780  -35.0    5.0     46      0   6364  32820      1    7.8
