# 2011-02-09 11:14

# Pressure # O3PartialPressure # Temperature # WindSpeed # WindDirection # LevelCode # Duration # GPHeight # RelativeHumidity # SampleTemperature 
 949.29  1.590    8.1    1.1    107      2      0    631     59   17.4
 895.26  3.500    8.1    4.0    228      0     88   1116     70   18.2
 841.02  4.690    5.6    4.4    214      0    176   1628     34   18.9
 790.84  4.370    3.9    3.5    235      0    266   2129     25   19.5
 742.38  3.780    1.1    2.9    253      0    356   2639     30   20.0
 699.11  3.580   -1.2    2.0    300      0    444   3121     17   20.4
 654.83  3.540   -5.1    2.9    301      0    534   3639     37   20.8
 613.81  3.270   -8.9    4.9    297      0    624   4143     29   21.2
 573.67  2.940  -11.3    0.0      0      0    714   4664      9   21.5
 536.81  2.990  -15.1    1.4    104      0    804   5169     24   21.8
 502.57  2.850  -19.1    1.6    147      0    894   5664     20   22.0
 469.70  2.620  -23.3    2.9    180      0    982   6164     21   22.2
 438.67  2.550  -27.5    2.5    181      0   1072   6659     13   22.3
 409.18  2.190  -31.1    2.9    145      0   1162   7156     15   22.4
 380.66  1.860  -34.7    4.9    171      0   1250   7665     18   22.4
 351.96  1.670  -39.4    6.4    182      0   1340   8206     25   22.3
 328.31  1.570  -43.7    4.2    181      0   1430   8678     28   22.2
 304.23  1.480  -47.9    2.8    188      0   1520   9184     28   22.0
 280.81  1.800  -51.4    2.9    168      0   1608   9708     12   21.8
 258.70  3.150  -55.2    4.6    306      0   1698  10237     15   21.6
 241.78  3.940  -57.2    5.3    322      0   1786  10667     14   21.3
 224.54  4.680  -59.7    6.0    344      0   1876  11131     16   21.0
 209.04  4.440  -62.3    6.1    341      0   1966  11576     22   20.8
 195.75  5.210  -62.2    0.9    103      0   2054  11980      9   20.4
 182.11  7.180  -60.6    4.4    308      0   2144  12429      8   20.1
 170.74  6.410  -60.2    5.6    278      0   2234  12830      4   19.7
 160.43  6.840  -57.6    4.4    257      0   2324  13220      2   19.4
 149.98  6.620  -56.8    5.9    280      0   2412  13647      1   19.0
 140.65  6.080  -57.0    5.5    313      0   2502  14053      1   18.7
 132.55  5.710  -55.5    6.9    298      0   2592  14429      1   18.4
 124.58  5.400  -56.8    6.2    305      0   2682  14825      1   18.1
 117.00  3.690  -57.6   12.2    293      0   2772  15221      1   17.9
 109.89  2.870  -58.8   10.0    303      0   2862  15616      1   17.6
 102.83  2.850  -60.9    6.8    313      0   2952  16031      1   17.4
  96.62  2.930  -62.2    4.0    293      0   3040  16416      1   17.2
  90.52  4.020  -62.4    8.5    299      0   3130  16819      1   17.0
  84.77  5.050  -62.1    7.1    280      0   3220  17224      1   16.8
  79.32  8.690  -61.9    5.7    303      0   3310  17635      1   16.6
  73.94 11.160  -60.4    7.1    265      0   3400  18071      1   16.5
  68.78 10.650  -61.6    6.4    267      0   3488  18520      1   16.3
  63.86 12.010  -63.1    9.5    295      0   3578  18978      1   16.1
  59.67 17.620  -61.3    2.4    327      2   3668  19397      1   16.0
  55.78 18.920  -61.7    8.7    274      0   3758  19815      1   15.8
  52.14 19.620  -60.3    6.2    307      0   3848  20236      1   15.7
  48.67 19.610  -59.9    0.6    287      0   3936  20665      1   15.6
  45.23 20.040  -59.5   10.3    274      0   4026  21122      1   15.6
  41.98 18.670  -58.5    3.8    290      0   4116  21588      1   15.5
  39.00 18.060  -59.2    5.7    281      0   4206  22052      1   15.5
  36.33 17.290  -58.3    8.4    329      0   4296  22498      1   15.4
  33.81 15.830  -58.4    4.5    259      0   4386  22948      1   15.4
  31.38 15.080  -57.9    6.3    357      0   4476  23418      1   15.4
  29.18 14.020  -58.0    5.7      5      0   4564  23877      1   15.4
  26.99 12.940  -56.5    0.9    291      0   4654  24370      1   15.4
  24.98 12.100  -54.5    4.3    227      0   4744  24862      1   15.4
  23.20 11.130  -53.8    4.9    252      0   4834  25339      1   15.4
  21.44 10.780  -53.1    3.1    235      0   4924  25844      1   15.4
  19.95 10.270  -52.7    2.6    247      0   5012  26307      1   15.5
  18.51  9.620  -50.7    3.7    322      0   5102  26793      1   15.5
  17.10  9.080  -50.8    4.2    325      0   5192  27310      1   15.6
  15.82  8.960  -48.1    3.8    279      0   5282  27820      1   15.6
  14.63  8.670  -47.1    9.4    289      0   5372  28336      1   15.7
  13.51  8.140  -46.9   14.4    265      0   5462  28864      1   15.8
  12.55  7.810  -47.1   13.0    292      0   5552  29351      1   15.8
  11.68  7.120  -47.2   16.1    286      0   5642  29827      1   15.9
  10.81  6.650  -45.8   13.5    289      0   5732  30344      1   16.0
  10.07  6.080  -43.9   12.7    256      0   5822  30817      1   16.0
   9.45  5.650  -40.9   11.8    275      0   5910  31247      1   16.1
