# 2011-10-19 10:55

# Pressure # O3PartialPressure # Temperature # WindSpeed # WindDirection # LevelCode # Duration # GPHeight # RelativeHumidity # SampleTemperature 
 947.67  1.810   17.4    0.0      0      2      0    631     37   21.9
 894.83  4.220   15.9    5.8    279      0     88   1116     37   22.6
 843.08  5.030   13.3    7.5    278      0    176   1620     29   23.4
 790.84  4.410    9.1    9.5    282      0    266   2153     30   24.1
 739.13  4.400    4.1    9.0    280      0    356   2708     40   24.7
 687.93  3.310    0.5    4.5    314      0    444   3287     33   25.1
 638.26  2.680   -3.6    7.5    325      0    534   3884     64   25.5
 593.32  2.590   -7.8    8.2    293      0    624   4456     67   25.9
 552.10  2.350  -10.0    7.0    251      0    714   5015     41   26.1
 511.48  1.780  -14.8   10.1    304      0    804   5599     25   26.3
 473.16  1.630  -19.4   12.0    302      0    892   6183     41   26.4
 435.68  1.730  -23.4   11.5    281      0    982   6791     14   26.4
 400.00  1.630  -28.4   14.1    280      0   1072   7410     22   26.4
 365.80  1.560  -33.4   15.0    274      0   1162   8044     56   26.4
 333.64  1.570  -38.1   14.4    281      0   1252   8684     61   26.3
 304.90  1.450  -43.3   11.2    274      0   1342   9297     63   26.0
 281.23  1.380  -47.8   13.7    278      0   1430   9835     60   25.8
 260.47  1.220  -52.2   17.4    289      2   1520  10336     54   25.4
 245.05  1.090  -54.0   16.0    284      0   1608  10730     47   25.1
 228.30  1.040  -57.5   13.9    282      0   1698  11181     48   24.7
 213.22  0.970  -60.8   13.2    277      0   1788  11609     44   24.3
 197.92  0.900  -63.6   14.1    276      0   1876  12069     48   23.9
 185.38  1.220  -64.6   17.0    285      0   1966  12468     40   23.4
 173.51  1.780  -60.8   20.1    299      0   2056  12875     20   23.0
 162.92  1.940  -60.0   14.5    295      0   2146  13267      7   22.4
 150.60  2.180  -59.8    9.7    252      0   2236  13760      3   22.0
 141.96  2.250  -61.5    nan    nan      0   2324  14128      3   21.5
 133.04  2.270  -59.8    nan    nan      0   2414  14533      2   21.0
 125.19  2.210  -61.2    nan    nan      0   2504  14911      2   20.6
 117.98  2.290  -61.6   13.4    305      0   2594  15279      2   20.2
 111.02  2.410  -62.1    nan    nan      0   2684  15655      2   19.8
 104.24  3.260  -61.8    nan    nan      0   2774  16045      1   19.5
  97.83  3.830  -62.3    nan    nan      0   2864  16437      1   19.3
  91.84  4.690  -61.6    nan    nan      0   2954  16827      1   19.0
  86.21  5.300  -61.3    nan    nan      0   3044  17218      1   18.8
  80.91  6.780  -60.7    nan    nan      0   3134  17611      1   18.6
  75.93  7.840  -62.3    nan    nan      0   3224  18005      1   18.4
  71.00  8.230  -62.2    nan    nan      0   3314  18418      1   18.2
  66.44  8.640  -61.9    nan    nan      0   3402  18829      1   18.0
  62.16  8.680  -61.6    nan    nan      0   3492  19242      1   17.9
  58.18  7.450  -61.8    nan    nan      0   3582  19652      1   17.7
  54.41  9.330  -62.0    nan    nan      0   3672  20066      1   17.5
  50.72  9.480  -60.7    nan    nan      0   3762  20501      1   17.4
  47.26  9.130  -60.0    nan    nan      0   3850  20941      1   17.3
  44.18  9.650  -58.9    nan    nan      0   3940  21363      1   17.1
  41.28 10.390  -57.3    nan    nan      0   4030  21791      1   17.0
  38.37 10.640  -57.9    nan    nan      0   4120  22254      1   16.9
  35.84 11.210  -56.0    nan    nan      0   4210  22685      1   16.8
  33.40 11.060  -56.6    nan    nan      0   4300  23133      1   16.7
  31.08 11.260  -56.5    nan    nan      0   4390  23589      1   16.6
  28.97 11.270  -54.6    nan    nan      0   4478  24037      1   16.6
  27.00 10.870  -55.0    nan    nan      0   4568  24488      1   16.5
  25.13 11.010  -55.5    nan    nan      0   4658  24947      1   16.5
  23.28 10.580  -55.5    nan    nan      0   4748  25432      1   16.4
  21.65 10.350  -54.1    nan    nan      0   4838  25898      1   16.4
  20.10  9.600  -54.2    nan    nan      0   4928  26376      1   16.4
  18.58  9.230  -54.7    nan    nan      0   5016  26880      1   16.3
  17.33  8.930  -51.6    nan    nan      0   5106  27326      1   16.3
  16.11  8.490  -48.8    nan    nan      0   5196  27803      1   16.2
  14.87  8.020  -49.9    nan    nan      0   5286  28326      1   16.2
  13.75  7.980  -49.5    nan    nan      0   5376  28838      1   16.1
  12.76  7.930  -48.7    nan    nan      0   5466  29326      1   16.1
  11.81  7.380  -49.9    nan    nan      0   5556  29833      1   16.1
  10.89  7.090  -49.1    nan    nan      0   5646  30363      1   16.1
  10.11  6.640  -47.1    nan    nan      0   5736  30852      1   16.0
   9.50  6.360  -44.2    nan    nan      0   5824  31269      1   16.0
   8.90  5.890  -44.2    nan    nan      0   5914  31706      1   16.0
   8.34  5.500  -42.2    nan    nan      0   6004  32144      1   15.9
