# 2012-12-19 10:50

# Pressure # O3PartialPressure # Temperature # WindSpeed # WindDirection # LevelCode # Duration # GPHeight # RelativeHumidity # SampleTemperature 
 949.29  0.200    8.4    1.0     39      2      0    631     96   19.9
 895.05  1.370    6.3    3.3    197      0     88   1116     99   20.4
 840.20  2.300    3.3    2.8    220      2    176   1633     98   20.7
 786.41  3.620    6.8    9.9    241      0    266   2174      8   20.9
 738.59  3.310    5.2   13.1    261      0    356   2688     18   21.0
 695.53  3.640    3.4   13.6    260      0    444   3176      5   21.1
 650.84  3.030    0.2   15.6    263      0    534   3713     39   21.3
 607.69  2.820   -5.0   17.1    273      0    624   4257     56   21.6
 569.48  2.630   -9.4   18.5    280      2    714   4763     79   21.8
 530.04  2.600  -11.1   19.3    272      0    804   5318     79   21.8
 494.41  2.480  -14.9   19.1    272      0    892   5849     82   21.9
 459.38  2.300  -18.8   22.2    270      0    982   6401     76   22.0
 426.42  2.100  -22.6   25.1    272      0   1072   6952     76   22.1
 395.14  1.930  -26.6   22.9    277      0   1162   7506     72   22.0
 364.82  1.750  -30.8   22.6    262      0   1252   8077     77   21.9
 335.93  1.700  -34.8   25.1    265      0   1342   8658     60   21.7
 313.04  1.650  -38.2   24.1    266      0   1432   9147     57   21.6
 293.57  1.530  -42.1   25.1    266      0   1522   9585     62   21.5
 271.64  1.230  -46.1   30.5    269      0   1612  10105     53   21.2
 256.81  1.100  -49.6   31.6    269      0   1702  10475     51   21.0
 240.96  1.070  -53.4   31.0    269      0   1790  10889     48   20.7
 226.08  0.980  -57.0   30.0    265      0   1880  11296     48   20.5
 211.61  0.920  -60.4   32.5    266      0   1970  11711     44   20.1
 197.10  0.920  -64.6   32.6    269      0   2058  12149     45   19.8
 184.66  0.910  -67.8   33.3    271      0   2148  12544     40   19.5
 173.98  1.140  -69.0   34.3    269      0   2238  12901     38   19.2
 162.09  1.670  -66.8   41.5    271      0   2328  13325     40   18.8
 152.86  2.410  -65.6   37.2    276      0   2418  13681     18   18.4
 144.23  2.470  -64.4   43.6    271      0   2506  14035      8   18.0
 136.82  1.950  -63.2   47.6    276      0   2596  14359      4   17.6
 128.69  1.420  -63.9   45.5    278      0   2686  14735      2   17.3
 121.01  1.440  -65.9   40.0    278      0   2776  15110      2   17.0
 114.01  1.510  -67.5   36.9    278      0   2866  15471      2   16.8
 107.19  1.600  -69.0   33.4    278      0   2956  15841      2   16.5
 100.35  1.630  -70.9   33.9    275      0   3046  16234      3   16.2
  93.67  2.610  -71.8   35.7    273      0   3134  16640      4   15.9
  87.42  4.610  -71.8   37.4    278      0   3224  17047      4   15.6
  81.92  3.090  -72.2   34.4    282      0   3314  17429      4   15.3
  76.75  3.190  -70.9   27.8    277      0   3404  17814      4   15.0
  71.73  4.020  -72.5   28.1    274      0   3494  18212      4   14.8
  66.73  5.220  -72.0   30.8    278      0   3582  18637      4   14.5
  61.73  7.940  -71.0   23.7    290      0   3672  19099      3   14.2
  57.39  8.850  -72.0   24.5    281      0   3762  19530      3   13.9
  53.36  8.540  -73.4   26.0    290      0   3852  19957      3   13.7
  49.98  9.160  -73.5   22.3    283      0   3940  20340      3   13.4
  47.20 10.890  -71.7   26.5    265      0   4030  20675      3   13.3
  44.70 11.430  -71.4   25.2    257      0   4120  20997      2   13.1
  42.07 11.300  -71.2   31.6    273      0   4210  21356      2   13.0
  39.30 11.670  -70.2   28.8    273      0   4300  21760      2   12.9
  36.51 12.160  -68.8   28.1    273      0   4390  22199      2   12.9
  34.08 11.760  -70.6   26.4    280      0   4480  22609      1   12.9
  31.99 12.030  -70.8   24.6    269      0   4570  22985      1   12.8
  29.84 12.120  -71.6   28.8    269      0   4660  23395      1   12.8
  27.49 12.050  -72.6   30.1    271      0   4750  23880      2   12.9
  25.36 11.550  -72.7   33.4    273      0   4840  24353      2   13.0
  23.54 10.470  -71.0   34.0    273      0   4930  24793      1   13.1
  21.57  9.500  -70.8   36.5    283      0   5020  25308      1   13.2
  19.99  9.850  -68.9   36.2    272      0   5108  25763      1   13.2
  18.74 10.330  -65.1   37.0    270      0   5198  26153      1   13.1
  17.08  9.750  -64.8   42.3    266      0   5288  26718      1   12.9
  15.72  8.960  -63.8   42.5    266      0   5378  27227      1   12.8
  14.72  8.620  -61.7   46.3    261      0   5468  27632      1   12.8
  13.59  8.050  -59.8   50.0    265      0   5558  28126      1   12.8
  12.56  7.480  -59.6   48.6    263      0   5648  28621      1   12.8
  11.80  6.920  -57.8   52.3    263      0   5738  29011      1   12.9
  10.85  6.600  -55.3   55.4    262      0   5828  29548      1   12.9
   9.93  5.820  -56.3   59.5    260      0   5916  30111      1   13.1
   9.24  5.360  -54.9   60.1    265      0   6006  30566      1   13.2
   8.65  5.040  -52.5   58.3    258      0   6096  30988      1   13.3
   8.12  4.250  -49.2   67.6    255      0   6186  31402      1   13.3
   7.59  4.330  -48.2   70.5    260      0   6276  31847      1   13.4
   7.02  3.950  -48.3   71.6    262      0   6366  32362      1   13.4
   6.63  3.780  -47.8   73.5    261      0   6456  32741      1   13.4
