# 2012-02-01 11:03

# Pressure # O3PartialPressure # Temperature # WindSpeed # WindDirection # LevelCode # Duration # GPHeight # RelativeHumidity # SampleTemperature 
 942.36  0.600    5.3    1.0    150      2      0    631     60   18.7
 893.74  2.810    3.3    1.9    286      0     88   1061     63   19.0
 847.21  3.650    2.8    5.2    309      0    176   1493     48   19.2
 801.53  3.410    1.6    4.6    321      0    266   1942     44   19.4
 760.54  3.410   -1.8    4.7    322      0    356   2362     43   19.5
 723.24  3.480   -5.0    7.5    320      0    446   2759     28   19.6
 686.59  3.280   -7.0    9.9    295      0    534   3165     25   19.6
 653.71  3.190   -9.0   12.9    290      0    624   3547     16   19.7
 619.53  3.250  -11.4   14.5    285      0    714   3960     12   19.7
 583.13  2.780  -14.9   16.5    291      0    804   4422     36   19.7
 549.54  2.660  -18.4   15.8    291      0    894   4867     24   19.6
 517.38  2.800  -21.7   17.1    287      0    984   5314     26   19.5
 490.68  2.890  -23.9   17.8    280      0   1072   5702     28   19.4
 463.32  2.420  -27.4   15.5    282      0   1162   6118     25   19.2
 438.13  2.330  -30.8   15.9    279      0   1252   6518     25   19.1
 410.78  2.190  -35.0   12.8    279      0   1342   6971     29   18.9
 383.92  2.150  -39.0   13.4    281      0   1430   7438     26   18.6
 358.55  2.180  -42.6   14.2    283      0   1520   7904     18   18.3
 338.07  2.180  -45.7   10.3    291      0   1610   8298     20   18.0
 321.25  2.000  -47.9    8.9    317      0   1700   8637     39   17.7
 304.75  1.610  -50.1    9.0    309      0   1790   8983     35   17.4
 287.75  1.500  -52.7   10.3    324      0   1878   9355     33   17.0
 271.18  1.510  -55.6    9.3    315      0   1968   9736     35   16.7
 256.00  1.810  -57.7    9.0    315      2   2058  10101     33   16.3
 242.85  2.110  -56.2   12.7    313      0   2146  10435     23   15.9
 228.69  2.750  -56.8   14.9    317      0   2236  10817     13   15.4
 215.62  3.650  -55.1    9.1    307      0   2326  11189      9   15.0
 203.45  4.790  -52.2   15.2    331      0   2416  11562      2   14.7
 191.59  5.040  -52.2   17.9    342      0   2504  11950      1   14.3
 181.22  4.940  -52.1   17.0    326      0   2594  12311      1   14.1
 171.49  4.840  -51.2   15.8    334      0   2684  12668      1   13.8
 161.34  7.180  -52.3   15.5    333      0   2774  13064      1   13.7
 152.83  5.390  -53.2   15.0    330      0   2864  13414      1   13.5
 145.51  4.570  -53.6   13.5    320      0   2952  13730      1   13.2
 137.23  5.350  -55.1   16.3    314      0   3042  14106      1   13.0
 128.32  5.660  -56.5   19.2    321      0   3132  14533      1   12.8
 121.04  2.990  -57.3   17.7    333      0   3222  14902      1   12.6
 114.71  4.250  -57.9   15.7    329      0   3312  15240      1   12.3
 107.66  4.880  -60.2   15.9    322      0   3402  15639      1   12.1
 100.47  4.340  -62.0   15.5    326      0   3492  16067      1   11.9
  94.52  4.460  -62.3   17.6    334      0   3580  16444      1   11.7
  89.06  4.720  -63.5   16.0    338      0   3670  16811      1   11.6
  83.01  4.410  -65.2   18.8    336      0   3760  17241      1   11.4
  77.26  4.370  -66.5   16.0    327      0   3850  17676      1   11.2
  72.72  6.190  -66.6   16.8    322      0   3940  18043      1   11.1
  68.48  8.510  -66.1   17.4    327      0   4028  18407      1   10.9
  63.20  9.600  -67.2   15.1    337      0   4118  18893      1   10.7
  58.22 12.020  -68.3   20.3    315      0   4208  19386      1   10.5
  54.68 13.320  -68.1   22.2    330      0   4298  19764      1   10.3
  51.54 13.230  -66.4   21.3    339      0   4388  20120      1   10.2
  47.53 14.670  -67.9   14.7    332      0   4476  20609      1   10.0
  43.96 17.800  -66.7   20.5    307      0   4566  21079      1    9.9
  41.51 17.620  -66.3   17.1    331      0   4656  21426      1    9.7
  38.34 16.480  -65.9   18.5    324      0   4746  21907      1    9.6
  34.80 15.280  -68.1   16.8    338      0   4836  22493      1    9.5
  32.21 14.630  -69.0   15.5    315      0   4926  22956      1    9.3
  30.46 14.290  -66.7   21.8    317      0   5016  23292      1    9.2
  28.24 14.330  -66.6   22.4    320      0   5104  23749      1    9.0
  25.60 13.320  -66.0   23.9    316      0   5194  24346      1    8.9
  23.69 13.340  -64.9   26.5    314      0   5284  24816      1    8.8
  22.05 12.280  -65.4   25.4    317      0   5374  25253      1    8.7
  20.06 12.140  -66.1   25.5    312      0   5464  25827      1    8.6
  18.36 11.520  -66.9   26.2    304      2   5552  26361      1    8.5
  17.21 10.280  -64.4   29.4    297      0   5642  26755      1    8.3
  15.86  9.470  -64.9   34.0    294      0   5732  27251      1    8.2
  14.33  7.680  -62.2   35.4    296      0   5822  27871      1    8.3
  13.26  7.270  -58.4   33.6    286      0   5912  28356      1    8.3
  12.17  7.120  -58.5   38.1    283      0   6002  28897      1    8.2
  11.12  6.780  -56.7   37.6    278      0   6092  29468      1    8.2
  10.46  6.610  -49.5   41.6    269      0   6182  29861      1    8.0
   9.79  6.320  -46.9   43.1    264      0   6270  30297      1    7.9
   8.99  5.930  -45.7   48.5    259      0   6360  30861      1    7.9
