# 2012-09-26 10:47

# Pressure # O3PartialPressure # Temperature # WindSpeed # WindDirection # LevelCode # Duration # GPHeight # RelativeHumidity # SampleTemperature 
 935.94  2.630   15.7    2.3    260      2      0    631     56   24.2
 862.65  2.980    7.6    7.1    277      0     90   1311     69   24.9
 801.34  3.340    3.9    7.6    280      0    178   1914     46   25.6
 749.12  3.300   -0.3   10.4    272      0    268   2457     41   26.0
 700.99  3.110   -2.6   12.2    276      0    358   2986     18   26.4
 657.55  3.210   -6.1   14.4    278      0    446   3490     16   26.6
 612.01  3.390   -9.5   16.6    274      0    536   4048     10   26.8
 569.06  3.850  -12.9   23.6    255      0    626   4605      5   26.9
 527.97  3.310  -15.7   36.3    239      0    716   5174     74   27.0
 487.10  3.800  -19.0   37.5    235      0    804   5777      4   26.9
 449.40  5.010  -22.8   40.4    237      0    894   6373      4   26.8
 411.69  4.020  -26.1   50.0    239      0    984   7011      5   26.7
 380.56  3.360  -28.4   53.9    239      0   1072   7577      5   26.5
 352.56  2.240  -32.5   56.6    239      0   1162   8120      8   26.5
 325.04  2.420  -36.9   59.7    236      0   1252   8688     13   26.3
 293.14  2.060  -42.7   60.8    239      0   1340   9393     12   26.0
 270.85  1.470  -45.9   61.6    240      0   1430   9924     11   25.9
 248.79  1.740  -49.1   62.8    245      0   1518  10485     12   25.6
 230.99  2.710  -50.6   57.3    247      0   1608  10971      8   25.2
 212.59  2.880  -52.2   50.7    252      0   1698  11510      5   24.9
 196.86  3.240  -53.9   43.6    250      0   1786  12005      3   24.6
 182.91  2.770  -54.9   38.5    247      0   1876  12476      3   24.3
 171.24  2.860  -55.8   34.9    245      0   1966  12896      3   23.9
 158.68  3.090  -57.9   36.3    238      0   2056  13378      3   23.6
 148.67  3.540  -57.7   34.0    246      0   2144  13788      2   23.2
 139.93  3.570  -59.0   32.1    240      0   2234  14170      1   22.8
 131.97  4.280  -58.7   32.3    249      0   2324  14537      1   22.4
 125.10  5.670  -57.5   31.9    250      0   2414  14874      1   22.1
 118.04  6.590  -56.6   28.2    257      0   2504  15241      1   21.8
 111.13  6.940  -57.5   23.5    255      0   2594  15623      1   21.5
 104.75  7.760  -57.7   18.0    264      0   2684  15996      1   21.2
  99.37  9.020  -57.8   16.1    243      0   2772  16328      1   21.0
  94.20  9.220  -58.5   15.7    242      0   2862  16665      1   20.8
  88.58  8.690  -57.4   13.6    225      0   2952  17054      1   20.6
  82.73  8.400  -59.0   18.7    215      0   3042  17484      1   20.5
  77.24  8.750  -59.0   20.5    232      0   3132  17913      1   20.4
  72.74  9.570  -57.6   16.9    245      0   3222  18291      1   20.3
  68.18 10.040  -55.1   15.9    253      0   3312  18701      1   20.3
  63.17 10.330  -55.6    7.6    255      0   3402  19189      1   20.2
  58.98 10.640  -57.3    5.6    247      0   3492  19624      1   20.1
  54.99 10.630  -59.7    6.9    225      0   3582  20064      1   20.1
  51.53 11.740  -56.4   10.3    203      0   3672  20475      1   20.0
  48.55 12.030  -54.5    8.5    248      0   3760  20853      1   19.9
  45.36 12.220  -54.5    3.1    272      0   3850  21288      1   19.9
  42.13 11.760  -57.0    6.2    233      0   3940  21759      1   19.9
  39.28 10.990  -56.2    8.1    224      0   4030  22201      1   19.9
  36.93 12.150  -54.7   10.6    194      2   4120  22593      1   19.8
  34.56 13.230  -54.5    7.9    225      0   4210  23018      1   19.9
  32.37 13.070  -55.6    7.9    217      0   4300  23435      1   19.9
  30.28 13.830  -51.7    7.6    259      2   4390  23864      1   19.8
  28.17 13.840  -52.3    5.8    262      0   4480  24332      1   19.8
  26.07 13.440  -51.8   10.4    195      0   4570  24832      1   19.8
  24.10 13.170  -51.6    8.7    202      0   4660  25342      1   19.9
  22.58 12.890  -51.3    7.1    185      0   4750  25763      1   19.9
  21.00 12.460  -50.2   11.1    252      0   4840  26235      1   19.9
  19.54 12.260  -50.3    7.6    200      0   4928  26705      1   19.9
  18.27 11.710  -51.5   12.9    210      0   5018  27145      1   19.9
  17.03 11.380  -49.1   11.4    257      0   5108  27602      1   19.9
  15.77 10.800  -48.2    4.4    255      0   5198  28109      1   20.0
  14.60 10.130  -48.1    8.5    198      0   5288  28613      1   20.1
  13.59  9.480  -49.8   14.1    227      0   5378  29086      1   20.1
  12.59  8.910  -48.6   13.7    240      0   5468  29588      1   20.0
  11.70  8.410  -47.1   12.8    258      0   5558  30071      1   20.0
  10.87  8.030  -45.4   18.4    244      0   5648  30558      1   19.9
  10.16  7.400  -44.1   13.0    262      0   5738  31010      1   19.9
   9.45  7.090  -42.6   15.5    262      0   5826  31500      1   19.8
