# 2012-05-09 10:54

# Pressure # O3PartialPressure # Temperature # WindSpeed # WindDirection # LevelCode # Duration # GPHeight # RelativeHumidity # SampleTemperature 
 946.74  1.560   23.1    1.1    163      2      0    631     40   23.9
 888.08  2.420   16.1    2.3    167      0     88   1180     56   24.4
 836.11  3.830   12.6    2.7    233      0    176   1689     35   24.9
 778.39  4.390    9.2    4.1    279      0    266   2285     40   25.2
 726.42  3.010    5.0    7.0    257      0    356   2854     67   25.4
 682.75  3.200    1.3    7.8    253      0    444   3357     62   25.6
 639.04  3.230   -1.4    6.6    254      0    534   3887     57   25.7
 598.71  3.640   -3.7    7.5    238      0    624   4405     39   25.6
 559.29  3.510   -7.2    9.0    255      0    714   4939     35   25.6
 519.28  3.840  -10.7    8.9    257      0    804   5513     16   25.5
 481.90  3.770  -15.0    8.9    257      0    894   6083     18   25.3
 446.45  4.080  -19.3    9.0    276      0    984   6655     16   25.0
 413.10  3.700  -23.3   13.1    271      0   1074   7228     17   24.7
 382.33  3.320  -27.6   12.2    279      0   1162   7789     32   24.5
 351.79  2.950  -32.4   14.6    280      0   1252   8382     36   24.2
 322.03  2.850  -36.8   14.6    288      0   1342   8999     22   23.9
 294.79  2.380  -41.9   16.6    304      0   1430   9605     30   23.5
 268.15  2.500  -46.8   23.4    308      0   1520  10239     23   23.2
 242.91  2.620  -52.3   22.8    299      0   1608  10887     32   22.8
 220.36  2.480  -56.0   24.9    281      0   1698  11511     35   22.3
 207.16  2.320  -59.0   25.7    278      0   1788  11901     36   22.1
 192.25  2.450  -60.7   23.2    289      0   1876  12367     26   21.5
 176.68  2.710  -63.4   19.0    292      0   1966  12889     25   21.0
 161.26  3.220  -61.9   18.8    272      0   2056  13450     17   20.6
 147.87  2.760  -64.4   18.2    251      0   2144  13985      7   20.0
 137.80  2.990  -63.3   18.3    264      0   2234  14415      6   19.6
 129.07  2.650  -64.3   21.9    274      0   2324  14816      5   19.2
 120.45  4.760  -64.6   14.2    267      0   2414  15238      3   18.8
 112.80  8.800  -63.2   16.2    286      0   2504  15641      2   18.4
 105.58  6.550  -62.0   11.3    267      0   2594  16049      1   18.0
  98.86  8.830  -60.3    8.4    307      0   2682  16456      1   17.7
  92.47  8.210  -60.0    5.9    284      0   2772  16873      1   17.3
  86.70  9.640  -59.2    3.3    290      0   2862  17275      1   16.9
  80.99 10.020  -59.8    3.6    324      2   2952  17702      1   16.6
  75.54 12.200  -58.3    2.5    212      2   3042  18137      1   16.2
  70.76  9.920  -57.8    6.0    315      0   3132  18548      1   15.9
  65.89 11.250  -58.2    5.9    115      0   3220  18998      1   15.6
  61.34 10.730  -59.9    2.4    144      0   3310  19446      1   15.3
  57.20  9.340  -59.1    1.1    157      0   3400  19884      1   15.0
  53.35 10.340  -57.1    8.4     87      0   3490  20324      1   14.8
  49.81 10.690  -56.6    6.0     32      0   3578  20757      1   14.6
  46.33 11.620  -56.5    7.4    134      0   3668  21218      1   14.4
  43.04 12.840  -56.0    2.4    145      0   3758  21684      1   14.2
  40.01 14.370  -55.3    5.4    352      0   3848  22150      1   14.0
  37.21 14.890  -53.7    7.4     34      0   3938  22614      1   13.9
  34.64 15.490  -53.5    6.2     41      0   4028  23075      1   13.7
  32.18 15.380  -51.8    8.0     61      0   4118  23549      1   13.6
  29.91 15.300  -52.7    7.5     83      0   4206  24023      1   13.4
  27.66 14.770  -52.9    5.2     90      0   4296  24527      1   13.3
  25.54 14.280  -52.8    7.0     67      0   4386  25042      1   13.1
  23.67 14.520  -51.5    9.7     55      0   4476  25537      1   12.9
  21.91 14.080  -52.3    9.5     88      0   4566  26037      1   12.8
  20.22 13.430  -50.7    9.4     76      0   4656  26555      1   12.8
  18.70 13.030  -50.2    8.6     88      0   4744  27063      1   12.8
  17.30 12.710  -48.9    5.8     94      0   4834  27574      1   12.8
  15.97 12.550  -48.6    4.9     51      0   4924  28097      1   12.7
  14.77 11.670  -47.7    9.3     78      0   5014  28612      1   12.6
  13.64 11.070  -46.2   16.2     64      0   5104  29143      1   12.4
  12.57 10.310  -45.7    8.2     78      0   5194  29683      1   12.3
