# 2012-11-28 10:54

# Pressure # O3PartialPressure # Temperature # WindSpeed # WindDirection # LevelCode # Duration # GPHeight # RelativeHumidity # SampleTemperature 
 935.71  2.420    8.2    7.2    275      2      0    631     47   19.5
 874.10  3.180    2.0    9.0    298      0     88   1186     60   19.9
 811.18  3.190   -2.6    9.6    339      0    176   1784     71   20.2
 752.42  2.970   -7.9   13.9    346      0    266   2375     97   20.5
 699.45  2.720  -11.2   20.6    352      0    354   2939     91   20.8
 653.07  2.830  -12.0   20.1    352      0    444   3465     39   20.9
 605.47  2.650  -16.7   18.6    351      0    534   4038     38   21.0
 561.47  2.720  -21.2   17.6    346      0    624   4600     25   20.9
 522.08  2.740  -26.1   17.3    349      0    714   5131     14   20.8
 485.09  2.590  -30.7   16.2    345      0    802   5658     17   20.7
 453.26  2.410  -34.6   19.5    351      0    892   6136     19   20.4
 425.07  2.490  -37.5   20.0    344      0    982   6581     15   20.1
 398.44  4.160  -37.8   26.6    345      0   1070   7028      7   19.8
 369.12  2.940  -37.7   36.4    343      0   1160   7555      4   19.5
 337.90  2.170  -41.7   38.8    344      0   1250   8159      5   19.2
 311.21  2.270  -45.4   39.9    346      0   1340   8712      7   18.9
 293.57  2.490  -47.2   39.7    346      0   1428   9100      4   18.7
 278.43  2.790  -47.6   36.2    342      0   1518   9451      4   18.3
 258.00  2.970  -47.6   35.3    338      0   1608   9954      3   17.9
 241.07  3.030  -48.4   31.1    347      0   1696  10401      3   17.5
 228.02  3.210  -50.0   32.8    342      0   1786  10766      2   17.1
 215.36  3.820  -47.4   26.2    332      0   1876  11140      1   16.7
 200.93  4.800  -47.8   25.8    323      0   1966  11599      1   16.3
 189.59  4.220  -48.1   28.0    325      0   2054  11981      1   15.9
 178.58  4.240  -48.8   27.9    329      0   2144  12375      1   15.5
 165.97  4.840  -50.5   25.0    330      0   2234  12855      1   15.1
 155.88  4.260  -51.2   24.4    334      0   2324  13263      1   14.8
 149.39  4.020  -50.1   27.4    330      0   2412  13539      1   14.5
 141.48  3.800  -49.3   31.3    323      0   2502  13895      1   14.2
 130.91  4.470  -50.1   23.1    319      0   2592  14404      1   13.9
 121.66  5.080  -51.7   25.8    313      0   2682  14881      1   13.7
 113.90  4.890  -53.0   21.9    331      0   2772  15307      1   13.6
 106.53  4.110  -55.1   21.8    325      0   2862  15736      1   13.4
  99.64  4.400  -55.5   17.2    334      0   2950  16163      1   13.2
  93.33  5.620  -55.6   15.1    343      0   3040  16580      1   13.1
  87.48  6.680  -55.6    8.2    290      0   3130  16992      1   12.9
  80.79  6.390  -60.2   11.4    289      0   3220  17494      1   12.7
  74.44  6.570  -60.8   15.6    308      0   3310  18001      1   12.6
  67.97  7.690  -56.0    7.9    334      0   3398  18572      1   12.4
  63.10  9.410  -56.5    8.4    342      0   3488  19044      1   12.2
  58.43  9.820  -57.4   14.2    318      0   3578  19528      1   11.9
  54.11 10.290  -57.8   18.0    322      0   3668  20013      1   11.8
  50.68 10.530  -58.6   16.0    317      0   3758  20426      1   11.6
  47.29 10.730  -59.9   16.0    323      0   3846  20859      1   11.4
  43.91 13.020  -57.4   13.8    343      0   3936  21324      1   11.3
  40.82 12.660  -59.3   10.3    343      0   4026  21783      1   11.1
  37.99 12.730  -58.2   13.8    339      0   4116  22233      1   11.1
  35.51 12.650  -58.3    6.0    324      0   4206  22659      1   11.2
  32.97 12.460  -59.4    8.3    343      0   4296  23125      1   11.2
  30.82 12.190  -60.9   11.0      3      0   4386  23546      1   11.1
  28.51 12.170  -60.3    9.2      7      0   4474  24030      1   11.0
  26.16 12.080  -62.7    4.7    317      0   4564  24563      1   10.9
  24.25 11.870  -62.2   16.8    314      0   4654  25033      1   10.9
  22.59 12.070  -60.4   18.4    332      0   4744  25470      1   10.8
  20.92 11.990  -57.2   13.9    332      0   4834  25952      1   10.8
  19.41 11.520  -57.8    7.9    320      0   4922  26424      1   10.8
  17.84 11.270  -59.7    9.3    300      0   5012  26953      1   10.7
  16.43 10.520  -58.6   17.7    304      0   5102  27470      1   10.7
  15.34 10.200  -59.3   13.9    307      0   5192  27903      1   10.6
  14.01 10.140  -59.7   15.0    288      0   5282  28469      1   10.6
  12.70  9.560  -60.7   21.2    273      0   5372  29078      1   10.7
  11.86  8.700  -60.5   25.1    271      0   5462  29507      1   10.7
