# 2012-01-25 10:52

# Pressure # O3PartialPressure # Temperature # WindSpeed # WindDirection # LevelCode # Duration # GPHeight # RelativeHumidity # SampleTemperature 
 947.90  0.980    5.5    1.0    100      2      0    631     60   19.4
 887.86  2.820    6.5    3.1    233      0     88   1167     68   20.0
 834.68  3.280    6.0    2.4    200      0    176   1673     34   20.6
 781.82  3.220    4.3    2.3    217      0    266   2207     22   21.1
 728.91  2.820   -0.2    3.1    198      0    356   2772     25   21.5
 681.58  3.010   -3.0    4.1    154      0    444   3306     13   22.0
 636.08  2.800   -6.2    5.3    150      0    534   3849     23   22.4
 592.89  2.650  -10.5    5.7    124      0    624   4395     25   22.8
 550.75  2.400  -13.7    7.3    139      0    714   4958     16   23.0
 509.73  2.200  -18.9    9.2    134      0    804   5540     22   23.2
 471.89  2.050  -23.7    8.2    123      0    892   6109     23   23.3
 435.15  1.920  -28.1    8.4    108      0    982   6696     20   23.3
 402.25  2.020  -32.9   10.9    106      0   1072   7254     17   23.2
 370.93  1.760  -38.3   11.4    111      0   1160   7818     29   23.2
 340.30  1.690  -42.9   11.1    121      0   1250   8405     25   23.0
 313.04  1.540  -47.3   12.1    121      0   1340   8962     21   22.9
 287.47  1.440  -52.0   15.8    121      0   1428   9520     25   22.6
 266.39  1.350  -55.5   16.9    131      0   1518  10009     22   22.4
 249.03  1.320  -58.3   14.8    137      0   1608  10436     17   22.0
 231.95  1.310  -61.9   13.3    144      0   1698  10879     15   21.6
 215.52  1.320  -64.5   12.6    132      0   1788  11331     19   21.2
 200.05  1.590  -64.5    8.9    120      0   1878  11785     23   20.8
 185.65  2.610  -64.0    8.2    120      0   1966  12242     18   20.2
 172.54  3.650  -63.4    7.6    199      0   2056  12690     10   19.8
 161.57  3.330  -61.2    6.0    233      0   2146  13097      3   19.4
 151.05  3.420  -61.4    5.6    244      0   2236  13515      2   19.0
 141.58  3.570  -60.0    5.4    283      0   2324  13917      2   18.6
 132.81  3.750  -60.5    4.8    238      0   2414  14315      1   18.2
 124.25  5.120  -59.2    6.7    273      0   2504  14732      1   17.9
 116.26  7.650  -59.3   11.6    260      0   2594  15146      1   17.6
 108.95  6.380  -58.7   11.5    273      0   2684  15554      1   17.3
 102.20  5.960  -59.4    9.8    284      0   2774  15955      1   17.0
  95.78  3.680  -60.3   13.6    276      0   2862  16361      1   16.8
  89.45  4.420  -62.8   14.5    285      0   2952  16784      1   16.6
  83.70  5.650  -62.5   10.7    281      0   3042  17193      1   16.4
  78.69  8.370  -62.5    8.2    298      0   3132  17574      1   16.3
  73.43  9.720  -61.8    8.3    303      0   3222  18001      1   16.2
  68.36  8.510  -63.5    6.5    280      0   3310  18443      1   16.1
  63.77  8.260  -64.1    4.4    273      0   3400  18869      1   16.0
  59.35 10.410  -64.1    6.1    286      0   3490  19307      1   15.9
  55.17 11.770  -64.2    6.6    268      0   3580  19755      1   15.7
  51.34 13.160  -64.5    9.6    293      0   3670  20194      1   15.6
  47.99 16.600  -62.4    2.6    352      0   3758  20607      1   15.5
  44.56 14.960  -63.0    7.9     23      0   3848  21065      1   15.4
  41.39 15.420  -63.4    5.5     37      0   3938  21518      1   15.4
  38.40 17.280  -63.3    3.8    237      0   4028  21980      1   15.3
  35.65 16.420  -64.2    7.9    225      0   4118  22435      1   15.2
  33.07 15.220  -63.8    4.9    268      0   4208  22896      1   15.2
  30.66 14.900  -62.2    5.4    310      0   4298  23360      1   15.1
  28.44 15.310  -62.3    5.7    347      0   4388  23827      1   15.0
  26.31 14.810  -62.1    7.1    349      0   4478  24309      1   14.9
  24.32 13.930  -62.4    1.8    297      0   4568  24794      1   14.8
  22.40 13.110  -63.6    3.6    261      0   4658  25302      1   14.7
  20.71 11.830  -63.5    6.4    297      0   4748  25782      1   14.6
  19.21 10.940  -62.0    5.3    294      0   4836  26243      1   14.5
  17.71 10.070  -62.3    7.5    342      0   4926  26748      1   14.4
  16.38  9.850  -61.0    7.4    318      0   5016  27231      1   14.4
  15.18  8.730  -59.5    8.2    329      0   5106  27705      1   14.3
  14.00  7.820  -58.5    5.2    299      0   5196  28210      1   14.3
  12.97  7.110  -55.8    9.8    253      0   5286  28692      1   14.3
  11.98  7.270  -53.7   12.4    271      0   5376  29201      1   14.4
  11.04  7.150  -51.9   10.4    296      0   5466  29728      1   14.4
  10.26  7.340  -50.1    8.5    288      0   5556  30199      1   14.4
   9.58  7.390  -50.3    7.2    290      0   5644  30653      1   14.4
   8.90  6.770  -47.6    nan    nan      0   5734  31134      1   14.4
