# 2012-10-03 10:47

# Pressure # O3PartialPressure # Temperature # WindSpeed # WindDirection # LevelCode # Duration # GPHeight # RelativeHumidity # SampleTemperature 
 948.59  2.900   20.3    1.6    253      2      0    631     52   22.9
 883.11  4.880   14.4    3.9    211      0     88   1240     60   23.6
 827.38  4.970    9.4    4.1    239      0    176   1786     72   24.3
 776.49  3.970    9.6    5.9    224      0    266   2312     10   24.9
 728.38  3.720    6.5    7.6    238      0    356   2840     19   25.5
 681.25  3.580    3.0    7.4    234      0    444   3384     17   26.0
 635.46  3.280   -1.2    8.4    228      0    534   3943     25   26.4
 592.02  2.960   -3.6    9.3    242      0    624   4504      7   26.7
 552.23  2.910   -6.9   12.8    245      0    714   5050     16   26.9
 514.23  2.830  -11.1   11.7    252      0    804   5602     35   27.1
 476.75  2.500  -15.7   11.4    252      0    892   6178     44   27.3
 440.81  2.670  -20.3   12.1    257      0    982   6764     48   27.3
 407.99  2.360  -25.0   13.6    249      0   1072   7331     44   27.4
 376.86  2.260  -28.2   15.6    255      0   1160   7904     24   27.3
 348.63  2.080  -32.6   15.1    255      0   1250   8457     27   27.2
 324.72  2.000  -36.5   15.0    251      0   1340   8953     25   27.0
 300.00  2.290  -41.3   16.6    254      3   1429   9496     24   26.8
 279.86  2.380  -45.4   16.4    256      0   1518   9964     27   26.5
 261.17  2.260  -48.7   15.1    255      0   1608  10422     21   26.1
 245.23  2.270  -51.7   12.6    253      0   1696  10833     25   25.8
 228.52  2.550  -55.1    9.9    262      0   1786  11287     30   25.4
 213.22  2.430  -58.6   10.8    260      0   1876  11726     37   24.9
 199.32  2.120  -61.3    9.2    254      0   1964  12146     45   24.6
 186.06  2.120  -62.2   12.2    243      0   2054  12572     36   24.2
 173.68  2.140  -63.4   15.4    258      0   2144  12996     27   23.7
 162.48  2.410  -63.5   15.3    265      0   2234  13405     16   23.3
 151.86  2.480  -62.2   14.4    249      0   2324  13821      8   22.8
 142.45  2.030  -62.8   18.4    251      0   2412  14216      6   22.4
 133.10  2.480  -63.1   16.8    263      0   2502  14633      5   21.9
 124.67  3.820  -62.4   14.7    269      0   2592  15037      4   21.4
 116.98  4.570  -63.2   12.9    274      0   2682  15429      3   21.0
 109.35  3.540  -63.1   14.3    248      0   2772  15844      3   20.6
 102.13  6.770  -62.7   13.5    269      0   2862  16264      3   20.2
  96.10  7.810  -61.4   13.2    247      0   2950  16640      2   19.9
  89.95  5.610  -61.2   12.6    264      0   3040  17050      2   19.6
  84.32  5.760  -60.3    9.1    254      0   3130  17452      2   19.4
  78.92  6.290  -60.5    9.6    268      0   3220  17864      2   19.2
  73.94  7.340  -59.5    8.5    269      0   3310  18270      2   19.0
  69.44  8.540  -59.2    7.7    252      0   3398  18663      2   18.9
  64.90  9.040  -58.2    5.3    225      0   3488  19088      2   18.7
  60.75 12.120  -57.7   12.2    211      0   3578  19505      2   18.7
  56.83 11.730  -56.3    8.8    243      0   3668  19925      2   18.6
  53.18 11.440  -56.0    2.5    272      0   3758  20348      2   18.5
  49.81 10.870  -56.0    3.7    218      0   3846  20763      2   18.5
  46.50 10.420  -58.1    6.8    231      0   3936  21199      2   18.5
  43.29 12.030  -54.0    4.3    231      0   4026  21653      2   18.4
  40.37 11.960  -56.3    9.5    249      0   4116  22098      2   18.4
  37.54 12.500  -56.0    6.6    226      0   4206  22560      2   18.4
  34.92 13.080  -55.3    3.8    201      0   4296  23022      2   18.4
  32.45 12.950  -56.2    3.5    201      0   4386  23487      2   18.4
  30.12 13.200  -55.2    1.2    167      0   4476  23962      2   18.4
  28.07 13.360  -54.0    1.5      1      0   4564  24413      2   18.4
  26.07 13.690  -52.8    4.9     15      0   4654  24888      2   18.4
  24.21 13.510  -52.3    2.6     97      0   4744  25366      2   18.4
  22.53 13.080  -52.3    4.5     91      0   4834  25832      2   18.5
  20.91 12.680  -51.9    5.5    128      0   4924  26316      2   18.5
  19.40 12.550  -51.1    6.4    105      0   5012  26803      2   18.5
  18.02 12.140  -50.8    7.2    147      0   5102  27282      2   18.5
  16.72 11.620  -49.3    5.3    145      0   5192  27769      2   18.6
  15.48 11.210  -48.8    3.2    157      0   5282  28275      2   18.6
  14.37 10.490  -48.7    4.1     26      0   5372  28764      2   18.6
  13.32  9.930  -47.8    2.0    108      0   5462  29261      1   18.7
  12.32  9.340  -48.4    7.9    176      0   5552  29779      2   18.7
  11.45  8.780  -47.7    2.4    198      0   5642  30259      2   18.8
  10.65  8.200  -47.8    2.4    298      0   5732  30736      2   18.8
   9.89  7.580  -46.5    5.2    283      0   5822  31224      1   18.8
   9.22  7.250  -45.4    3.3    312      0   5912  31695      1   18.8
