# 2012-10-17 10:46

# Pressure # O3PartialPressure # Temperature # WindSpeed # WindDirection # LevelCode # Duration # GPHeight # RelativeHumidity # SampleTemperature 
 940.29  2.070   17.6    3.1    213      2      0    631     47   20.8
 881.17  3.190   12.4    7.7    201      2     88   1178     48   21.6
 825.97  4.530    8.6   13.6    227      0    176   1717     52   22.1
 770.82  3.220    7.0   15.6    207      0    266   2287     49   22.6
 723.59  3.050    6.0   21.4    214      0    356   2806     41   22.9
 679.09  2.850    2.3   24.3    222      0    444   3322     48   23.3
 631.90  3.480   -0.2   23.4    229      0    534   3902      8   23.5
 587.70  2.780   -4.0   28.6    234      0    624   4477     21   23.7
 547.13  2.740   -7.1   29.0    239      0    714   5038      6   23.8
 510.60  2.320  -10.8   30.7    237      0    804   5573     38   23.9
 473.73  2.010  -14.7   30.7    231      0    892   6144     28   23.9
 438.13  1.850  -20.0   29.8    230      0    982   6729     45   23.9
 405.30  1.820  -25.2   31.0    234      0   1072   7300     48   23.9
 376.59  1.730  -28.9   32.1    227      0   1160   7830     38   23.7
 348.54  1.630  -33.6   32.5    227      0   1250   8377     41   23.5
 321.48  1.860  -37.8   31.4    226      0   1340   8939     26   23.3
 297.18  1.610  -41.7   32.5    225      0   1428   9477     28   23.0
 278.43  1.620  -45.5   32.0    226      0   1518   9914     37   22.8
 258.64  1.440  -49.3   33.2    234      0   1608  10401     52   22.4
 243.32  1.460  -51.2   34.1    233      0   1696  10800     41   22.1
 227.91  1.220  -54.6   32.7    229      0   1786  11222     49   21.7
 212.38  1.150  -58.0   31.9    231      0   1876  11670     50   21.2
 200.54  1.120  -59.7   31.0    229      0   1966  12029     45   20.7
 189.59  1.430  -60.4   30.9    231      0   2054  12379     34   20.2
 176.72  1.950  -59.0   25.8    218      0   2144  12819     17   19.7
 165.12  2.270  -60.7   28.5    219      0   2234  13242     10   19.2
 153.46  2.250  -59.6   23.0    238      0   2324  13699      4   18.7
 143.01  2.130  -62.7   20.9    236      0   2412  14137      3   18.3
 131.36  2.350  -64.5   21.4    238      0   2502  14658      3   17.9
 120.89  2.310  -64.3   22.7    209      0   2592  15163      3   17.5
 113.18  2.310  -63.7   23.8    218      0   2682  15567      2   17.0
 105.06  3.640  -64.5   21.9    233      0   2772  16023      2   16.5
  98.79  4.250  -64.5   18.5    237      0   2860  16399      2   16.0
  92.78  4.010  -63.7   15.8    233      0   2950  16782      2   15.5
  86.59  4.290  -64.0   12.6    247      0   3040  17207      1   15.1
  80.73  4.880  -63.8    9.6    189      0   3130  17635      1   14.7
  75.21  5.640  -63.9   10.1    200      0   3220  18070      1   14.4
  69.99  5.640  -64.7   13.2    221      0   3308  18509      1   14.0
  65.04  7.930  -61.1   12.2    216      0   3398  18960      1   13.7
  61.01 11.280  -60.0   12.6    218      0   3488  19360      1   13.4
  56.95 11.810  -60.7    9.0    243      0   3578  19789      1   13.2
  53.50  9.450  -61.2    9.8    255      0   3668  20177      1   12.9
  50.00 10.140  -61.9    5.7    249      3   3756  20596      1   12.8
  46.67 11.190  -59.0    8.4    190      0   3846  21026      1   12.6
  43.59 12.030  -58.5   15.6    222      0   3936  21453      1   12.5
  40.69 11.900  -59.2   15.7    233      0   4026  21885      1   12.5
  38.12 11.710  -58.3   12.9    257      0   4116  22296      1   12.6
  35.45 12.090  -58.5    8.5    229      0   4206  22752      1   12.7
  33.07 12.440  -57.0   10.3    208      0   4296  23191      1   12.7
  30.73 13.420  -54.8    4.9    246      0   4386  23658      1   12.6
  28.56 13.340  -56.6    6.8    275      0   4474  24124      1   12.5
  26.51 13.250  -57.4    7.3    270      0   4564  24595      1   12.4
  24.53 12.850  -58.9    9.1    216      0   4654  25085      1   12.3
  22.80 12.580  -58.0   10.7    236      0   4744  25542      1   12.2
  21.20 12.500  -56.1   13.6    248      0   4834  26004      1   12.2
  19.55 11.620  -56.9   11.9    265      0   4922  26518      1   12.2
  18.15 11.060  -56.1   11.9    260      0   5012  26989      1   12.2
  16.87  9.170  -55.5   11.4    278      0   5102  27454      1   12.2
  15.55  8.920  -54.5   16.1    242      0   5192  27975      1   12.3
  14.38  9.270  -54.5   20.8    251      0   5282  28473      1   12.3
  13.40  8.760  -53.6   19.5    261      0   5372  28925      1   12.4
  12.46  8.080  -52.5   18.5    262      0   5462  29394      1   12.5
  11.58  7.790  -50.9   22.1    268      0   5552  29870      1   12.6
  10.75  7.150  -50.9   20.5    268      0   5642  30354      1   12.9
   9.93  6.640  -51.6   20.5    287      0   5730  30869      1   13.0
   9.22  6.150  -51.3   18.5    290      0   5820  31350      1   13.2
