# 2013-07-24 10:51

# Pressure # O3PartialPressure # Temperature # WindSpeed # WindDirection # LevelCode # Duration # GPHeight # RelativeHumidity # SampleTemperature 
 945.36  4.710   31.1    2.0    320      2      0    631     19   26.5
 904.93  5.020   25.2    2.4    260      0     88   1016     28   27.4
 858.45  4.780   20.8    4.4    221      0    178   1475     35   28.1
 816.54  4.630   16.8    3.6    197      0    268   1905     42   28.8
 778.77  4.450   13.3    5.2    222      0    358   2306     47   29.2
 735.71  4.020   10.1    5.6    228      0    448   2782     36   29.6
 694.51  3.730    6.4    7.5    260      0    536   3258     47   29.9
 651.80  4.080    4.8    7.3    256      0    626   3776     22   30.1
 613.51  4.840    2.6    7.7    261      0    716   4267     24   30.2
 575.49  3.960   -0.7    9.8    265      0    806   4781     19   30.3
 542.21  3.660   -1.9    7.7    249      0    896   5255     17   30.4
 506.14  3.020   -5.5    8.7    282      0    986   5799     12   30.4
 471.54  3.520  -10.0    8.6    276      0   1074   6350     24   30.3
 441.57  3.870  -13.7   10.9    288      0   1164   6853     34   30.3
 416.03  3.810  -16.3    9.2    289      0   1254   7303     13   30.1
 390.16  3.590  -19.2    9.8    285      0   1342   7783     15   30.1
 365.00  3.050  -22.9    8.7    288      0   1432   8276     17   29.9
 345.24  3.050  -26.2    8.9    293      0   1522   8681     19   29.7
 328.23  2.860  -29.5    9.9    292      0   1612   9044     21   29.6
 311.97  2.720  -32.5    9.4    292      0   1702   9404     23   29.4
 295.95  2.530  -35.5    9.2    293      0   1792   9773     18   29.1
 280.20  2.410  -38.8   10.0    296      0   1882  10151     20   28.9
 264.70  2.110  -42.3   10.6    290      0   1972  10538     24   28.6
 250.07  2.060  -45.8   10.1    301      0   2062  10920     35   28.3
 236.53  2.000  -48.4   10.1    290      0   2150  11288     28   28.0
 223.89  1.930  -51.4   10.7    292      0   2240  11648     27   27.6
 211.30  1.950  -53.5   12.8    289      0   2330  12022     18   27.3
 199.86  2.380  -56.2   13.7    279      0   2418  12378     24   26.8
 188.44  2.390  -58.8   15.6    285      0   2508  12749     32   26.4
 176.89  2.210  -60.7   11.4    284      0   2598  13144     22   25.9
 165.89  2.480  -62.1   14.3    269      0   2688  13542     17   25.5
 156.03  2.800  -62.2   12.2    290      0   2778  13920     11   24.9
 147.37  3.130  -62.1    7.2    282      0   2866  14274      5   24.6
 138.51  2.640  -62.8    8.5    257      0   2956  14656      5   24.1
 130.18  3.140  -64.2    9.4    280      0   3046  15037      6   23.6
 122.35  4.090  -63.1   11.4    248      2   3136  15418      4   23.2
 114.94  4.240  -62.9   11.0    249      0   3226  15802      3   22.7
 107.03  5.730  -62.3    4.0    256      0   3316  16241      2   22.3
 100.13  6.930  -63.8    9.7    252      0   3406  16650      2   21.8
  94.13  4.740  -61.4    3.4    262      0   3496  17032      1   21.3
  88.28  6.280  -60.9    6.0    297      0   3586  17430      1   20.9
  82.66  7.070  -59.1    2.6     39      0   3676  17841      1   20.4
  77.28  7.270  -59.7    8.6    143      0   3766  18264      1   19.9
  72.33  7.870  -58.7    3.2     56      0   3856  18677      1   19.6
  67.80  9.000  -58.2    7.5    117      0   3946  19084      1   19.3
  63.32  9.720  -58.5    9.2    116      0   4036  19514      1   18.9
  59.09  9.880  -58.0    7.2    101      0   4126  19949      1   18.6
  55.16 10.210  -56.2    9.0    115      0   4216  20384      1   18.3
  51.52 11.210  -56.2    9.8    102      0   4306  20818      1   18.0
  48.23 11.540  -55.5   10.2    111      0   4394  21238      1   17.8
  44.96 12.230  -53.7    7.8    106      0   4484  21688      1   17.5
  41.92 12.750  -53.3   10.0    100      0   4574  22137      1   17.2
  39.09 13.710  -51.2   11.2    113      0   4664  22589      1   17.0
  36.33 13.910  -52.1   10.5     99      0   4754  23065      1   16.7
  33.70 14.040  -50.8   12.1     92      0   4844  23551      1   16.5
  31.28 14.290  -51.0   13.8     95      0   4934  24037      1   16.2
  29.07 14.400  -50.1   15.7     97      0   5022  24513      1   16.0
  26.94 14.150  -49.9   16.2    102      0   5112  25011      1   15.8
  25.00 13.470  -48.1   14.4     98      0   5202  25500      1   15.7
  23.29 14.390  -47.9   15.2     91      0   5292  25968      1   15.6
  21.57 14.490  -47.3   17.9     95      0   5382  26475      1   15.4
  19.96 14.150  -45.9   16.5    104      0   5470  26988      1   15.2
  18.56 13.260  -44.4   15.5     86      0   5560  27473      1   15.1
  17.35 13.020  -42.9   18.6     78      0   5650  27927      1   15.0
  16.08 12.180  -43.2    nan    nan      0   5740  28438      1   14.9
  14.90 11.790  -43.7    nan    nan      0   5830  28949      1   14.8
  13.79 11.030  -43.6    nan    nan      0   5920  29471      1   14.7
  12.76 10.520  -42.4   20.4    101      0   6010  29993      1   14.6
  11.83  9.980  -42.0   18.2     96      0   6100  30504      1   14.5
  10.97  9.300  -41.3   21.4     96      0   6190  31018      1   14.4
  10.15  8.660  -40.1   21.3     92      0   6280  31545      1   14.3
   9.42  8.140  -37.9   23.0     92      0   6368  32061      1   14.3
   8.73  7.720  -36.3   20.6    101      0   6458  32582      1   14.2
