# 2013-12-18 10:53

# Pressure # O3PartialPressure # Temperature # WindSpeed # WindDirection # LevelCode # Duration # GPHeight # RelativeHumidity # SampleTemperature 
 953.00  0.370    7.1    0.7    112      2      0    631     81   20.7
 901.19  2.190    5.4    3.9    236      0     88   1089     88   21.1
 854.06  3.320    2.9    8.5    242      0    178   1527     94   21.4
 810.19  3.590    1.4   10.4    244      0    266   1954     82   21.5
 764.64  4.130    0.2    6.1    263      0    356   2418     33   21.6
 720.95  3.540   -0.5    8.2    296      0    446   2890     36   21.7
 682.41  3.220   -4.0    7.7    289      0    534   3326     48   21.9
 641.85  2.960   -5.1    6.4    293      0    624   3809     70   22.0
 607.40  3.010   -8.0    8.4    292      0    714   4240     61   22.0
 572.13  3.160   -9.1   12.7    312      0    804   4704      3   22.1
 536.68  3.040  -12.9   16.8    319      2    894   5196     35   22.2
 502.69  2.910  -14.9   19.0    319      0    984   5693     21   22.1
 475.82  2.470  -16.9   20.9    322      0   1072   6106     37   22.3
 447.32  2.270  -20.0   17.6    334      0   1162   6567     26   22.2
 417.35  2.080  -24.8   17.9    339      0   1252   7076     36   22.1
 392.83  1.910  -28.9   21.3    341      0   1340   7513     45   21.9
 363.85  1.720  -33.7   26.6    339      0   1430   8056     52   21.7
 339.56  1.550  -37.2   31.1    331      0   1520   8537     51   21.7
 322.59  1.630  -40.1   33.5    336      0   1610   8889     40   21.6
 299.73  1.590  -44.4   38.9    342      0   1698   9386     27   21.3
 281.91  1.370  -47.3   43.5    340      0   1788   9793     18   21.1
 263.80  1.500  -50.2   38.1    342      0   1878  10230     16   20.9
 247.88  1.700  -52.3   31.1    343      0   1966  10634      9   20.6
 233.03  1.850  -55.3   31.8    339      0   2056  11031     10   20.2
 219.55  1.670  -58.3   36.5    339      0   2146  11408     20   19.9
 205.40  1.490  -58.9   34.4    349      0   2236  11826     15   19.7
 187.29  1.790  -63.0   21.7    336      0   2324  12400     12   19.3
 173.81  1.850  -66.2   26.2    317      0   2414  12856     16   19.0
 164.36  1.790  -68.3   30.9    311      0   2504  13193     21   18.7
 155.46  2.510  -61.2   32.3    310      0   2594  13533     11   18.4
 144.09  3.190  -58.6   16.6    312      0   2682  14009      3   18.1
 135.89  2.960  -59.2   17.0    320      0   2772  14376      2   17.8
 127.82  2.490  -60.6   16.8    314      0   2862  14758      1   17.5
 119.78  4.480  -60.4    9.1    323      0   2952  15162      1   17.2
 111.89  5.630  -59.8   12.1    323      0   3042  15586      1   17.0
 104.19  6.890  -62.3    7.9    293      0   3132  16029      1   16.7
  97.90  9.640  -61.0   13.7    279      0   3220  16414      1   16.6
  91.97  8.170  -59.3    7.8    270      0   3310  16804      1   16.4
  86.44  7.630  -60.0   11.7    285      0   3400  17191      1   16.3
  81.09 10.200  -59.5    9.9    270      0   3490  17591      1   16.2
  76.25  9.560  -58.3    6.2    265      0   3580  17977      1   16.1
  71.38 11.370  -58.4   10.8    254      0   3670  18391      1   16.0
  66.81  8.680  -56.3   10.7    263      0   3758  18808      1   15.9
  62.67 10.930  -57.2    9.4    276      0   3848  19213      1   15.8
  58.80 12.420  -56.4   10.3    281      0   3938  19616      1   15.7
  54.99 12.550  -57.1    8.1    260      0   4028  20042      1   15.6
  51.40 11.750  -56.7    4.0    292      0   4118  20470      1   15.5
  48.14 12.480  -55.7    6.0    234      2   4206  20887      1   15.5
  45.02 10.560  -55.6    5.7    280      0   4296  21312      1   15.4
  42.12 11.440  -54.5    6.3    190      0   4386  21738      1   15.4
  39.35 12.890  -52.0    1.2    265      0   4476  22175      1   15.5
  36.70 12.920  -53.0    1.3    357      0   4566  22626      1   15.6
  34.28 13.550  -52.9    6.0    185      0   4656  23067      1   15.7
  32.01 14.320  -51.0    3.9    240      0   4746  23509      1   15.7
  29.90 15.140  -50.6    4.5    336      0   4834  23953      1   15.7
  27.85 15.020  -50.2    2.9    304      0   4924  24418      1   15.7
  26.01 15.020  -49.3    5.0    335      0   5014  24864      1   15.8
  24.28 15.040  -49.0    6.4    310      0   5104  25314      1   15.9
  22.61 15.140  -48.0    4.9    243      0   5194  25783      1   16.0
  21.05 13.630  -48.4    1.6    307      0   5284  26254      1   16.1
  19.66 13.220  -47.9    4.5    255      0   5372  26704      1   16.2
  18.27 13.490  -48.2    5.7    316      0   5462  27185      1   16.3
  16.94 13.300  -47.7    7.5    287      0   5552  27684      1   16.4
  15.75 11.540  -48.6    8.0    312      0   5642  28166      1   16.5
  14.62 10.080  -48.9   11.6    306      0   5732  28656      1   16.7
  13.49 10.820  -49.9   14.1    299      0   5822  29179      1   16.8
  12.50 10.170  -50.6   18.1    315      0   5912  29681      1   16.9
  11.58  9.620  -48.1   23.7    312      0   6002  30182      1   17.0
  10.74  8.660  -48.4   28.7    321      0   6092  30675      1   17.0
  10.00  8.190  -46.1   33.3    323      3   6181  31149      1   17.1
   9.33  7.070  -46.0   33.4    326      0   6270  31612      1   17.0
