# 2014-06-17 10:51

# Pressure # O3PartialPressure # Temperature # WindSpeed # WindDirection # LevelCode # Duration # GPHeight # RelativeHumidity # SampleTemperature 
 943.05  5.180   23.7    1.1    100      2      0    631     31   25.9
 898.11  5.390   17.5    3.9     62      0     88   1051     46   26.9
 831.83  5.160   11.3    1.8     35      0    176   1699     63   27.7
 771.77  4.880    6.1    1.4     78      0    266   2319     70   28.4
 724.30  4.690    2.6    3.7    180      0    356   2836     56   28.9
 681.58  4.340    2.6    3.0    348      0    444   3327      8   29.4
 642.63  4.140    0.0    3.6    342      0    534   3800      3   29.7
 603.26  4.860   -2.6    7.1     12      0    624   4303      3   30.0
 567.95  3.740   -6.4    7.3    346      0    714   4777      4   30.2
 534.20  4.000  -10.0    9.5      3      0    804   5252      5   30.4
 501.10  3.510  -13.6   12.3    354      0    894   5742     31   30.5
 468.79  4.610  -16.6   14.0     13      0    982   6246      9   30.6
 439.63  4.050  -19.3   15.0     16      0   1072   6726     10   30.5
 412.79  2.890  -23.5   15.8     14      0   1162   7190     18   30.5
 388.26  2.160  -27.1   16.1     19      0   1252   7635     25   30.4
 363.58  2.090  -31.1   19.6     14      0   1342   8105     27   30.3
 340.63  1.830  -35.1   18.8     16      0   1432   8563     25   30.2
 319.84  2.360  -38.3   21.1     14      0   1522   8999     14   30.0
 302.15  2.070  -41.9   20.7     15      0   1612   9387     21   29.8
 285.79  1.980  -45.2   20.2     16      0   1700   9761     23   29.7
 268.61  2.480  -48.4   21.8     10      0   1790  10172     24   29.5
 253.45  2.710  -50.8   25.5      7      0   1880  10552     23   29.2
 239.14  2.720  -53.1   28.7     11      0   1970  10929     23   29.0
 225.15  2.670  -55.9   26.7     16      0   2060  11315     28   28.7
 211.40  2.790  -58.4   26.9     15      0   2150  11713     30   28.4
 198.93  3.260  -59.2   22.8     21      0   2238  12096     25   28.1
 185.65  3.430  -59.9   18.8     10      0   2328  12527     23   27.8
 173.68  7.290  -58.1   12.8      6      0   2418  12943      9   27.4
 163.28  8.150  -56.7   12.9    338      0   2508  13334      3   27.1
 153.54  8.310  -56.1   12.0    337      0   2598  13725      2   26.7
 144.62  6.850  -54.8   10.5    339      0   2686  14107      2   26.3
 134.97  4.530  -56.5    6.8    315      0   2776  14546      2   26.0
 126.26  5.880  -56.1    4.2    307      0   2866  14969      2   25.6
 118.88  6.790  -57.1    6.8    303      0   2956  15351      2   25.3
 111.81  7.820  -57.2    9.0    295      0   3046  15738      2   25.0
 104.70 10.220  -55.2    5.7    322      0   3136  16155      2   24.7
  98.53 10.000  -55.3    1.6    300      0   3224  16543      2   24.5
  92.29  9.680  -56.8    2.9    351      0   3314  16959      2   24.3
  86.36  8.250  -57.9    3.0    224      0   3404  17380      2   24.1
  80.81  8.410  -56.3    3.5    270      0   3494  17799      2   23.9
  75.82  7.540  -57.0    5.8    319      0   3584  18203      1   23.7
  70.79 10.440  -56.8    1.6    268      0   3674  18639      2   23.6
  66.10  9.630  -56.2    0.7    311      0   3762  19074      1   23.4
  61.63 11.480  -56.6    3.2     41      0   3852  19520      2   23.2
  57.47 12.520  -55.5    6.3    141      0   3942  19963      2   23.0
  53.66 12.260  -56.4    3.0    188      0   4032  20398      2   22.9
  49.94 12.610  -55.6    2.9    341      0   4120  20855      1   22.7
  46.64 13.190  -55.0    2.3    128      0   4210  21290      1   22.5
  43.50 14.040  -53.3    5.1     52      0   4300  21739      1   22.4
  40.49 14.510  -52.4    4.3    142      0   4390  22201      1   22.2
  37.81 14.370  -51.0    9.8    126      0   4480  22646      1   22.1
  35.10 14.370  -52.2    6.2    114      0   4570  23130      1   21.9
  32.36 14.560  -51.6    8.1    144      0   4660  23654      1   21.8
  30.03 14.650  -50.5    7.7    126      0   4750  24140      1   21.6
  28.02 15.020  -48.5    3.6     94      0   4838  24596      1   21.5
  25.95 14.640  -49.0   10.8     89      0   4928  25100      2   21.4
  24.02 14.230  -48.3   10.2     80      0   5018  25606      1   21.3
  22.31 13.900  -48.4   15.0     76      0   5108  26092      2   21.1
  20.74 13.480  -49.1   11.4    100      0   5198  26573      1   21.0
  19.32 13.350  -48.7    6.9    112      0   5286  27039      1   20.9
  17.98 13.040  -47.4   10.6    109      0   5376  27512      1   20.8
  16.69 12.600  -45.1    9.5    100      0   5466  28006      1   20.7
  15.42 11.960  -44.6   14.3    106      0   5556  28535      1   20.6
  14.29 11.400  -42.9   12.0    110      0   5646  29047      1   20.6
  13.27 10.660  -43.5   11.4     86      0   5736  29547      1   20.5
  12.25 10.010  -42.7   15.3    105      0   5826  30087      1   20.4
  11.37  9.260  -41.8   13.4     95      0   5916  30586      1   20.4
  10.56  8.630  -40.4   14.8     99      0   6006  31092      1   20.3
   9.77  8.010  -38.5   13.8     87      0   6094  31622      1   20.2
   9.10  7.530  -36.1   16.1     80      0   6184  32117      1   20.1
