#  level#  00:00#  01:00#  02:00#  03:00#  04:00#  05:00#  06:00#  07:00#  08:00#  09:00#  10:00#  11:00#  12:00#  13:00#  14:00#  15:00#  16:00#  17:00#  18:00#  19:00#  20:00#  21:00#  22:00#  23:00
    1.00   -5.20   -5.99   -5.98   -6.19   -7.24   -6.96   -6.44   -5.62   -5.79   -6.85   -8.05   -6.59   -4.85   -4.03   -3.68   -4.37   -5.23   -5.71   -5.56   -4.61   -4.32   -4.44   -5.69   -5.45
    2.00    0.21   -1.42   -3.43   -4.10   -4.78   -6.27   -6.58   -6.11   -5.82   -3.61   -3.49   -4.33   -5.02   -5.44   -3.36   -0.36    1.08    1.02    0.31   -0.18   -0.84   -1.70   -2.25   -1.49
    3.00   -6.72   -6.58   -7.21   -8.49   -9.10  -10.49  -12.23  -11.91  -11.91  -10.67   -9.40   -9.48   -9.78  -11.18  -11.22  -10.75   -9.95   -8.78   -9.43  -10.07   -9.16   -8.42   -7.53   -8.12
   10.00  -38.42  -38.67  -38.49  -37.31  -36.35  -35.06  -35.35  -35.27  -34.67  -35.11  -36.91  -37.78  -36.99  -36.50  -36.28  -35.79  -34.86  -35.26  -35.60  -35.94  -35.64  -35.72  -36.67  -37.00
   20.00  -47.19  -46.29  -45.49  -45.69  -46.50  -46.63  -46.36  -46.68  -47.15  -46.75  -46.50  -46.19  -45.82  -46.10  -46.52  -46.10  -44.98  -44.26  -44.73  -45.00  -45.00  -45.16  -44.65  -44.91
   30.00  -52.60  -52.74  -52.90  -52.98  -52.98  -52.67  -52.60  -51.93  -51.46  -51.14  -51.36  -51.50  -51.37  -51.31  -51.32  -51.79  -52.81  -53.11  -52.33  -51.15  -50.41  -50.03  -50.33  -51.05
   50.00  -57.86  -57.55  -57.67  -56.96  -56.36  -56.97  -57.98  -58.48  -58.89  -58.90  -58.24  -57.99  -57.96  -57.92  -57.68  -56.86  -56.88  -57.41  -57.87  -58.34  -57.85  -57.58  -57.76  -57.92
   70.00  -60.03  -60.14  -60.60  -61.15  -61.24  -60.37  -59.89  -60.02  -60.12  -60.20  -59.98  -60.04  -60.23  -60.39  -60.55  -60.65  -60.08  -59.88  -60.73  -60.54  -60.38  -60.57  -60.59  -60.58
  100.00  -58.88  -59.27  -59.38  -59.09  -59.06  -59.22  -59.11  -58.99  -59.08  -59.23  -59.75  -59.91  -59.67  -59.30  -58.91  -59.23  -59.68  -59.47  -58.96  -58.92  -59.06  -59.22  -59.64  -59.78
  125.00  -58.52  -58.55  -58.94  -59.21  -59.30  -59.30  -59.16  -58.93  -58.89  -58.88  -58.69  -58.97  -59.00  -58.99  -58.74  -58.94  -58.32  -58.32  -58.61  -59.00  -59.12  -59.22  -59.25  -59.63
  150.00  -59.64  -59.32  -59.16  -59.42  -59.99  -60.41  -60.59  -60.43  -60.31  -60.25  -59.79  -60.08  -60.38  -60.89  -61.28  -61.71  -61.93  -61.62  -60.94  -61.25  -61.26  -61.27  -61.22  -61.66
  175.00  -62.77  -62.17  -61.62  -61.28  -61.13  -61.38  -62.01  -62.50  -62.51  -62.15  -62.19  -62.54  -62.68  -62.60  -62.56  -62.21  -62.09  -62.52  -62.36  -62.29  -62.57  -63.09  -64.12  -64.12
  200.00  -61.31  -61.26  -60.93  -60.53  -60.32  -60.21  -60.22  -60.40  -60.59  -60.65  -61.04  -61.24  -61.37  -61.53  -61.46  -60.82  -60.60  -60.68  -60.62  -60.97  -61.28  -61.05  -60.88  -60.48
  225.00  -56.78  -56.92  -56.91  -56.75  -56.55  -56.36  -56.22  -56.21  -56.34  -56.43  -56.72  -56.87  -57.18  -57.25  -57.32  -57.30  -57.35  -57.65  -57.49  -57.16  -56.65  -56.30  -56.34  -56.37
  250.00  -51.53  -51.69  -51.77  -51.79  -51.79  -51.78  -51.70  -51.63  -51.63  -51.66  -51.75  -51.66  -51.58  -51.46  -51.26  -51.25  -51.08  -51.02  -50.98  -50.99  -50.97  -50.90  -51.04  -51.09
  300.00  -41.12  -41.27  -41.40  -41.49  -41.58  -41.68  -41.74  -41.76  -41.76  -41.76  -41.38  -41.31  -41.12  -40.82  -40.45  -40.09  -39.98  -40.34  -40.49  -40.69  -40.57  -40.44  -40.46  -40.65
  350.00  -32.46  -32.69  -32.99  -33.02  -32.97  -32.98  -32.98  -32.93  -32.87  -32.86  -32.60  -32.45  -32.20  -31.95  -31.74  -31.57  -31.46  -31.31  -31.42  -31.66  -31.77  -31.61  -31.19  -31.00
  400.00  -25.41  -25.67  -25.91  -26.01  -26.03  -26.08  -26.12  -26.10  -25.98  -25.83  -25.81  -25.64  -25.47  -25.37  -25.39  -25.38  -25.23  -24.56  -24.35  -24.18  -24.26  -24.36  -24.16  -23.84
  450.00  -18.61  -18.71  -18.88  -19.00  -19.06  -19.10  -19.13  -19.10  -18.99  -18.84  -18.73  -18.54  -18.38  -18.26  -18.21  -18.21  -18.15  -18.03  -17.96  -17.74  -17.72  -17.83  -17.33  -17.21
  500.00  -12.21  -12.24  -12.32  -12.45  -12.57  -12.63  -12.66  -12.66  -12.63  -12.58  -12.32  -12.11  -11.93  -11.79  -11.79  -11.82  -12.04  -12.04  -12.23  -11.98  -11.90  -12.00  -11.79  -11.67
  550.00   -6.52   -6.53   -6.67   -6.89   -7.11   -7.14   -7.12   -7.20   -7.30   -7.40   -7.06   -6.95   -6.90   -6.90   -6.91   -6.79   -7.08   -7.24   -7.67   -7.66   -7.75   -7.60   -7.35   -7.09
  600.00   -3.44   -3.26   -3.39   -3.51   -3.58   -3.45   -3.36   -3.57   -3.81   -3.91   -3.86   -3.81   -3.88   -3.88   -3.76   -3.39   -3.65   -3.70   -3.92   -4.05   -4.30   -4.08   -3.79   -3.55
  650.00   -0.54   -0.68   -0.83   -0.92   -1.01   -0.92   -0.91   -1.04   -1.08   -1.02   -1.21   -1.04   -0.99   -0.86   -0.61   -0.30   -0.37   -0.41   -0.40   -0.33   -0.47   -0.30   -0.05    0.25
  700.00    3.24    3.10    3.15    3.18    3.24    3.26    3.33    3.39    3.40    3.40    3.12    3.27    3.41    3.54    3.66    3.77    3.73    3.54    3.58    3.76    3.77    3.80    4.03    4.18
  750.00    7.67    7.75    7.96    8.23    8.47    8.60    8.66    8.69    8.71    8.70    8.26    8.20    8.21    8.27    8.37    8.44    8.38    8.16    8.09    8.13    8.04    7.98    8.18    8.28
  775.00    9.89    9.88   10.03   10.40   10.73   10.91   11.02   11.11   11.17   11.16   10.69   10.65   10.72   10.76   10.84   10.88   10.71   10.42   10.27   10.25   10.14   10.07   10.33   10.43
  800.00   11.97   11.78   11.84   12.25   12.61   12.82   12.96   13.15   13.25   13.24   12.76   12.82   12.92   13.09   13.13   13.06   12.82   12.45   12.24   12.20   12.12   12.07   12.55   12.61
  825.00   13.73   13.39   13.40   13.77   14.03   14.17   14.32   14.60   14.81   14.88   14.39   14.51   14.68   14.82   14.90   14.83   14.54   14.18   14.00   14.00   13.96   13.94   14.55   14.54
  850.00   15.01   14.64   14.51   14.66   14.74   14.73   14.87   15.22   15.50   15.49   15.02   15.26   15.65   16.31   16.27   16.22   15.79   15.42   15.43   15.47   15.45   15.53   16.07   16.00
  875.00   15.57   15.18   14.86   14.69   14.54   14.41   14.44   14.75   14.98   15.13   14.68   14.51   14.09   15.06   15.86   16.34   16.16   16.05   16.31   16.43   16.39   16.56   16.72   16.62
  900.00   15.44   14.99   14.60   14.33   14.04   13.73   13.60   13.77   14.00   14.05   12.83   13.01   13.21   13.76   14.16   15.03   15.61   16.02   16.60   16.55   16.39   16.70   16.23   16.29
  925.00   14.80   14.51   14.10   13.66   13.27   13.14   13.18   13.19   13.25   13.33   12.67   12.88   13.22   13.64   13.99   14.15   14.20   14.39   15.24   15.66   15.54   15.88   15.07   15.36
  950.00   13.72   13.55   13.43   13.32   13.12   12.91   12.83   13.08   13.37   13.58   13.13   13.54   14.34   15.18   15.60   15.15   14.80   14.74   14.84   14.70   14.59   14.87   14.08   14.03
  975.00   14.41   14.37   14.22   14.16   14.04   13.96   14.03   14.11   14.59   15.27   14.87   15.16   15.81   16.41   16.88   16.59   16.48   16.44   16.26   15.96   15.59   15.35   14.50   14.53
 1000.00   15.99   15.93   15.79   15.70   15.62   15.53   15.48   15.50   15.80   16.64   15.93   16.27   16.85   17.27   17.71   17.43   17.33   17.36   17.28   17.11   16.89   16.74   16.05   16.09
