#  level#  00:00#  01:00#  02:00#  03:00#  04:00#  05:00#  06:00#  07:00#  08:00#  09:00#  10:00#  11:00#  12:00#  13:00#  14:00#  15:00#  16:00#  17:00#  18:00#  19:00#  20:00#  21:00#  22:00#  23:00
    1.00  -15.65  -16.78  -17.21  -18.21  -18.65  -18.88  -18.83  -19.56  -20.37  -19.86  -17.19  -15.66  -14.96  -14.49  -13.94  -12.84  -12.04  -12.17  -13.88  -15.14  -15.48  -15.76  -15.52  -16.02
    2.00  -16.63  -17.09  -18.46  -19.93  -21.97  -23.15  -23.39  -23.75  -24.61  -25.18  -26.23  -26.17  -24.72  -22.75  -21.18  -19.62  -18.01  -18.13  -17.30  -17.34  -17.83  -18.49  -19.14  -18.88
    3.00  -31.54  -32.33  -32.95  -33.27  -34.36  -33.40  -32.83  -33.49  -34.20  -34.17  -34.08  -35.02  -34.81  -35.52  -35.77  -35.88  -34.58  -33.14  -31.79  -31.55  -31.03  -32.43  -33.51  -34.53
   10.00  -55.25  -55.24  -55.35  -56.52  -56.18  -55.72  -55.39  -54.28  -53.90  -53.84  -54.01  -55.23  -55.09  -54.96  -55.49  -55.63  -55.25  -55.02  -55.09  -55.09  -54.38  -54.29  -53.59  -53.29
   20.00  -59.74  -60.21  -59.73  -60.13  -60.97  -61.39  -61.52  -61.80  -61.67  -61.40  -60.73  -61.38  -61.52  -60.16  -58.90  -58.87  -59.79  -60.74  -61.90  -62.17  -60.87  -61.34  -61.48  -60.79
   30.00  -61.19  -61.58  -62.20  -62.48  -61.71  -61.32  -61.69  -61.85  -61.87  -62.04  -61.97  -62.44  -62.36  -61.79  -61.43  -61.57  -61.85  -61.78  -61.43  -61.97  -61.87  -61.68  -60.99  -61.55
   50.00  -62.88  -62.97  -62.69  -62.24  -62.56  -62.93  -63.53  -63.91  -63.72  -63.51  -63.84  -63.49  -63.36  -63.54  -63.85  -64.16  -64.47  -64.80  -64.60  -63.88  -64.18  -63.63  -63.74  -64.33
   70.00  -62.15  -62.22  -62.62  -62.44  -62.54  -62.53  -62.09  -61.93  -61.82  -62.10  -62.08  -63.10  -64.29  -65.36  -66.22  -66.52  -66.37  -66.23  -65.95  -64.74  -64.25  -64.42  -63.34  -62.66
  100.00  -61.11  -61.64  -62.20  -62.58  -62.62  -63.12  -63.74  -64.42  -65.30  -65.68  -66.65  -66.69  -66.16  -65.88  -66.06  -66.10  -66.06  -66.15  -66.43  -66.70  -66.48  -66.84  -67.38  -66.69
  125.00  -57.11  -57.61  -58.26  -59.06  -59.65  -60.12  -60.93  -61.47  -62.10  -62.65  -63.26  -64.06  -64.41  -64.55  -64.74  -64.89  -64.68  -64.24  -64.04  -64.19  -63.66  -63.42  -64.10  -64.65
  150.00  -55.37  -56.06  -56.73  -57.47  -57.81  -57.84  -57.92  -58.00  -57.84  -58.17  -58.57  -59.57  -60.49  -60.78  -60.68  -60.88  -61.34  -61.11  -60.41  -60.29  -60.36  -59.82  -59.30  -59.64
  175.00  -54.09  -54.12  -53.85  -53.83  -54.13  -54.48  -54.53  -54.49  -54.44  -54.75  -55.08  -54.91  -54.64  -55.10  -55.53  -56.05  -56.24  -56.12  -56.36  -56.94  -57.04  -56.48  -55.97  -55.96
  200.00  -50.19  -49.74  -49.56  -49.69  -49.93  -50.17  -50.32  -50.70  -51.20  -51.06  -50.33  -50.49  -51.01  -51.08  -51.52  -51.63  -51.71  -52.03  -52.51  -52.59  -52.42  -51.75  -51.47  -51.41
  225.00  -47.27  -46.50  -46.39  -46.31  -46.34  -46.83  -47.62  -47.76  -47.48  -47.55  -48.14  -48.71  -48.75  -48.51  -48.68  -48.65  -48.92  -49.43  -49.85  -50.07  -50.47  -50.42  -50.25  -49.79
  250.00  -44.20  -44.02  -44.13  -44.67  -45.20  -45.57  -45.76  -46.13  -47.10  -47.76  -47.57  -46.93  -46.95  -46.63  -46.13  -46.08  -46.84  -48.02  -48.51  -48.48  -48.99  -49.54  -49.41  -50.12
  300.00  -36.66  -36.81  -37.55  -37.86  -38.44  -39.37  -40.29  -40.89  -40.75  -40.60  -40.44  -40.69  -41.04  -41.33  -41.22  -41.18  -41.26  -41.36  -41.37  -41.63  -41.81  -42.38  -43.05  -42.72
  350.00  -35.56  -35.50  -33.97  -33.11  -34.45  -35.02  -34.95  -33.79  -33.23  -33.56  -33.98  -33.98  -33.62  -33.29  -33.69  -33.88  -33.86  -33.74  -33.52  -33.35  -33.17  -33.16  -33.90  -34.00
  400.00  -31.37  -30.98  -31.37  -30.63  -28.35  -27.96  -27.88  -27.86  -27.61  -26.66  -26.88  -26.88  -26.69  -26.75  -26.50  -26.63  -26.57  -26.31  -26.22  -26.28  -26.32  -25.99  -26.74  -27.21
  450.00  -27.52  -26.68  -25.28  -25.08  -23.72  -21.64  -20.85  -20.94  -21.16  -21.09  -20.89  -20.55  -20.73  -20.53  -20.36  -19.98  -19.71  -19.57  -19.58  -19.65  -19.84  -19.57  -20.12  -21.24
  500.00  -23.22  -23.07  -22.45  -21.18  -20.24  -18.01  -16.35  -15.78  -15.44  -15.59  -15.46  -15.23  -15.20  -15.40  -15.17  -15.23  -15.53  -14.85  -14.03  -13.58  -13.81  -14.15  -14.45  -15.34
  550.00  -20.07  -19.38  -18.79  -18.51  -18.01  -16.69  -14.32  -12.79  -12.00  -11.40  -11.33  -11.26  -10.90  -10.92  -10.97  -10.62  -10.59  -11.06  -10.93   -9.66   -9.26   -9.39   -9.92  -10.46
  600.00  -15.77  -15.49  -15.24  -14.74  -14.57  -14.48  -13.89  -11.96  -10.11   -9.19   -8.86   -9.03   -8.39   -7.82   -7.45   -7.17   -6.81   -6.62   -6.79   -7.44   -7.62   -6.88   -6.07   -6.05
  650.00  -12.17  -11.52  -11.40  -11.08  -10.60  -10.28  -10.50  -10.63   -9.84   -7.67   -5.97   -5.52   -5.07   -4.86   -4.38   -3.72   -3.26   -3.00   -2.81   -3.44   -3.81   -4.66   -4.32   -3.54
  700.00   -9.12   -8.42   -7.84   -7.59   -7.18   -6.75   -6.43   -6.51   -6.76   -6.71   -5.18   -3.59   -1.95   -1.48   -0.82   -0.59   -0.56   -0.49   -0.02    0.11    0.38   -0.94   -1.59   -1.06
  750.00   -6.01   -5.77   -5.10   -4.56   -4.14   -3.87   -3.58   -3.40   -3.21   -3.07   -2.41   -2.03   -1.17   -0.39    0.63    1.17    1.51    1.95    2.05    2.40    2.89    2.38    1.84    1.69
  775.00   -4.47   -4.36   -3.88   -3.39   -3.01   -2.66   -2.39   -2.18   -2.03   -1.72   -0.94   -0.29    0.65    1.38    1.82    2.34    2.96    3.26    3.26    3.44    4.04    3.82    3.17    3.11
  800.00   -2.94   -2.94   -2.64   -2.27   -1.95   -1.54   -1.25   -1.04   -0.88   -0.66    0.30    0.81    1.92    2.95    3.68    4.13    4.42    4.58    4.40    4.67    5.26    5.22    4.30    4.35
  825.00   -1.46   -1.53   -1.45   -1.19   -0.88   -0.61   -0.26   -0.01    0.35    0.52    1.59    1.86    2.61    3.61    4.62    5.31    5.74    5.74    5.66    6.03    6.41    6.43    5.59    5.42
  850.00   -0.24   -0.34   -0.40   -0.27   -0.07    0.25    0.67    1.18    1.75    2.07    3.09    3.26    3.66    4.24    5.19    6.06    6.78    6.92    6.92    7.28    7.61    7.67    7.21    6.46
  875.00    0.94    0.73    0.57    0.64    0.96    1.46    2.00    2.86    3.34    3.53    4.27    4.45    4.79    5.19    5.90    6.76    7.59    7.96    8.15    8.54    8.79    8.82    8.72    7.60
  900.00    2.73    2.17    1.78    1.77    2.17    3.05    3.79    4.44    4.74    5.00    5.56    5.68    5.93    6.27    6.82    7.48    8.31    9.00    9.43    9.73    9.94    9.95   10.07    9.00
  925.00    4.80    4.43    4.03    3.97    4.34    4.92    5.44    5.87    6.00    6.00    6.61    6.90    7.07    7.30    7.85    8.76    9.77   10.55   11.04   11.25   11.31   11.18   11.37   10.41
  950.00    6.57    6.39    6.16    6.01    6.27    6.57    6.93    7.19    7.37    7.79    8.19    8.38    8.76    9.00    9.44   10.13   10.97   11.77   12.17   12.36   12.57   12.62   12.60   11.73
  975.00    8.21    8.05    7.87    7.74    7.84    8.06    8.40    8.67    8.79    9.21    9.58    9.86   10.37   10.70   11.13   11.71   12.41   13.12   13.68   13.88   13.96   14.01   13.99   13.21
 1000.00    9.92    9.75    9.54    9.40    9.45    9.66    9.97   10.22   10.38   10.84   11.20   11.55   11.96   12.35   12.76   13.22   13.75   14.31   14.90   15.30   15.43   15.59   15.49   14.74
