#  level#  00:00#  01:00#  02:00#  03:00#  04:00#  05:00#  06:00#  07:00#  08:00#  09:00#  10:00#  11:00#  12:00#  13:00#  14:00#  15:00#  16:00#  17:00#  18:00#  19:00#  20:00#  21:00#  22:00#  23:00
    1.00  -16.88  -17.04  -17.04  -17.56  -18.00  -17.85  -17.89  -19.48  -20.97  -21.45  -21.20  -19.90  -18.16  -17.35  -16.68  -15.56  -14.68  -15.55  -16.21  -16.84  -17.84  -18.95  -20.40  -20.26
    2.00  -25.89  -26.88  -26.99  -27.71  -28.20  -27.00  -26.50  -26.23  -25.37  -25.33  -24.09  -23.48  -24.72  -25.81  -26.87  -27.80  -27.47  -27.57  -26.38  -22.62  -19.66  -20.09  -23.01  -25.20
    3.00  -35.25  -36.66  -36.93  -38.09  -39.96  -40.17  -40.02  -40.32  -38.57  -37.55  -36.63  -34.65  -33.39  -32.93  -33.14  -35.02  -36.16  -37.82  -39.36  -39.45  -37.39  -34.75  -34.18  -34.00
   10.00  -58.56  -58.66  -58.06  -58.27  -58.59  -58.26  -58.39  -58.98  -59.57  -59.71  -59.36  -58.61  -58.37  -57.89  -58.38  -59.36  -58.97  -58.08  -58.27  -58.08  -58.29  -57.93  -57.06  -57.86
   20.00  -63.22  -63.36  -63.94  -63.94  -64.27  -64.90  -64.67  -63.36  -62.65  -62.74  -63.23  -63.92  -63.89  -64.01  -64.34  -64.46  -64.12  -63.25  -62.67  -62.98  -63.10  -62.75  -63.76  -64.27
   30.00  -63.71  -64.07  -65.07  -65.61  -65.38  -65.12  -65.22  -65.30  -65.14  -65.15  -65.04  -64.26  -64.05  -64.46  -64.68  -64.45  -64.65  -65.53  -66.42  -66.45  -66.07  -65.76  -64.61  -63.66
   50.00  -64.53  -64.00  -63.30  -62.85  -62.33  -62.26  -62.81  -63.96  -64.82  -65.12  -64.81  -64.89  -64.50  -63.85  -63.49  -63.49  -63.76  -64.03  -64.35  -64.63  -64.74  -64.49  -63.80  -64.10
   70.00  -63.60  -64.20  -64.01  -64.01  -64.05  -63.98  -63.84  -63.51  -63.11  -62.76  -62.61  -62.99  -63.49  -64.08  -64.69  -64.98  -65.00  -64.79  -64.59  -64.56  -64.87  -65.11  -64.41  -63.76
  100.00  -65.14  -65.28  -65.52  -65.46  -65.70  -65.67  -65.54  -65.14  -64.94  -64.83  -64.22  -64.17  -63.86  -63.54  -63.52  -63.45  -63.43  -63.37  -63.41  -63.50  -63.12  -62.87  -63.63  -64.19
  125.00  -65.04  -64.80  -64.43  -63.91  -63.64  -63.63  -63.95  -64.26  -64.46  -64.55  -64.03  -64.32  -64.22  -63.86  -63.83  -63.77  -63.59  -63.45  -63.20  -63.53  -64.26  -64.43  -64.28  -64.15
  150.00  -63.07  -62.61  -62.36  -62.06  -62.24  -62.25  -62.00  -61.61  -61.03  -60.97  -61.28  -61.34  -61.54  -61.56  -61.68  -62.08  -62.64  -63.28  -63.72  -63.53  -63.27  -63.23  -63.23  -62.86
  175.00  -59.57  -59.24  -59.40  -59.22  -58.66  -58.20  -57.83  -57.72  -57.74  -57.67  -58.07  -58.32  -59.24  -59.79  -60.06  -60.73  -61.65  -61.94  -62.08  -62.26  -61.96  -61.60  -61.20  -61.45
  200.00  -55.83  -55.64  -55.53  -54.61  -53.92  -54.16  -54.31  -54.45  -54.55  -54.73  -55.86  -57.17  -58.59  -59.45  -59.86  -60.02  -60.21  -60.44  -60.70  -61.04  -61.88  -62.34  -61.78  -61.44
  225.00  -54.90  -54.67  -53.34  -52.44  -52.46  -52.87  -52.87  -52.78  -53.33  -54.42  -55.85  -56.75  -57.06  -57.51  -57.83  -57.68  -57.52  -57.61  -57.93  -58.28  -58.28  -58.19  -57.97  -57.91
  250.00  -54.26  -53.83  -52.68  -51.90  -51.13  -50.85  -51.17  -51.39  -51.73  -52.63  -53.74  -53.79  -53.44  -53.31  -53.71  -53.92  -53.83  -53.79  -53.74  -53.51  -53.25  -53.08  -52.93  -52.73
  300.00  -44.82  -44.90  -45.41  -46.07  -46.19  -45.64  -44.96  -45.13  -45.44  -45.66  -45.42  -45.25  -45.25  -45.26  -45.21  -44.98  -44.46  -43.90  -43.57  -43.40  -43.30  -43.19  -43.25  -43.22
  350.00  -35.73  -35.78  -36.03  -36.64  -37.64  -38.32  -38.44  -37.70  -37.35  -37.12  -36.70  -36.43  -36.26  -36.16  -36.07  -36.02  -35.94  -35.63  -35.55  -35.55  -35.14  -34.91  -34.65  -34.73
  400.00  -27.16  -27.33  -27.77  -28.42  -29.21  -29.86  -30.49  -30.80  -30.18  -29.43  -28.90  -28.44  -27.96  -27.58  -27.50  -27.54  -27.62  -27.68  -27.69  -27.50  -27.44  -27.51  -27.25  -27.19
  450.00  -20.17  -20.38  -20.86  -21.56  -22.29  -22.84  -23.29  -23.60  -23.40  -22.66  -21.88  -21.42  -21.01  -20.54  -20.24  -20.15  -20.15  -20.37  -20.51  -20.32  -20.31  -20.32  -20.35  -20.62
  500.00  -14.95  -15.45  -16.11  -16.53  -16.85  -17.13  -17.43  -17.65  -17.67  -17.30  -16.12  -15.33  -14.73  -14.44  -14.36  -14.31  -14.24  -14.32  -14.42  -14.41  -14.46  -14.41  -14.69  -14.97
  550.00  -10.40  -10.91  -11.53  -11.81  -11.99  -12.26  -12.50  -12.68  -12.71  -12.51  -11.79  -11.43  -10.85  -10.19   -9.73   -9.32   -9.29   -9.45   -9.40   -9.29   -9.49   -9.58  -10.38  -10.47
  600.00   -7.35   -7.88   -8.26   -8.39   -8.41   -8.33   -8.31   -8.35   -8.34   -8.19   -7.97   -7.84   -7.67   -7.31   -7.06   -6.70   -6.41   -6.23   -5.84   -5.57   -5.73   -5.81   -7.11   -6.96
  650.00   -4.41   -4.98   -5.42   -5.63   -5.36   -4.84   -4.47   -4.28   -4.18   -4.08   -4.19   -4.35   -4.45   -4.26   -4.04   -3.97   -4.05   -4.04   -3.61   -3.11   -2.93   -3.05   -4.38   -4.27
  700.00   -1.20   -1.54   -1.75   -2.05   -2.43   -2.22   -1.55   -1.42   -1.30   -1.04   -0.78   -0.59   -0.56   -0.55   -0.63   -0.84   -1.16   -1.44   -1.53   -1.16   -0.54   -0.39   -0.70   -1.09
  750.00    2.40    2.17    1.85    1.55    1.22    0.75    0.56    0.45    0.28   -0.21   -0.14   -0.17   -0.09    0.28    1.17    1.86    2.14    2.33    2.17    2.09    2.40    2.50    3.40    3.10
  775.00    3.98    3.72    3.46    3.17    3.06    2.80    2.38    1.90    1.49    1.13    1.26    1.21    1.02    0.86    1.01    1.09    1.45    2.29    2.64    2.78    3.19    2.84    4.09    3.88
  800.00    4.98    5.09    4.63    4.07    3.76    3.52    3.00    2.30    1.87    1.65    1.87    2.29    2.39    2.48    2.43    2.05    1.76    1.83    2.05    2.19    2.47    2.12    3.73    3.77
  825.00    3.93    5.09    4.66    3.82    3.41    3.22    2.75    1.96    1.45    1.28    1.46    2.02    2.29    2.86    3.20    3.10    2.81    2.43    2.24    2.23    2.39    2.22    3.70    3.98
  850.00    2.36    3.01    2.78    2.23    2.03    1.96    1.57    1.06    0.84    0.77    1.47    1.92    1.99    2.31    2.70    2.89    2.98    2.95    2.60    2.35    2.42    2.28    3.37    4.06
  875.00    2.74    2.91    2.71    2.40    2.26    2.14    1.91    1.89    1.81    1.84    2.32    2.53    2.40    2.40    2.57    2.79    2.92    2.98    2.75    2.44    2.45    2.53    3.56    4.23
  900.00    3.74    3.80    3.69    3.60    3.47    3.40    3.28    3.33    3.35    3.32    3.47    3.61    3.50    3.38    3.31    3.36    3.32    3.24    3.33    3.22    3.19    3.23    4.76    4.89
  925.00    5.57    5.47    5.35    5.19    5.03    4.99    4.92    5.07    5.00    4.97    4.72    4.90    4.99    4.88    4.79    4.79    4.65    4.75    4.92    4.90    4.96    5.00    5.95    6.00
  950.00    7.12    7.08    7.02    6.91    6.87    6.79    6.79    6.84    6.77    6.69    6.62    6.81    6.75    6.74    6.73    6.67    6.68    6.70    6.70    6.73    6.71    6.76    7.19    7.11
  975.00    8.99    9.05    9.00    8.90    8.88    8.83    8.77    8.77    8.84    8.81    8.80    8.87    8.81    8.89    8.87    8.78    8.70    8.65    8.56    8.63    8.55    8.63    8.61    8.53
 1000.00   10.52   10.62   10.63   10.52   10.45   10.40   10.37   10.37   10.30   10.19   10.16   10.23   10.21   10.27   10.28   10.22   10.15   10.12   10.06   10.09   10.10   10.15   10.19   10.24
