#  level#  00:00#  01:00#  02:00#  03:00#  04:00#  05:00#  06:00#  07:00#  08:00#  09:00#  10:00#  11:00#  12:00#  13:00#  14:00#  15:00#  16:00#  17:00#  18:00#  19:00#  20:00#  21:00#  22:00#  23:00
    1.00  -13.14  -13.46  -13.22  -13.23  -14.82  -14.91  -14.69  -14.15  -12.98  -13.15  -13.03  -11.81  -10.33  -10.68  -10.25  -10.52  -10.75  -10.10  -10.44  -11.85  -12.26  -11.01   -9.75   -9.51
    2.00   -9.11   -7.30   -9.38  -13.91  -16.75  -17.51  -16.70  -16.80  -15.90  -13.44  -13.22  -14.26  -12.81  -10.38   -8.10   -7.43   -8.38   -9.24   -8.74   -8.27   -8.82  -10.08  -10.15   -9.57
    3.00  -20.93  -22.36  -21.36  -21.15  -21.65  -23.82  -24.65  -24.04  -24.20  -23.60  -22.45  -23.40  -23.79  -23.68  -22.31  -20.17  -17.96  -17.48  -18.08  -18.32  -18.68  -19.63  -20.88  -21.69
   10.00  -38.74  -39.35  -39.60  -39.53  -39.70  -40.56  -41.97  -41.58  -39.82  -38.80  -38.26  -38.12  -39.29  -39.95  -39.22  -37.76  -37.60  -38.27  -40.23  -41.90  -41.72  -41.25  -40.89  -40.75
   20.00  -52.66  -52.82  -52.45  -51.93  -52.00  -52.89  -52.11  -51.39  -52.18  -53.07  -52.67  -52.24  -51.88  -51.28  -50.28  -50.21  -50.90  -51.64  -51.58  -51.08  -51.00  -51.45  -51.74  -52.22
   30.00  -55.64  -56.16  -56.98  -57.80  -56.95  -56.42  -57.29  -57.97  -57.55  -56.42  -54.90  -54.90  -55.03  -56.16  -56.96  -57.40  -57.33  -57.22  -57.02  -56.74  -56.13  -55.71  -56.31  -57.15
   50.00  -59.09  -58.62  -58.24  -58.30  -59.32  -60.06  -59.53  -58.41  -57.92  -58.22  -58.70  -59.07  -58.52  -57.98  -57.80  -58.01  -58.39  -58.14  -57.75  -57.52  -57.67  -57.79  -58.02  -57.99
   70.00  -58.76  -59.01  -58.91  -58.38  -57.96  -57.96  -58.23  -58.49  -58.35  -57.93  -57.31  -57.84  -58.85  -59.08  -59.21  -58.73  -58.35  -58.25  -58.17  -58.41  -58.72  -59.28  -58.76  -59.14
  100.00  -56.08  -56.44  -56.62  -56.70  -56.49  -56.55  -57.01  -57.34  -57.48  -57.21  -57.06  -56.85  -56.92  -56.81  -57.44  -58.04  -58.00  -58.23  -58.54  -58.70  -58.73  -58.56  -58.16  -58.45
  125.00  -56.28  -56.54  -56.45  -56.39  -56.14  -55.73  -55.70  -55.81  -55.98  -56.25  -56.57  -56.53  -56.58  -56.43  -56.20  -56.44  -56.39  -56.26  -56.38  -56.66  -56.77  -56.74  -56.61  -56.59
  150.00  -52.85  -53.30  -53.49  -53.64  -53.71  -53.43  -53.12  -52.94  -52.81  -52.76  -52.94  -52.92  -53.12  -53.25  -52.93  -52.93  -52.96  -52.76  -52.54  -52.59  -52.73  -52.71  -52.45  -52.09
  175.00  -51.36  -51.65  -51.86  -52.28  -52.72  -52.81  -52.68  -52.49  -52.11  -51.54  -51.33  -51.00  -51.08  -51.43  -51.27  -51.15  -51.08  -50.44  -49.81  -49.38  -49.17  -49.11  -49.21  -49.05
  200.00  -53.73  -54.11  -54.21  -54.45  -54.91  -55.06  -54.64  -53.99  -53.55  -53.11  -53.18  -52.63  -52.09  -52.02  -51.58  -51.10  -51.13  -50.89  -50.42  -49.74  -49.14  -48.70  -48.40  -47.86
  225.00  -54.86  -54.92  -55.20  -55.27  -55.01  -54.90  -55.02  -55.01  -55.23  -55.32  -55.65  -55.14  -54.09  -53.34  -52.97  -52.10  -51.49  -51.17  -51.06  -50.79  -50.37  -50.01  -49.89  -49.25
  250.00  -52.83  -53.28  -53.79  -53.88  -54.11  -54.78  -55.47  -55.60  -55.69  -55.84  -55.66  -55.20  -54.42  -53.34  -53.02  -52.30  -51.30  -50.50  -50.18  -49.93  -49.61  -49.34  -49.46  -49.29
  300.00  -49.99  -50.26  -50.50  -50.72  -50.46  -50.28  -50.10  -49.89  -49.66  -49.31  -48.10  -48.01  -47.86  -47.76  -47.73  -47.73  -48.03  -48.39  -48.54  -48.49  -48.55  -48.77  -48.72  -49.67
  350.00  -42.15  -41.63  -41.45  -40.93  -40.49  -40.29  -40.07  -39.95  -39.83  -39.64  -39.02  -39.04  -39.00  -39.40  -40.03  -40.54  -40.62  -40.64  -40.68  -40.72  -41.09  -41.18  -40.77  -40.85
  400.00  -33.70  -33.48  -33.18  -32.69  -32.01  -31.76  -31.68  -31.71  -31.67  -31.37  -31.15  -31.28  -31.23  -31.49  -31.94  -32.21  -32.39  -32.36  -32.40  -32.67  -32.79  -32.86  -32.66  -32.29
  450.00  -26.33  -25.86  -25.67  -25.66  -25.55  -25.15  -24.99  -25.06  -25.06  -24.79  -24.68  -24.73  -24.78  -24.87  -25.16  -25.44  -25.71  -25.90  -25.92  -25.86  -25.98  -26.15  -26.06  -25.81
  500.00  -20.37  -19.74  -19.70  -19.36  -19.89  -19.78  -19.45  -19.52  -19.13  -19.20  -19.21  -19.09  -19.19  -19.22  -19.11  -19.35  -19.73  -20.09  -20.29  -20.25  -20.30  -20.52  -20.29  -20.16
  550.00  -15.08  -15.21  -14.58  -14.91  -14.79  -14.91  -14.94  -14.29  -13.73  -14.03  -14.20  -14.18  -14.22  -14.15  -14.09  -14.38  -14.54  -14.97  -15.32  -15.35  -15.37  -15.62  -15.15  -15.27
  600.00  -11.42  -11.26  -10.35  -10.49  -10.40  -10.69  -10.75   -9.73   -9.24   -9.31   -9.65   -9.89  -10.20  -10.09  -10.14  -10.51  -10.56  -10.84  -11.22  -11.42  -11.50  -11.58  -10.94  -11.25
  650.00   -7.81   -7.41   -7.06   -6.36   -6.45   -6.90   -6.65   -6.06   -5.86   -5.80   -6.13   -6.35   -6.57   -6.60   -6.59   -6.76   -7.00   -7.27   -7.58   -7.87   -8.04   -8.13   -7.71   -8.12
  700.00   -4.26   -3.76   -3.48   -2.77   -2.71   -2.88   -2.84   -3.09   -3.13   -2.96   -3.46   -3.30   -3.43   -3.53   -3.54   -3.47   -3.45   -3.87   -4.14   -4.30   -4.56   -4.64   -4.34   -4.74
  750.00   -1.06   -0.64   -0.06    0.42    0.52    0.10   -0.21   -0.62   -0.87   -0.91   -1.67   -1.17   -1.48   -1.43   -1.06   -0.82   -0.84   -0.91   -0.86   -0.81   -0.85   -0.97   -1.10   -1.45
  775.00    0.27    0.61    1.05    1.19    1.21    1.02    0.72    0.20   -0.22   -0.31   -0.92   -0.45   -0.69   -0.51   -0.07    0.12    0.19    0.20    0.29    0.30    0.51    0.59    0.15   -0.14
  800.00    0.84    0.96    1.20    1.19    1.35    1.64    1.72    0.95    0.47    0.30   -0.17    0.19    0.11    0.14    0.70    1.09    1.42    1.73    1.82    1.70    1.71    1.87    1.12    0.99
  825.00    1.05    1.14    1.44    1.64    1.94    2.22    2.50    2.09    1.30    0.97    0.59    0.77    0.82    0.98    1.67    2.05    2.40    2.69    2.81    2.95    3.00    2.93    1.98    1.83
  850.00    1.83    2.33    2.55    2.66    3.04    3.26    3.49    3.37    2.49    1.93    1.66    1.77    2.09    2.42    2.87    2.98    3.49    3.56    3.74    4.00    4.23    4.25    3.37    3.34
  875.00    3.66    3.71    3.81    3.74    3.99    4.19    4.45    4.36    4.14    4.08    3.39    3.32    3.69    3.95    4.04    4.08    4.37    4.62    4.83    5.02    5.16    5.07    4.75    4.82
  900.00    4.71    4.86    4.75    4.66    4.78    5.01    5.18    5.15    5.07    5.01    4.71    4.81    5.17    5.55    5.69    5.96    6.05    6.23    6.32    6.37    6.32    6.16    6.03    5.73
  925.00    5.05    5.08    5.09    5.35    5.58    5.94    6.16    6.27    6.30    6.30    6.34    6.46    6.96    7.20    7.47    7.75    7.80    7.88    7.84    7.71    7.64    7.50    7.32    7.03
  950.00    7.01    6.91    6.82    6.90    7.11    7.48    7.71    7.79    7.78    7.76    7.67    7.82    8.31    8.60    8.84    9.13    9.18    9.28    9.29    9.20    9.12    8.97    8.81    8.50
  975.00    8.40    8.30    8.22    8.30    8.51    8.88    9.10    9.18    9.17    9.16    9.05    9.19    9.68    9.95   10.20   10.49   10.54   10.65   10.67   10.59   10.51   10.35   10.21    9.89
 1000.00    9.76    9.67    9.57    9.66    9.87   10.24   10.48   10.55   10.54   10.52   10.42   10.57   11.06   11.34   11.60   11.88   11.93   12.03   12.05   11.97   11.89   11.73   11.59   11.27
