#  level#  00:00#  01:00#  02:00#  03:00#  04:00#  05:00#  06:00#  07:00#  08:00#  09:00#  10:00#  11:00#  12:00#  13:00#  14:00#  15:00#  16:00#  17:00#  18:00#  19:00#  20:00#  21:00#  22:00#  23:00
    1.00  -11.24  -12.26  -14.14  -14.45  -15.61  -13.82  -13.62  -12.77  -12.67  -13.75  -13.40  -12.71  -12.39  -11.74  -11.76  -11.10  -11.06  -10.35   -8.02   -7.75   -8.21   -9.38  -11.16  -12.69
    2.00  -13.82  -15.06  -17.02  -18.71  -19.35  -19.46  -17.21  -17.55  -15.90  -16.26  -16.64  -17.09  -15.28  -15.00  -15.80  -14.52  -12.05  -12.49  -14.06  -14.71  -14.96  -15.33  -13.56  -11.53
    3.00  -24.73  -22.87  -21.85  -20.20  -21.11  -24.99  -26.72  -27.12  -26.38  -23.98  -21.08  -21.87  -22.40  -22.47  -22.24  -23.37  -22.38  -21.99  -22.55  -22.28  -21.67  -20.70  -21.03  -20.35
   10.00  -42.92  -42.69  -41.88  -40.69  -41.08  -41.10  -41.71  -43.12  -43.45  -43.30  -42.16  -41.57  -41.09  -41.26  -41.86  -41.76  -41.37  -40.09  -39.33  -39.34  -40.04  -41.26  -42.30  -42.06
   20.00  -49.18  -49.33  -49.87  -50.26  -49.71  -49.11  -48.71  -48.93  -48.11  -46.80  -47.35  -48.48  -48.52  -48.27  -48.15  -48.35  -48.76  -49.31  -49.49  -49.57  -49.60  -48.94  -47.82  -47.10
   30.00  -54.21  -54.01  -52.97  -52.56  -52.62  -52.60  -52.24  -51.73  -52.43  -53.10  -52.51  -51.97  -51.93  -52.35  -52.73  -53.31  -53.56  -53.04  -52.63  -52.22  -51.70  -51.29  -51.52  -51.86
   50.00  -56.31  -56.54  -56.54  -56.05  -55.83  -56.15  -56.76  -57.20  -57.26  -57.18  -57.72  -57.79  -57.00  -56.23  -55.77  -55.10  -54.94  -55.37  -55.71  -56.05  -56.24  -56.61  -57.27  -57.84
   70.00  -59.06  -58.98  -59.15  -59.00  -58.71  -58.63  -58.67  -58.88  -59.01  -58.93  -58.80  -58.98  -59.19  -59.59  -60.08  -60.15  -59.58  -58.91  -58.61  -58.48  -58.79  -58.51  -58.26  -58.49
  100.00  -62.09  -62.21  -62.38  -62.70  -62.84  -62.71  -62.34  -62.06  -61.95  -62.04  -61.69  -61.96  -62.06  -62.05  -62.12  -62.48  -62.76  -62.82  -63.01  -62.82  -62.43  -62.17  -62.69  -62.30
  125.00  -65.05  -65.06  -64.80  -64.76  -64.71  -64.65  -64.68  -64.69  -64.68  -64.84  -64.58  -64.78  -64.91  -64.78  -64.52  -64.33  -64.15  -63.78  -63.54  -63.28  -62.88  -62.86  -62.52  -63.06
  150.00  -63.26  -63.41  -63.62  -63.69  -63.50  -63.26  -63.21  -63.24  -63.42  -63.59  -63.60  -63.29  -63.67  -64.25  -64.22  -64.13  -64.09  -64.05  -64.00  -64.08  -64.10  -64.10  -63.93  -63.75
  175.00  -60.70  -60.61  -60.64  -60.64  -60.61  -60.56  -60.58  -60.59  -60.49  -60.92  -61.26  -61.52  -61.98  -61.91  -61.81  -61.91  -62.05  -62.15  -61.95  -61.59  -61.32  -61.25  -61.41  -60.90
  200.00  -57.01  -56.95  -56.97  -57.25  -57.43  -57.47  -57.42  -57.63  -57.61  -57.60  -57.74  -57.66  -57.44  -57.38  -57.49  -57.66  -57.78  -57.65  -57.62  -57.78  -57.73  -57.45  -57.33  -56.76
  225.00  -52.01  -52.24  -52.34  -52.36  -52.40  -52.41  -52.35  -52.44  -52.42  -52.23  -52.29  -52.19  -52.00  -52.09  -52.03  -51.98  -51.98  -52.02  -52.18  -52.32  -52.49  -52.61  -52.35  -52.16
  250.00  -47.01  -47.35  -47.44  -47.40  -47.36  -47.21  -46.98  -46.95  -46.95  -46.89  -46.99  -46.82  -46.62  -46.57  -46.51  -46.38  -46.32  -46.23  -46.27  -46.45  -46.66  -46.81  -46.72  -46.86
  300.00  -37.27  -37.20  -37.26  -37.32  -37.35  -37.41  -37.45  -37.29  -37.16  -37.06  -36.96  -36.84  -36.59  -36.38  -36.27  -36.18  -36.12  -36.09  -36.06  -36.04  -35.94  -35.89  -35.94  -36.05
  350.00  -27.81  -27.61  -27.45  -27.44  -27.60  -27.83  -28.03  -28.24  -28.42  -28.41  -28.30  -28.37  -28.34  -28.23  -28.01  -27.76  -27.72  -27.77  -27.65  -27.59  -27.54  -27.44  -27.34  -27.57
  400.00  -19.46  -19.42  -19.42  -19.45  -19.55  -19.74  -20.00  -20.10  -20.22  -20.24  -20.18  -20.23  -20.28  -20.39  -20.43  -20.44  -20.51  -20.66  -20.76  -20.77  -20.68  -20.64  -20.76  -20.99
  450.00  -12.40  -12.52  -12.65  -12.60  -12.69  -12.93  -13.17  -13.36  -13.65  -13.71  -13.40  -13.42  -13.57  -13.76  -13.77  -13.84  -13.98  -14.15  -14.43  -14.66  -14.75  -14.75  -14.78  -14.99
  500.00   -6.31   -6.59   -6.87   -7.10   -7.25   -7.42   -7.67   -7.90   -8.11   -8.30   -8.02   -7.96   -7.92   -8.06   -8.30   -8.51   -8.68   -8.78   -8.96   -9.17   -9.32   -9.38   -9.78   -9.97
  550.00   -1.66   -1.59   -1.71   -1.79   -1.99   -2.27   -2.58   -2.96   -3.18   -3.29   -3.24   -3.36   -3.40   -3.28   -3.66   -3.96   -4.03   -4.03   -4.04   -4.16   -4.16   -4.17   -4.60   -4.79
  600.00    1.53    1.74    1.66    2.10    2.40    2.38    2.25    2.06    1.75    1.49    1.20    1.09    0.98    1.01    0.92    0.71    0.59    0.62    0.66    0.55    0.41    0.37   -0.13   -0.51
  650.00    4.17    4.76    4.68    4.53    4.62    4.63    4.58    5.05    5.80    6.04    6.07    5.76    5.66    5.52    5.30    5.00    4.68    4.57    4.64    4.64    4.37    4.01    3.44    2.83
  700.00    5.55    5.83    6.41    6.64    6.53    6.40    6.14    6.41    7.18    7.75    8.19    8.46    8.78    8.78    8.51    8.21    7.85    7.43    7.21    6.91    6.38    5.87    5.47    5.13
  750.00    8.28    7.94    7.80    7.81    7.69    7.60    7.47    7.59    7.95    7.97    6.89    7.45    8.68    9.38    9.45    9.85    9.75    9.09    8.70    8.72    8.65    8.51    8.69    8.49
  775.00    9.67    9.25    8.87    8.66    8.37    7.97    7.81    8.05    8.37    7.86    6.25    6.52    7.98    8.82    8.98    9.74   10.26   10.22   10.32   10.58   10.59   10.52   10.80   10.33
  800.00   10.82   10.32    9.97    9.65    9.28    8.70    8.30    8.10    8.12    7.93    7.13    7.09    7.78    8.63    9.41   10.40   11.38   11.91   12.26   12.51   12.47   12.38   12.70   12.12
  825.00   11.82   11.27   10.90   10.54   10.15    9.64    9.19    9.04    9.03    9.09    8.30    8.23    8.57    9.21    9.80   10.47   11.89   13.05   13.52   13.94   13.82   13.74   14.25   13.65
  850.00   12.92   12.29   11.88   11.45   10.99   10.54   10.17   10.10   10.11    9.96    9.22    9.28    9.81   10.11   10.19   10.33   11.26   12.84   13.36   13.98   14.06   14.54   15.24   14.88
  875.00   14.08   13.28   12.86   12.32   11.88   11.49   11.18   10.97   10.81   10.54   10.25   10.43   10.88   10.95   10.71   10.85   11.18   12.09   12.67   13.12   13.30   14.13   15.77   15.76
  900.00   15.24   14.33   13.82   13.22   12.65   12.20   12.18   11.93   11.71   11.55   11.47   11.68   11.95   11.85   11.85   11.79   11.91   12.27   12.44   12.51   12.65   13.42   15.30   15.90
  925.00   16.46   15.53   14.92   14.44   13.92   13.67   13.32   12.99   12.91   13.03   13.06   13.09   13.17   13.16   13.70   13.66   13.56   13.37   13.23   13.17   13.18   13.55   14.75   15.78
  950.00   17.31   17.00   16.76   16.34   15.90   15.48   15.19   14.88   14.74   14.70   14.71   14.59   14.54   15.08   15.66   15.57   15.48   15.32   15.03   14.82   14.68   14.64   15.27   15.86
  975.00   18.39   18.53   18.36   18.10   17.70   17.22   16.85   16.60   16.51   16.50   16.33   16.30   16.31   16.93   17.47   17.36   17.20   17.02   16.76   16.63   16.53   16.42   16.74   17.03
 1000.00   19.41   19.73   20.06   19.89   19.35   18.90   18.54   18.29   18.18   18.19   18.03   18.00   18.04   18.65   19.16   19.05   18.89   18.73   18.47   18.32   18.21   18.10   18.39   18.69
