#  level#  00:00#  01:00#  02:00#  03:00#  04:00#  05:00#  06:00#  07:00#  08:00#  09:00#  10:00#  11:00#  12:00#  13:00#  14:00#  15:00#  16:00#  17:00#  18:00#  19:00#  20:00#  21:00#  22:00#  23:00
    1.00  -14.00  -15.25  -17.38  -17.88  -17.34  -17.27  -16.39  -16.32  -16.01  -17.20  -16.40  -15.21  -14.25  -13.89  -11.93   -9.91   -9.76  -12.24  -14.49  -15.46  -14.43  -13.21  -13.69  -14.64
    2.00  -19.90  -19.09  -19.71  -21.28  -21.83  -24.45  -25.86  -25.07  -23.51  -21.31  -19.76  -19.34  -18.63  -20.68  -23.01  -23.73  -21.08  -17.55  -16.16  -14.16  -15.22  -16.81  -18.23  -18.37
    3.00  -30.61  -30.61  -29.38  -27.31  -26.55  -27.30  -29.74  -31.25  -33.02  -32.03  -29.17  -27.72  -26.46  -25.10  -26.53  -28.96  -31.28  -31.83  -32.15  -30.29  -28.67  -27.65  -26.70  -24.91
   10.00  -49.42  -50.77  -50.49  -50.60  -50.36  -50.03  -47.79  -47.08  -47.18  -47.39  -47.46  -47.81  -48.98  -49.68  -49.60  -48.72  -48.33  -49.14  -48.93  -48.49  -47.81  -47.11  -47.76  -48.50
   20.00  -55.65  -55.38  -56.40  -56.32  -55.57  -55.65  -56.00  -55.58  -55.47  -55.29  -54.56  -53.79  -53.42  -53.53  -53.72  -54.71  -55.47  -55.93  -56.47  -56.11  -55.81  -55.14  -53.99  -53.84
   30.00  -58.37  -57.64  -57.02  -57.73  -58.00  -58.16  -58.82  -58.83  -58.19  -57.36  -57.19  -57.63  -57.77  -57.95  -56.90  -55.78  -55.76  -56.04  -56.92  -58.07  -59.07  -59.74  -58.83  -58.01
   50.00  -58.61  -59.43  -59.25  -59.09  -59.93  -60.32  -60.22  -60.25  -60.32  -60.30  -59.44  -59.25  -59.08  -59.03  -59.26  -59.36  -59.66  -59.84  -60.09  -60.34  -59.90  -58.85  -58.28  -58.84
   70.00  -59.42  -59.58  -60.27  -59.74  -59.47  -59.68  -59.40  -58.87  -58.68  -59.02  -59.75  -59.98  -59.92  -59.08  -59.01  -59.13  -59.16  -59.22  -59.15  -59.23  -59.58  -59.18  -59.01  -60.04
  100.00  -61.18  -59.84  -60.16  -61.06  -60.50  -60.39  -60.62  -60.52  -60.49  -60.85  -61.59  -61.67  -61.20  -60.97  -60.96  -61.09  -61.21  -61.13  -60.74  -60.44  -60.78  -61.46  -61.94  -62.15
  125.00  -60.37  -60.11  -59.42  -60.08  -60.59  -60.45  -60.35  -60.00  -59.52  -59.22  -59.98  -60.47  -60.68  -60.78  -60.77  -60.62  -60.51  -60.77  -61.06  -60.99  -60.66  -60.66  -60.79  -61.18
  150.00  -58.89  -59.60  -58.80  -57.53  -57.68  -57.58  -57.71  -57.95  -58.17  -58.27  -58.07  -57.85  -57.77  -57.83  -58.06  -58.38  -58.60  -58.97  -59.57  -60.18  -60.57  -60.80  -60.07  -60.04
  175.00  -56.37  -56.94  -57.26  -56.78  -56.34  -55.84  -55.56  -55.64  -55.60  -55.87  -55.66  -55.89  -56.17  -56.39  -56.29  -56.35  -56.31  -56.30  -56.35  -56.50  -56.55  -56.78  -56.95  -57.61
  200.00  -56.54  -56.45  -56.11  -55.77  -55.32  -55.30  -54.84  -54.95  -54.87  -54.74  -54.77  -54.46  -55.03  -55.89  -56.35  -56.72  -56.83  -56.83  -56.76  -57.03  -57.57  -57.71  -57.81  -56.97
  225.00  -54.86  -54.03  -54.16  -54.15  -53.38  -52.79  -52.53  -52.21  -52.12  -52.04  -52.76  -52.68  -53.00  -53.36  -53.82  -53.88  -53.86  -54.14  -54.42  -54.59  -54.78  -55.08  -56.19  -55.88
  250.00  -50.99  -50.74  -50.65  -51.15  -51.30  -50.54  -49.67  -49.16  -49.03  -48.87  -49.19  -49.22  -48.95  -49.27  -49.43  -49.54  -50.05  -50.52  -50.83  -50.72  -50.49  -50.51  -51.12  -50.93
  300.00  -41.73  -41.86  -42.08  -42.18  -42.39  -42.86  -43.28  -43.44  -43.43  -43.20  -42.62  -42.51  -42.20  -41.10  -41.18  -41.54  -41.47  -41.28  -41.25  -41.28  -41.25  -41.22  -41.70  -41.89
  350.00  -32.47  -32.54  -32.73  -32.95  -33.29  -33.78  -34.21  -34.60  -34.55  -34.44  -34.53  -34.34  -34.29  -34.12  -33.56  -32.99  -32.55  -32.41  -32.40  -32.21  -32.01  -31.98  -32.14  -32.00
  400.00  -23.61  -23.80  -24.58  -25.25  -25.93  -26.48  -26.65  -26.66  -26.63  -26.53  -26.74  -26.79  -26.87  -26.46  -26.15  -25.75  -25.35  -25.00  -24.69  -24.42  -24.10  -23.85  -23.99  -23.83
  450.00  -18.34  -19.13  -19.41  -19.49  -19.76  -19.91  -19.93  -19.83  -19.78  -19.74  -19.84  -19.91  -19.92  -19.67  -19.52  -19.24  -18.99  -18.85  -18.73  -18.60  -18.39  -18.05  -18.11  -17.87
  500.00  -14.77  -14.85  -14.81  -14.68  -14.61  -14.36  -14.26  -14.14  -14.06  -13.97  -14.50  -14.37  -14.43  -14.29  -14.60  -14.60  -14.51  -14.17  -13.65  -13.39  -13.33  -13.07  -13.01  -12.83
  550.00  -10.24  -10.32  -10.17   -9.79   -9.56   -9.41   -9.37   -9.50   -9.68   -9.68   -9.60  -10.05   -9.75   -9.71   -9.55   -9.69   -9.83   -9.74   -9.37   -9.13   -9.11   -9.00   -8.81   -8.69
  600.00   -5.56   -5.83   -5.94   -5.84   -5.73   -5.96   -6.14   -6.31   -6.33   -6.26   -5.60   -5.92   -5.28   -5.56   -5.33   -5.28   -5.45   -5.48   -5.31   -5.18   -5.36   -5.20   -4.89   -4.79
  650.00   -1.80   -2.23   -2.42   -2.54   -2.73   -3.03   -3.09   -3.20   -3.30   -3.18   -2.68   -2.41   -2.07   -2.33   -2.30   -2.05   -2.20   -2.19   -2.28   -2.46   -2.69   -2.62   -2.60   -2.48
  700.00    1.15    0.81    0.65    0.44    0.27    0.14    0.16   -0.14   -0.28   -0.31    0.36    0.53    0.22    0.17    0.26    0.47    0.54    0.57    0.65    0.63    0.65    0.70    0.46    0.37
  750.00    4.36    4.21    4.04    3.84    3.69    3.70    3.68    3.37    3.03    2.95    3.74    3.99    3.55    3.38    3.29    3.57    3.72    3.92    4.05    4.03    3.96    4.10    4.08    4.06
  775.00    6.08    5.95    5.82    5.61    5.53    5.52    5.44    5.20    5.04    4.96    5.27    5.58    4.98    4.97    4.83    4.98    5.24    5.64    5.82    5.72    5.64    5.76    5.98    5.97
  800.00    7.69    7.58    7.46    7.31    7.28    7.29    7.14    6.80    6.73    6.79    6.74    6.93    6.34    6.41    6.38    6.50    6.79    7.19    7.41    7.30    7.16    7.19    7.63    7.56
  825.00    9.07    9.00    8.96    8.91    8.93    8.94    8.73    8.22    8.12    8.38    8.03    8.25    7.75    7.81    7.80    7.92    8.17    8.52    8.66    8.59    8.49    8.53    8.85    8.71
  850.00   10.39   10.37   10.41   10.41   10.47   10.41   10.10    9.64    9.54    9.77    9.35    9.51    8.97    8.96    9.15    9.32    9.50    9.76    9.76    9.64    9.57    9.68    9.92    9.83
  875.00   11.74   11.65   11.64   11.66   11.64   11.47   11.15   10.84   10.89   11.03   10.61   10.53   10.13   10.38   10.59   10.62   10.79   10.96   10.77   10.54   10.45   10.47   11.00   10.93
  900.00   12.97   12.87   12.73   12.67   12.63   12.46   12.24   12.08   12.11   12.32   11.76   11.69   11.68   11.88   12.02   12.03   12.04   11.97   11.63   11.40   11.33   11.40   11.92   11.97
  925.00   13.95   13.66   13.52   13.51   13.47   13.29   13.02   12.68   12.73   12.69   12.53   12.59   12.85   13.22   13.41   13.36   13.22   13.04   12.74   12.69   12.55   12.50   13.04   13.00
  950.00   14.47   14.36   14.25   14.05   14.03   13.76   13.61   13.61   13.58   13.55   13.72   14.09   14.45   14.86   14.87   14.77   14.58   14.31   14.07   13.98   13.89   13.83   14.47   14.47
  975.00   15.28   15.16   14.98   14.78   14.62   14.54   14.68   14.53   14.71   15.02   15.18   15.68   16.02   16.37   16.44   16.29   15.99   15.64   15.45   15.28   15.13   15.08   15.72   15.79
 1000.00   16.16   16.21   16.03   16.01   15.90   15.79   15.93   15.78   15.99   16.52   16.77   17.25   17.50   17.80   17.88   17.72   17.42   17.15   16.98   16.80   16.67   16.64   17.17   17.15
