#  level#  00:00#  01:00#  02:00#  03:00#  04:00#  05:00#  06:00#  07:00#  08:00#  09:00#  10:00#  11:00#  12:00#  13:00#  14:00#  15:00#  16:00#  17:00#  18:00#  19:00#  20:00#  21:00#  22:00#  23:00
    1.00  -11.45  -11.20  -10.20   -9.94  -10.73  -11.96  -14.36  -16.19  -16.92  -16.83  -16.52  -15.88  -14.29  -12.43  -10.76  -10.15  -10.85  -11.47  -12.27  -12.57  -12.95  -12.55  -11.93  -11.50
    2.00  -11.35  -11.21  -11.67  -11.72  -10.60  -10.41  -11.31  -12.43  -13.20  -12.92  -12.92  -13.52  -13.52  -12.50  -10.83   -8.69   -7.17   -7.15   -7.57   -8.00   -8.98   -8.96   -8.58   -8.71
    3.00  -24.39  -26.44  -28.14  -28.22  -27.80  -26.14  -24.49  -24.27  -24.45  -23.54  -22.89  -22.53  -23.70  -24.27  -23.99  -23.70  -23.23  -22.73  -22.74  -22.40  -23.45  -24.32  -25.14  -25.44
   10.00  -51.13  -51.70  -53.29  -54.02  -53.08  -51.64  -51.56  -52.51  -52.44  -51.46  -51.03  -51.49  -51.78  -51.53  -50.78  -49.47  -49.12  -48.83  -48.61  -48.82  -49.92  -50.78  -50.94  -51.12
   20.00  -55.67  -56.73  -56.87  -56.40  -56.13  -56.33  -56.21  -55.52  -55.07  -55.00  -55.65  -55.42  -55.41  -55.32  -54.71  -53.82  -53.79  -54.55  -55.21  -55.18  -55.22  -55.27  -56.02  -56.20
   30.00  -55.88  -56.37  -57.40  -57.79  -57.32  -57.20  -57.85  -58.13  -57.53  -56.62  -56.22  -55.93  -55.76  -55.59  -55.65  -56.02  -56.06  -55.98  -56.25  -56.55  -56.78  -56.69  -56.48  -56.49
   50.00  -57.80  -58.06  -57.24  -56.62  -56.82  -56.74  -56.70  -56.85  -56.65  -56.57  -56.46  -56.77  -57.21  -57.66  -57.85  -57.79  -57.38  -56.67  -56.23  -56.03  -55.95  -56.22  -56.89  -57.57
   70.00  -56.08  -56.53  -57.30  -57.38  -57.00  -56.98  -57.13  -57.05  -56.53  -55.91  -55.79  -55.87  -55.90  -56.12  -56.61  -56.99  -57.44  -57.80  -57.90  -57.82  -57.61  -57.15  -56.47  -56.66
  100.00  -57.61  -57.95  -58.39  -58.82  -59.02  -59.08  -58.36  -57.57  -57.61  -57.93  -57.97  -58.43  -58.81  -59.18  -59.76  -60.21  -60.48  -60.47  -60.32  -60.17  -59.62  -59.07  -59.25  -59.92
  125.00  -58.59  -58.08  -57.82  -58.17  -58.64  -59.14  -59.58  -59.71  -59.62  -59.49  -59.36  -59.68  -59.82  -59.64  -59.50  -59.46  -59.58  -59.74  -59.76  -59.86  -60.10  -60.06  -59.94  -60.26
  150.00  -57.95  -57.90  -57.55  -57.35  -57.25  -57.24  -57.55  -57.92  -58.00  -57.80  -57.82  -58.34  -58.85  -59.06  -59.07  -58.98  -59.07  -59.56  -59.94  -59.88  -59.91  -59.86  -59.76  -59.49
  175.00  -56.59  -56.93  -57.07  -57.27  -57.38  -57.03  -56.74  -56.90  -57.34  -57.67  -57.76  -57.91  -58.30  -58.65  -58.87  -58.91  -58.74  -58.85  -59.36  -59.80  -60.27  -60.76  -61.14  -61.06
  200.00  -57.65  -57.63  -57.85  -58.29  -58.74  -58.65  -58.29  -58.16  -58.36  -58.84  -58.90  -58.72  -58.84  -59.22  -59.63  -60.05  -60.28  -60.35  -60.50  -60.67  -61.03  -61.57  -61.87  -61.80
  225.00  -58.54  -58.15  -58.03  -58.23  -58.59  -58.79  -58.78  -58.88  -59.02  -59.34  -59.28  -59.10  -59.17  -59.63  -60.16  -60.67  -61.05  -61.18  -61.23  -61.20  -61.04  -60.88  -60.80  -60.72
  250.00  -57.90  -57.85  -57.87  -57.90  -57.99  -58.25  -58.34  -58.37  -58.34  -58.45  -58.56  -58.46  -58.30  -58.25  -58.28  -58.40  -58.52  -58.48  -58.38  -58.34  -58.28  -58.17  -58.04  -57.71
  300.00  -52.05  -52.45  -52.73  -52.84  -52.84  -52.88  -52.89  -52.71  -52.38  -52.03  -51.91  -51.72  -51.44  -51.11  -50.82  -50.60  -50.43  -50.20  -49.96  -49.84  -49.82  -49.84  -49.65  -49.46
  350.00  -45.43  -45.21  -45.05  -44.89  -44.80  -44.80  -44.85  -44.89  -44.81  -44.60  -44.51  -44.21  -43.88  -43.61  -43.38  -43.09  -42.81  -42.54  -42.31  -42.17  -42.12  -42.07  -41.76  -41.60
  400.00  -38.40  -38.25  -38.21  -38.01  -37.62  -37.32  -37.16  -37.05  -36.95  -36.84  -36.65  -36.52  -36.40  -36.29  -36.20  -36.00  -35.72  -35.39  -35.08  -34.80  -34.58  -34.44  -34.21  -34.15
  450.00  -31.55  -31.32  -31.17  -31.17  -31.21  -31.12  -30.97  -30.86  -30.63  -30.30  -29.94  -29.76  -29.63  -29.60  -29.61  -29.50  -29.25  -28.90  -28.53  -28.18  -27.94  -27.85  -27.77  -27.71
  500.00  -25.39  -25.16  -25.01  -24.97  -25.03  -25.18  -25.26  -25.25  -25.16  -24.91  -24.64  -24.32  -23.98  -23.79  -23.67  -23.54  -23.40  -23.19  -22.95  -22.67  -22.40  -22.22  -22.17  -22.03
  550.00  -20.03  -19.92  -19.74  -19.65  -19.61  -19.70  -19.85  -19.94  -19.88  -19.72  -19.72  -19.53  -19.25  -18.94  -18.64  -18.38  -18.17  -17.99  -17.84  -17.62  -17.41  -17.26  -17.36  -17.19
  600.00  -15.26  -15.28  -15.20  -15.10  -14.99  -14.94  -14.93  -15.00  -15.06  -15.03  -15.27  -15.14  -15.00  -14.78  -14.51  -14.15  -13.92  -13.81  -13.68  -13.33  -12.93  -12.69  -12.95  -12.90
  650.00  -11.08  -11.22  -11.26  -11.19  -11.00  -10.86  -10.73  -10.64  -10.61  -10.64  -10.97  -10.82  -10.69  -10.53  -10.29  -10.03   -9.84   -9.80   -9.76   -9.54   -9.11   -8.71   -8.88   -8.89
  700.00   -7.32   -7.57   -7.69   -7.68   -7.55   -7.40   -7.25   -7.09   -6.91   -6.82   -6.94   -6.79   -6.58   -6.34   -6.13   -5.89   -5.72   -5.64   -5.67   -5.64   -5.40   -5.02   -5.17   -5.07
  750.00   -3.59   -3.79   -3.96   -4.04   -4.04   -3.95   -3.78   -3.64   -3.50   -3.37   -3.01   -2.89   -2.73   -2.46   -2.09   -1.97   -1.96   -2.08   -2.25   -2.36   -2.36   -2.14   -2.00   -1.63
  775.00   -1.76   -1.92   -2.10   -2.20   -2.16   -2.13   -2.00   -1.86   -1.70   -1.59   -1.19   -1.10   -0.90   -0.66   -0.68   -0.60   -0.45   -0.34   -0.32   -0.39   -0.40   -0.36   -0.16    0.01
  800.00    0.00   -0.15   -0.31   -0.42   -0.43   -0.38   -0.29   -0.15    0.01    0.13    0.43    0.54    0.76    0.68    1.00    1.38    1.73    1.90    2.04    2.05    1.98    1.89    2.01    2.01
  825.00    1.69    1.57    1.43    1.32    1.29    1.29    1.33    1.41    1.56    1.70    1.85    2.01    1.83    2.34    3.10    3.73    4.11    4.34    4.47    4.48    4.43    4.25    4.13    4.04
  850.00    3.31    3.25    3.16    3.08    3.06    3.04    3.07    3.13    3.28    3.47    3.40    3.37    3.58    4.65    5.48    6.10    6.48    6.68    6.80    6.86    6.77    6.62    6.48    6.24
  875.00    4.58    4.52    4.55    4.59    4.65    4.67    4.71    4.81    4.86    4.86    4.69    4.53    5.82    6.92    7.77    8.40    8.78    8.97    9.06    9.13    9.06    8.86    8.80    8.51
  900.00    5.70    5.26    4.98    4.74    4.64    4.60    4.63    4.75    5.11    5.07    5.22    6.85    8.23    9.34   10.21   10.81   11.17   11.35   11.32   11.30   11.23   10.97   10.88   10.33
  925.00    7.47    6.88    6.46    6.11    5.78    5.45    5.10    4.85    4.89    6.03    7.43    9.18   10.60   11.74   12.61   13.20   13.54   13.68   13.63   13.54   13.42   13.16   13.07   12.22
  950.00    8.88    8.27    7.77    7.36    7.04    6.74    6.39    6.13    6.42    7.87    9.30   11.09   12.52   13.62   14.47   15.02   15.32   15.43   15.36   15.23   15.03   14.68   14.40   13.25
  975.00   10.29    9.67    9.18    8.76    8.41    8.09    7.77    7.50    7.64    9.16   10.62   12.40   13.82   14.90   15.74   16.31   16.64   16.77   16.70   16.60   16.47   16.19   16.02   15.08
 1000.00   11.67   11.06   10.57   10.18    9.85    9.53    9.20    8.92    9.03   10.51   11.96   13.75   15.18   16.27   17.12   17.70   18.03   18.17   18.11   18.02   17.89   17.62   17.48   16.54
