#  level#  00:00#  01:00#  02:00#  03:00#  04:00#  05:00#  06:00#  07:00#  08:00#  09:00#  10:00#  11:00#  12:00#  13:00#  14:00#  15:00#  16:00#  17:00#  18:00#  19:00#  20:00#  21:00#  22:00#  23:00
    1.00   -8.67   -8.81  -11.06  -14.01  -16.10  -15.60  -15.43  -16.15  -16.28  -16.08  -15.44  -15.69  -13.94  -11.27  -10.54   -9.95   -8.30   -7.85   -8.28   -9.24   -8.92   -9.21  -10.57  -10.37
    2.00  -10.58  -11.30  -11.09  -12.33  -11.97  -13.08  -14.36  -14.39  -14.92  -14.54  -13.35  -12.11  -10.52  -11.70  -12.47  -13.42  -12.62  -11.71  -10.03  -10.89  -11.02  -10.95  -10.79  -10.77
    3.00  -19.03  -18.04  -17.66  -17.75  -19.25  -18.72  -19.15  -19.75  -19.97  -20.62  -21.50  -22.16  -20.92  -18.53  -16.06  -15.12  -15.74  -16.78  -18.71  -20.11  -20.53  -18.41  -17.39  -16.85
   10.00  -41.61  -41.99  -42.93  -42.45  -41.73  -41.45  -41.67  -42.26  -41.67  -41.41  -41.69  -42.12  -42.27  -41.93  -42.11  -42.11  -40.86  -39.78  -39.74  -39.85  -39.77  -40.26  -40.62  -40.59
   20.00  -48.30  -48.34  -48.16  -47.84  -47.75  -48.00  -48.19  -47.13  -46.53  -47.18  -47.54  -47.88  -48.41  -48.65  -48.39  -48.31  -48.11  -47.57  -47.25  -47.06  -46.91  -46.94  -47.58  -47.87
   30.00  -53.49  -53.99  -54.55  -54.92  -54.69  -53.39  -52.45  -52.40  -52.35  -52.15  -52.11  -52.43  -52.66  -53.39  -53.47  -52.55  -52.05  -52.10  -52.39  -52.67  -52.71  -52.25  -52.19  -52.37
   50.00  -58.78  -59.55  -59.94  -59.54  -58.95  -58.74  -58.64  -58.41  -58.26  -58.07  -57.65  -57.46  -57.64  -57.85  -58.22  -58.35  -58.10  -57.78  -57.63  -57.70  -57.66  -57.61  -57.88  -58.42
   70.00  -58.80  -59.43  -60.22  -60.56  -60.41  -60.23  -60.19  -60.03  -59.84  -59.62  -58.95  -58.09  -57.58  -57.56  -57.75  -58.15  -58.47  -58.79  -58.98  -59.11  -59.13  -58.72  -58.44  -57.98
  100.00  -58.50  -58.18  -58.29  -58.70  -58.99  -59.16  -59.35  -59.50  -59.46  -59.31  -59.21  -59.26  -59.04  -59.01  -59.05  -59.20  -59.49  -59.69  -59.73  -59.50  -59.44  -59.55  -59.19  -59.47
  125.00  -58.72  -58.33  -58.05  -58.16  -58.44  -58.62  -58.69  -58.82  -58.96  -59.02  -59.76  -60.04  -60.14  -60.11  -59.92  -59.56  -59.49  -59.64  -59.82  -59.80  -59.73  -59.88  -59.21  -59.51
  150.00  -58.64  -58.68  -58.55  -58.62  -59.01  -59.27  -59.26  -59.15  -59.04  -58.76  -58.72  -59.03  -59.25  -59.48  -59.74  -59.84  -59.78  -59.90  -60.38  -60.80  -60.90  -61.22  -61.33  -61.89
  175.00  -59.47  -59.27  -59.21  -59.24  -59.39  -59.75  -60.21  -60.62  -61.00  -61.23  -61.61  -61.83  -61.95  -62.03  -62.09  -62.23  -62.54  -62.65  -62.73  -62.89  -62.90  -62.76  -62.73  -62.60
  200.00  -59.74  -59.93  -60.09  -60.12  -59.98  -59.79  -59.66  -59.60  -59.62  -59.65  -59.99  -59.90  -59.78  -59.54  -59.20  -58.86  -58.86  -59.27  -59.29  -59.08  -59.11  -59.15  -59.36  -59.38
  225.00  -55.62  -55.82  -55.85  -55.78  -55.80  -55.85  -55.77  -55.56  -55.30  -55.13  -55.12  -55.01  -54.93  -54.93  -54.89  -54.84  -54.72  -54.69  -54.80  -54.94  -54.89  -54.65  -54.54  -54.53
  250.00  -50.24  -50.28  -50.27  -50.30  -50.41  -50.49  -50.52  -50.52  -50.43  -50.28  -49.99  -49.66  -49.43  -49.35  -49.38  -49.59  -49.73  -49.70  -49.60  -49.53  -49.36  -49.12  -48.97  -48.86
  300.00  -39.03  -39.05  -39.24  -39.45  -39.58  -39.62  -39.61  -39.62  -39.65  -39.69  -39.82  -39.70  -39.63  -39.63  -39.59  -39.46  -39.07  -38.62  -38.67  -38.74  -38.73  -38.70  -38.76  -38.73
  350.00  -30.47  -30.62  -30.70  -30.60  -30.39  -30.29  -30.29  -30.35  -30.45  -30.54  -30.80  -30.70  -30.55  -30.47  -30.44  -30.41  -30.36  -30.21  -29.76  -29.24  -29.01  -29.00  -29.25  -29.49
  400.00  -22.82  -22.92  -22.99  -23.03  -23.05  -23.08  -23.13  -23.22  -23.34  -23.47  -23.40  -23.33  -23.17  -23.10  -23.07  -22.98  -22.89  -22.73  -22.44  -22.24  -22.10  -21.96  -21.94  -22.02
  450.00  -16.11  -16.28  -16.37  -16.42  -16.46  -16.56  -16.69  -16.81  -16.92  -17.02  -16.75  -16.75  -16.67  -16.63  -16.65  -16.61  -16.48  -16.38  -16.23  -16.10  -15.99  -15.76  -15.31  -15.16
  500.00   -9.93  -10.03  -10.08  -10.10  -10.09  -10.09  -10.12  -10.19  -10.29  -10.42  -10.40  -10.58  -10.69  -10.75  -10.75  -10.74  -10.69  -10.61  -10.49  -10.49  -10.56  -10.55  -10.50  -10.22
  550.00   -4.76   -4.79   -4.97   -5.21   -5.20   -4.99   -4.84   -4.78   -4.82   -4.95   -4.88   -5.04   -5.17   -5.23   -5.17   -5.15   -5.11   -5.09   -5.06   -5.12   -5.16   -5.18   -5.33   -5.31
  600.00   -1.42   -1.80   -2.20   -2.53   -2.53   -2.20   -1.88   -1.64   -1.51   -1.48   -1.22   -1.12   -1.11   -0.98   -0.60   -0.46   -0.52   -0.62   -0.79   -0.98   -1.02   -0.83   -0.83   -0.82
  650.00   -0.15   -0.32   -0.48   -0.56   -0.64   -0.46   -0.14    0.19    0.42    0.57    0.77    1.15    1.25    0.38   -1.10   -1.15   -1.51   -1.35   -1.51   -1.30   -0.77    0.46    1.48    1.96
  700.00    3.23    3.10    3.07    3.08    3.01    2.88    2.75    2.77    2.86    2.98    3.04    3.29    2.55    2.16    2.73    3.08    3.71    3.93    3.89    3.64    3.44    3.38    3.73    4.22
  750.00    7.57    7.23    7.17    7.30    7.29    7.10    6.79    6.58    6.56    6.65    6.13    6.14    6.10    7.24    8.01    8.59    9.15    9.43    9.45    9.15    8.89    8.74    8.66    8.63
  775.00    9.66    9.24    9.08    9.20    9.25    9.08    8.76    8.50    8.43    8.55    7.97    7.69    8.62    9.76   10.60   11.26   11.79   12.07   12.13   11.83   11.48   11.24   11.10   11.03
  800.00   11.64   11.29   11.11   11.10   11.14   11.04   10.81   10.61   10.51   10.53    9.96   10.09   11.14   12.25   13.15   13.86   14.38   14.67   14.72   14.40   13.90   13.49   12.94   12.85
  825.00   13.69   13.42   13.25   13.15   13.09   12.99   12.83   12.66   12.55   12.61   11.76   12.58   13.63   14.75   15.67   16.39   16.93   17.21   17.24   16.88   16.21   15.55   14.67   14.30
  850.00   15.83   15.50   15.25   15.15   15.04   14.86   14.57   14.28   14.13   14.17   13.89   15.03   16.15   17.24   18.17   18.90   19.44   19.72   19.74   19.29   18.46   17.36   16.20   15.51
  875.00   17.89   17.42   16.95   16.73   16.62   16.41   16.01   15.61   15.47   15.26   16.22   17.48   18.63   19.68   20.62   21.33   21.88   22.16   22.21   21.76   20.76   19.10   17.33   16.38
  900.00   20.03   19.54   18.69   17.87   17.57   17.42   17.10   16.80   16.30   17.43   18.63   19.88   21.02   22.13   23.08   23.79   24.33   24.58   24.61   24.18   23.14   21.33   18.95   17.19
  925.00   21.75   21.23   20.39   19.41   18.58   17.98   17.48   17.31   18.42   20.05   21.30   22.61   23.86   24.95   25.88   26.59   27.11   27.25   27.13   26.44   25.27   23.57   21.38   19.57
  950.00   23.36   22.87   21.98   20.97   20.14   19.54   19.04   18.69   19.77   21.39   22.63   23.95   25.13   26.19   27.10   27.80   28.33   28.53   28.48   27.96   26.84   25.06   22.82   20.99
  975.00   24.80   24.31   23.40   22.37   21.53   20.94   20.46   20.13   21.22   22.90   24.17   25.46   26.64   27.71   28.63   29.29   29.81   30.02   29.98   29.47   28.36   26.55   24.25   22.42
 1000.00   26.29   25.79   24.88   23.85   23.01   22.42   21.94   21.60   22.67   24.32   25.58   26.89   28.08   29.14   30.07   30.75   31.28   31.48   31.45   30.94   29.83   28.02   25.72   23.89
