#  level#  00:00#  01:00#  02:00#  03:00#  04:00#  05:00#  06:00#  07:00#  08:00#  09:00#  10:00#  11:00#  12:00#  13:00#  14:00#  15:00#  16:00#  17:00#  18:00#  19:00#  20:00#  21:00#  22:00#  23:00
    1.00  -31.06  -31.99  -31.13  -29.99  -30.90  -31.12  -32.30  -32.49  -32.83  -32.00  -31.33  -30.89  -29.48  -28.88  -26.81  -26.77  -27.62  -27.89  -27.93  -28.47  -29.11  -28.88  -28.72  -28.29
    2.00  -32.10  -32.57  -32.52  -34.48  -36.18  -36.03  -35.29  -35.97  -36.90  -36.66  -35.13  -32.62  -31.48  -31.56  -32.35  -32.23  -31.63  -31.85  -30.06  -29.30  -29.83  -29.86  -31.34  -32.01
    3.00  -36.21  -36.23  -35.29  -34.94  -35.90  -37.08  -38.07  -38.33  -38.97  -39.94  -39.51  -39.09  -37.19  -36.98  -37.14  -37.17  -38.33  -38.75  -39.55  -38.64  -37.20  -36.98  -37.20  -36.58
   10.00  -45.45  -46.78  -47.17  -46.60  -46.69  -46.81  -47.24  -47.49  -47.19  -46.19  -45.52  -45.26  -45.92  -46.84  -47.47  -48.73  -49.18  -49.90  -50.57  -50.31  -49.61  -49.00  -49.28  -49.08
   20.00  -45.94  -45.92  -46.01  -46.91  -47.62  -48.13  -48.30  -48.88  -49.51  -50.06  -50.79  -51.81  -52.05  -51.65  -50.38  -49.83  -50.07  -50.40  -51.35  -52.26  -52.71  -51.17  -50.44  -51.36
   30.00  -53.01  -53.39  -53.38  -53.04  -51.98  -51.47  -50.85  -50.77  -51.13  -51.31  -51.44  -51.82  -52.34  -52.90  -53.04  -52.40  -52.52  -52.45  -51.83  -51.82  -52.48  -53.84  -53.57  -53.63
   50.00  -58.20  -58.71  -58.93  -58.70  -58.42  -57.95  -58.38  -58.48  -57.50  -56.13  -55.64  -56.37  -57.16  -57.70  -58.35  -58.57  -58.21  -58.27  -58.15  -57.76  -56.77  -56.59  -57.10  -56.78
   70.00  -57.56  -57.27  -57.70  -58.17  -58.78  -58.47  -58.33  -58.42  -58.80  -59.14  -58.32  -58.28  -58.54  -59.05  -59.70  -60.39  -60.34  -59.92  -59.75  -59.60  -59.51  -59.08  -59.14  -59.43
  100.00  -60.06  -59.39  -59.25  -59.40  -60.05  -60.40  -60.49  -60.41  -60.13  -59.86  -59.97  -60.13  -60.29  -60.57  -60.73  -61.23  -61.86  -62.45  -63.15  -63.47  -63.85  -63.88  -64.11  -64.30
  125.00  -60.15  -60.19  -60.00  -59.73  -59.93  -60.51  -61.12  -61.65  -61.88  -62.07  -62.70  -62.90  -62.97  -63.10  -62.88  -62.78  -63.41  -63.84  -63.62  -62.94  -63.10  -63.97  -63.75  -64.05
  150.00  -60.26  -60.57  -60.85  -60.94  -60.27  -59.78  -59.65  -60.18  -60.93  -61.50  -61.38  -61.57  -61.70  -61.59  -61.10  -61.70  -62.56  -63.20  -64.78  -65.63  -64.92  -63.95  -63.74  -63.94
  175.00  -60.68  -61.27  -61.45  -61.48  -61.16  -60.95  -60.76  -60.66  -60.65  -61.02  -61.35  -61.18  -60.35  -60.48  -60.19  -60.24  -60.69  -60.71  -60.95  -62.27  -62.83  -62.37  -61.92  -61.04
  200.00  -59.96  -59.46  -59.17  -59.05  -59.13  -58.91  -58.60  -58.38  -58.34  -58.67  -58.87  -59.87  -60.12  -59.82  -60.11  -59.40  -60.18  -60.65  -59.89  -59.24  -59.61  -59.66  -59.00  -57.74
  225.00  -59.31  -59.03  -57.94  -57.02  -56.66  -56.20  -55.68  -55.54  -55.56  -55.51  -55.78  -56.23  -56.53  -56.78  -56.76  -56.09  -56.09  -56.59  -55.98  -54.93  -55.09  -55.29  -55.24  -54.32
  250.00  -55.58  -55.79  -55.66  -54.94  -53.96  -53.20  -52.76  -52.42  -52.03  -51.65  -51.33  -51.62  -51.70  -52.14  -52.05  -51.98  -50.97  -51.31  -51.34  -50.85  -50.30  -50.24  -50.65  -51.53
  300.00  -45.13  -45.51  -45.68  -45.76  -45.94  -46.08  -46.02  -45.60  -45.05  -43.98  -43.18  -41.91  -41.36  -41.48  -41.92  -42.44  -42.81  -41.73  -41.68  -41.44  -41.20  -41.10  -41.28  -41.56
  350.00  -35.94  -36.30  -36.55  -36.69  -36.54  -36.69  -37.10  -37.33  -37.39  -37.61  -37.06  -35.66  -34.38  -33.72  -33.26  -33.08  -33.18  -33.15  -32.54  -32.96  -33.11  -33.16  -33.68  -33.93
  400.00  -28.14  -28.14  -28.40  -28.65  -28.83  -28.96  -29.07  -29.22  -29.47  -29.64  -29.30  -29.57  -29.81  -29.65  -29.39  -28.44  -26.02  -24.73  -24.57  -25.39  -25.77  -25.78  -25.72  -26.12
  450.00  -22.42  -22.13  -21.97  -21.83  -21.96  -22.25  -22.51  -22.60  -22.52  -22.49  -22.29  -22.80  -23.13  -23.23  -23.05  -22.81  -22.53  -21.90  -21.57  -21.21  -20.45  -20.16  -19.89  -19.91
  500.00  -17.56  -17.32  -17.26  -17.27  -16.76  -16.68  -16.80  -16.84  -16.84  -16.72  -16.65  -17.02  -17.27  -17.14  -16.91  -16.67  -16.53  -16.80  -17.16  -16.66  -16.17  -16.10  -15.95  -15.47
  550.00  -13.38  -12.97  -12.87  -13.21  -13.14  -12.95  -12.73  -12.65  -12.40  -12.12  -12.55  -12.37  -12.25  -12.19  -11.93  -11.68  -11.73  -12.09  -12.42  -11.93  -11.61  -11.66  -11.67  -11.84
  600.00   -9.05   -9.13   -9.27   -9.71   -9.86  -10.06  -10.04   -9.94   -9.73   -9.39   -9.87   -9.21   -8.75   -8.77   -8.81   -8.50   -7.97   -7.85   -7.93   -7.48   -7.29   -7.33   -7.07   -7.09
  650.00   -4.38   -4.67   -5.08   -5.54   -6.01   -6.41   -6.55   -6.57   -6.55   -6.52   -6.74   -6.40   -6.26   -6.40   -6.44   -6.34   -6.03   -5.64   -5.42   -4.41   -4.37   -4.50   -4.59   -4.19
  700.00   -0.85   -1.00   -1.27   -1.65   -2.14   -2.82   -3.38   -3.78   -3.92   -4.29   -4.72   -4.82   -4.84   -4.80   -4.67   -4.40   -4.18   -4.18   -4.45   -4.01   -4.35   -4.32   -3.93   -3.11
  750.00    0.58    0.54   -0.18   -1.25   -1.60   -2.18   -2.34   -2.62   -2.55   -2.69   -2.70   -2.93   -2.94   -2.80   -2.52   -2.39   -2.40   -2.68   -2.98   -2.81   -2.88   -2.82   -2.74   -2.60
  775.00    0.57    0.61   -0.25   -0.81   -1.07   -1.42   -1.45   -1.51   -1.47   -1.54   -1.52   -1.59   -1.69   -1.47   -1.48   -1.26   -1.22   -1.36   -1.57   -1.52   -1.49   -1.38   -1.37   -1.32
  800.00    0.91    0.88    0.47    0.18    0.09   -0.14   -0.18   -0.20   -0.23   -0.29   -0.31   -0.13   -0.27    0.00   -0.10    0.01    0.06   -0.01    0.07   -0.02    0.04    0.16    0.46    0.27
  825.00    1.82    1.69    1.54    1.44    1.37    1.30    1.24    1.17    1.14    1.01    1.14    1.31    1.11    1.28    1.30    1.45    1.65    1.55    1.66    1.58    1.57    1.64    2.25    2.14
  850.00    3.07    2.88    2.81    2.83    2.81    2.79    2.79    2.76    2.74    2.62    2.70    2.91    2.79    2.81    2.88    2.94    3.06    3.03    3.16    3.02    3.01    3.07    3.60    3.64
  875.00    4.45    4.41    4.25    4.26    4.15    4.07    4.05    4.05    4.13    4.07    4.27    4.35    4.26    4.35    4.36    4.44    4.62    4.53    4.57    4.45    4.38    4.40    4.83    4.86
  900.00    6.00    6.07    5.94    5.66    5.48    5.43    5.34    5.32    5.38    5.30    5.72    5.75    5.67    5.79    5.82    5.91    6.03    6.00    5.93    5.79    5.68    5.70    6.13    6.11
  925.00    7.79    7.75    7.63    7.40    7.20    7.13    6.85    6.81    6.67    6.79    7.02    7.00    6.91    7.03    7.07    7.19    7.32    7.27    7.22    7.14    7.09    7.10    7.44    7.47
  950.00    9.52    9.44    9.35    9.15    8.87    8.73    8.57    8.38    8.13    8.19    8.28    8.25    8.38    8.42    8.60    8.58    8.53    8.56    8.52    8.56    8.68    8.54    8.83    8.88
  975.00   11.18   11.03   10.97   10.79   10.58   10.49   10.35   10.01   10.02   10.11   10.07   10.18   10.52   10.48   10.76   10.64   10.25   10.14    9.91    9.91    9.91    9.82   10.08   10.10
 1000.00   12.82   12.75   12.67   12.54   12.33   12.18   12.06   11.79   11.56   11.51   11.39   11.45   11.67   11.76   12.00   11.90   11.71   11.68   11.64   11.68   11.81   11.66   11.82   11.89
