#  level#  00:00#  01:00#  02:00#  03:00#  04:00#  05:00#  06:00#  07:00#  08:00#  09:00#  10:00#  11:00#  12:00#  13:00#  14:00#  15:00#  16:00#  17:00#  18:00#  19:00#  20:00#  21:00#  22:00#  23:00
    1.00  -11.70  -13.40  -16.59  -18.61  -19.07  -16.69  -14.48  -13.94  -13.48  -13.27  -14.97  -16.77  -14.23  -10.01   -9.88  -11.50  -11.75  -10.24  -10.17  -11.54  -11.43  -10.95  -11.50  -12.29
    2.00  -15.95  -14.73  -14.02  -14.84  -15.87  -17.30  -19.82  -21.05  -21.78  -20.73  -15.94  -15.11  -18.30  -19.08  -18.07  -16.09  -15.53  -15.35  -15.09  -15.45  -16.83  -17.62  -16.14  -15.47
    3.00  -25.69  -25.03  -25.01  -24.53  -25.82  -26.42  -25.66  -25.09  -24.30  -25.51  -26.54  -23.89  -23.82  -24.48  -25.20  -24.57  -23.96  -24.85  -25.29  -24.95  -23.98  -23.65  -24.69  -25.38
   10.00  -43.20  -41.72  -41.67  -42.26  -41.68  -41.41  -42.09  -42.79  -42.87  -42.79  -42.64  -43.11  -43.71  -44.04  -43.97  -43.65  -43.63  -41.76  -40.97  -41.77  -42.89  -43.65  -42.97  -43.00
   20.00  -49.13  -49.64  -49.60  -49.49  -50.23  -50.31  -49.47  -48.40  -48.35  -48.99  -49.62  -49.46  -49.76  -49.90  -49.26  -48.77  -48.88  -48.94  -48.95  -49.08  -49.23  -49.03  -49.24  -49.22
   30.00  -53.96  -54.46  -54.93  -54.47  -53.62  -52.78  -52.77  -52.60  -52.25  -52.43  -53.13  -53.82  -54.06  -53.97  -53.97  -53.49  -52.66  -53.07  -53.19  -53.08  -53.25  -53.29  -53.64  -53.31
   50.00  -58.10  -57.99  -58.47  -59.29  -59.59  -59.52  -58.73  -58.43  -58.49  -58.25  -57.41  -57.20  -57.41  -57.95  -58.39  -58.89  -58.96  -58.56  -58.13  -58.24  -58.13  -57.67  -57.86  -58.25
   70.00  -59.35  -58.81  -58.76  -58.90  -59.18  -59.68  -60.31  -60.24  -59.84  -59.57  -59.81  -60.02  -59.80  -59.62  -59.62  -59.57  -59.34  -58.96  -58.66  -58.39  -58.79  -59.41  -59.53  -59.35
  100.00  -59.02  -59.29  -59.11  -59.05  -59.24  -59.13  -58.96  -59.07  -59.21  -59.25  -58.64  -58.74  -58.84  -58.93  -59.01  -59.19  -59.18  -58.70  -58.70  -58.84  -58.97  -59.07  -59.90  -60.36
  125.00  -57.66  -57.75  -57.68  -57.36  -57.29  -57.43  -57.49  -57.73  -57.95  -58.38  -58.70  -59.12  -59.24  -59.13  -59.03  -59.10  -59.52  -59.57  -59.55  -59.30  -58.98  -58.78  -58.85  -58.90
  150.00  -55.56  -55.65  -55.64  -55.49  -55.28  -55.34  -55.42  -55.58  -55.99  -56.30  -56.58  -56.82  -57.16  -57.33  -57.45  -57.21  -57.23  -57.29  -57.28  -57.25  -56.96  -56.66  -56.50  -56.49
  175.00  -54.84  -55.08  -55.45  -55.48  -55.48  -55.51  -55.42  -55.20  -55.18  -55.42  -55.51  -55.68  -56.15  -56.30  -56.70  -56.87  -57.07  -57.28  -57.58  -58.24  -58.47  -58.35  -58.40  -58.56
  200.00  -56.95  -57.18  -57.81  -58.11  -57.67  -57.29  -57.33  -57.19  -56.84  -56.46  -56.13  -56.14  -56.86  -57.20  -57.32  -57.74  -58.54  -59.38  -59.73  -59.94  -59.99  -60.15  -60.81  -60.78
  225.00  -55.92  -55.44  -55.41  -55.73  -55.94  -55.93  -55.82  -55.68  -55.60  -55.58  -55.41  -55.09  -54.94  -54.78  -54.54  -54.48  -54.68  -54.88  -54.89  -54.86  -54.83  -54.80  -54.46  -54.38
  250.00  -51.60  -51.44  -51.14  -51.02  -51.09  -51.19  -51.27  -51.28  -51.26  -51.21  -50.90  -50.73  -50.53  -50.20  -49.68  -49.17  -48.80  -48.59  -48.56  -48.62  -48.67  -48.74  -48.63  -48.71
  300.00  -41.53  -41.50  -41.48  -41.45  -41.42  -41.41  -41.38  -41.32  -41.25  -41.17  -40.69  -40.45  -40.33  -40.35  -40.33  -40.04  -39.61  -39.34  -39.06  -38.72  -38.49  -38.25  -38.73  -38.57
  350.00  -32.43  -32.40  -32.29  -32.21  -32.21  -32.27  -32.31  -32.31  -32.28  -32.23  -31.87  -31.58  -31.33  -31.27  -31.31  -31.28  -31.18  -31.00  -30.68  -30.28  -30.09  -30.05  -30.00  -30.07
  400.00  -24.72  -24.77  -24.67  -24.54  -24.52  -24.51  -24.54  -24.57  -24.56  -24.54  -24.54  -24.27  -23.80  -23.59  -23.54  -23.37  -23.16  -23.06  -22.98  -22.84  -22.72  -22.69  -22.63  -22.90
  450.00  -18.41  -18.48  -18.46  -18.41  -18.39  -18.26  -18.14  -18.14  -18.12  -18.09  -18.05  -17.93  -17.57  -17.26  -17.00  -16.69  -16.39  -16.32  -16.44  -16.47  -16.43  -16.30  -16.12  -16.29
  500.00  -13.23  -13.32  -13.36  -13.38  -13.48  -13.34  -13.13  -13.11  -13.01  -12.80  -12.84  -12.78  -12.53  -12.17  -11.64  -11.22  -10.71  -10.90  -11.34  -11.47  -11.39  -11.16  -11.06  -11.19
  550.00   -8.79   -8.88   -8.90   -9.01   -9.31   -9.42   -9.15   -9.08   -8.95   -8.65   -9.07   -8.72   -8.46   -8.26   -7.91   -7.76   -7.36   -7.26   -7.31   -7.32   -7.18   -6.83   -6.73   -6.68
  600.00   -4.51   -4.56   -4.58   -4.67   -4.82   -4.95   -4.96   -5.00   -4.97   -4.86   -5.03   -4.52   -4.25   -4.21   -3.88   -3.51   -3.21   -3.11   -3.07   -3.10   -3.13   -3.22   -3.13   -3.00
  650.00   -0.03   -0.00   -0.08   -0.26   -0.43   -0.54   -0.62   -0.70   -0.73   -0.69   -1.14   -0.74   -0.21   -0.02    0.36    0.55    0.38    0.18   -0.33   -0.51   -0.50   -0.39    0.35    0.66
  700.00    4.38    4.52    4.39    4.15    3.99    3.90    3.80    3.73    3.71    3.75    3.53    3.65    3.89    3.93    3.87    3.29    3.46    3.64    3.65    3.53    3.50    3.41    3.00    3.09
  750.00    8.87    8.83    8.87    8.84    8.74    8.59    8.40    8.27    8.17    8.15    8.37    8.32    8.38    7.75    7.87    8.18    8.43    8.61    8.60    8.68    8.68    8.63    8.25    8.15
  775.00   11.38   11.28   11.17   11.09   11.02   10.84   10.56   10.35   10.25   10.24   10.59   10.53   10.11    9.97   10.45   10.79   11.07   11.25   11.26   11.20   11.22   11.15   10.75   10.60
  800.00   13.53   13.66   13.62   13.48   13.32   13.04   12.61   12.32   12.21   12.21   12.63   12.61   11.89   12.50   13.01   13.39   13.67   13.83   13.83   13.71   13.67   13.57   13.23   13.02
  825.00   15.47   15.64   15.62   15.48   15.27   14.92   14.36   13.98   13.87   13.96   14.22   13.70   14.25   14.96   15.49   15.93   16.19   16.35   16.33   16.17   16.01   15.92   15.67   15.42
  850.00   17.05   17.34   17.25   17.01   16.79   16.42   15.94   15.60   15.54   15.50   15.50   15.71   16.72   17.42   17.98   18.36   18.68   18.87   18.78   18.53   18.28   18.18   17.99   17.79
  875.00   18.63   18.77   18.79   18.61   18.35   18.01   17.60   17.29   17.13   17.02   16.86   18.09   19.14   19.86   20.44   20.84   21.12   21.30   21.21   20.92   20.51   20.33   20.41   20.22
  900.00   20.11   20.12   20.07   19.94   19.74   19.37   18.82   18.31   17.97   18.17   19.19   20.47   21.58   22.27   22.92   23.23   23.53   23.69   23.56   23.20   22.62   22.35   22.60   22.34
  925.00   21.21   21.11   20.84   20.51   20.19   19.84   19.52   19.22   19.32   20.70   21.90   23.28   24.38   25.05   25.73   26.07   26.31   26.33   26.04   25.49   24.70   23.94   23.75   23.33
  950.00   22.79   22.66   22.43   22.15   21.85   21.56   21.21   20.85   20.75   22.18   23.37   24.66   25.72   26.39   27.02   27.31   27.58   27.66   27.45   27.01   26.23   25.43   25.25   24.91
  975.00   24.23   24.11   23.88   23.60   23.31   23.01   22.65   22.28   22.25   23.67   24.84   26.14   27.20   27.88   28.51   28.79   29.06   29.13   28.95   28.49   27.71   26.92   26.72   26.37
 1000.00   25.67   25.54   25.30   25.02   24.72   24.42   24.07   23.71   23.67   25.10   26.28   27.58   28.65   29.33   29.98   30.25   30.53   30.60   30.40   29.95   29.16   28.36   28.17   27.81
