#  level#  00:00#  01:00#  02:00#  03:00#  04:00#  05:00#  06:00#  07:00#  08:00#  09:00#  10:00#  11:00#  12:00#  13:00#  14:00#  15:00#  16:00#  17:00#  18:00#  19:00#  20:00#  21:00#  22:00#  23:00
    1.00  -12.24  -11.09  -13.36  -13.22  -11.63  -11.24  -13.73  -15.15  -14.49  -14.11  -13.21  -11.94  -10.55  -10.70  -12.26  -11.78   -9.64   -8.17   -9.35  -11.65  -12.43  -13.23  -12.82  -12.27
    2.00  -13.89  -15.29  -16.43  -17.88  -18.13  -18.28  -18.41  -19.00  -19.75  -18.90  -17.09  -16.21  -15.66  -15.08  -15.54  -16.50  -15.83  -15.16  -13.84  -12.53  -12.12  -11.95  -12.78  -14.93
    3.00  -20.24  -20.16  -20.02  -21.67  -23.79  -24.86  -24.06  -23.99  -24.69  -25.25  -25.87  -26.22  -24.81  -21.91  -19.59  -20.06  -21.20  -22.82  -24.44  -25.42  -24.50  -22.06  -21.88  -21.41
   10.00  -41.50  -40.82  -40.18  -39.53  -39.56  -39.92  -40.80  -41.56  -41.60  -41.25  -41.15  -41.12  -41.35  -41.56  -41.84  -41.06  -40.92  -41.01  -40.68  -40.33  -40.74  -41.46  -42.09  -42.07
   20.00  -48.04  -47.89  -47.29  -46.67  -46.89  -47.29  -47.16  -47.16  -47.44  -47.68  -48.32  -48.52  -48.60  -48.40  -48.38  -48.80  -48.32  -47.62  -47.77  -47.94  -47.73  -47.63  -47.79  -47.53
   30.00  -51.39  -51.91  -52.40  -52.44  -51.85  -51.28  -51.18  -51.40  -51.99  -52.25  -52.19  -52.16  -52.41  -52.86  -52.35  -51.96  -52.10  -52.01  -51.98  -52.29  -52.39  -52.60  -52.78  -52.85
   50.00  -56.09  -56.03  -56.00  -56.03  -56.27  -56.03  -55.53  -55.19  -54.93  -54.86  -54.58  -55.16  -55.40  -55.73  -56.20  -55.91  -55.50  -55.39  -55.28  -55.21  -55.46  -55.20  -55.48  -55.95
   70.00  -60.99  -60.99  -60.74  -60.20  -60.11  -60.27  -60.28  -60.27  -60.54  -60.72  -60.34  -60.24  -60.14  -59.99  -60.28  -60.51  -60.34  -60.05  -60.04  -60.09  -60.46  -60.59  -60.34  -59.79
  100.00  -61.49  -61.99  -62.46  -62.63  -62.45  -62.29  -62.40  -62.43  -62.16  -61.86  -62.14  -62.08  -62.26  -62.04  -61.68  -61.67  -61.87  -62.03  -61.96  -62.00  -62.02  -62.38  -63.10  -63.29
  125.00  -63.42  -63.12  -62.80  -62.69  -62.89  -63.08  -63.19  -63.30  -63.22  -62.98  -63.03  -62.87  -62.80  -62.90  -62.81  -62.67  -62.40  -62.31  -62.38  -62.18  -61.83  -61.74  -61.67  -61.36
  150.00  -64.44  -64.04  -63.84  -63.92  -64.13  -64.21  -64.03  -63.94  -64.07  -64.00  -63.10  -62.84  -62.54  -62.43  -62.40  -62.30  -62.00  -61.18  -60.73  -60.58  -60.27  -59.13  -58.50  -58.45
  175.00  -61.18  -61.07  -60.98  -60.95  -61.07  -61.29  -61.39  -61.31  -61.27  -61.15  -60.82  -60.71  -60.69  -60.91  -60.86  -60.26  -60.14  -60.73  -60.44  -59.90  -59.84  -59.79  -59.50  -60.07
  200.00  -56.98  -57.03  -57.07  -57.04  -56.98  -56.90  -56.79  -56.70  -56.66  -56.59  -56.60  -56.61  -56.47  -56.46  -56.80  -57.20  -57.16  -57.11  -57.59  -57.88  -57.97  -58.29  -59.10  -59.14
  225.00  -52.05  -52.05  -52.07  -52.06  -52.03  -51.98  -51.91  -51.85  -51.87  -51.90  -52.11  -52.12  -52.03  -51.95  -51.95  -52.16  -52.49  -52.65  -52.76  -53.02  -53.21  -53.34  -53.28  -53.40
  250.00  -46.76  -46.73  -46.71  -46.69  -46.63  -46.56  -46.52  -46.53  -46.61  -46.73  -47.09  -47.13  -47.04  -46.98  -46.94  -47.01  -47.15  -47.22  -47.26  -47.49  -47.82  -47.98  -47.81  -48.02
  300.00  -36.50  -36.72  -36.93  -37.12  -37.23  -37.30  -37.38  -37.48  -37.64  -37.87  -38.07  -38.13  -38.04  -37.95  -37.91  -37.73  -37.40  -37.09  -37.03  -37.27  -37.61  -37.85  -37.88  -38.02
  350.00  -27.24  -27.45  -27.58  -27.69  -27.79  -27.89  -28.02  -28.14  -28.25  -28.35  -28.40  -28.45  -28.44  -28.52  -28.62  -28.59  -28.55  -28.63  -28.60  -28.50  -28.54  -28.62  -28.76  -28.82
  400.00  -18.98  -19.19  -19.35  -19.56  -19.78  -20.04  -20.33  -20.54  -20.61  -20.68  -21.25  -21.50  -21.47  -21.29  -21.08  -20.91  -20.96  -21.23  -21.38  -21.20  -21.02  -21.06  -21.03  -21.12
  450.00  -13.39  -13.50  -13.56  -13.73  -13.85  -13.90  -13.92  -13.89  -13.87  -13.88  -13.95  -14.05  -14.14  -14.16  -14.18  -14.28  -14.40  -14.50  -14.78  -15.03  -15.00  -14.90  -14.83  -14.84
  500.00   -8.33   -8.52   -8.58   -8.66   -8.76   -8.66   -8.45   -8.22   -7.98   -7.92   -7.72   -8.13   -8.18   -7.96   -7.92   -8.14   -8.46   -8.88   -9.29   -9.51   -9.52   -9.29   -9.22   -9.14
  550.00   -3.68   -4.02   -4.41   -4.75   -5.11   -5.38   -5.38   -5.19   -4.89   -4.68   -4.35   -4.64   -4.67   -4.62   -4.44   -4.60   -5.00   -5.54   -5.82   -5.68   -5.42   -5.06   -4.64   -4.43
  600.00    0.44    0.32    0.04   -0.32   -0.75   -1.18   -1.52   -1.73   -1.70   -1.60   -1.50   -1.68   -2.11   -2.58   -2.73   -2.71   -2.43   -2.13   -2.11   -2.16   -2.10   -1.73   -1.62   -1.48
  650.00    4.04    4.17    4.06    3.85    3.57    3.22    2.82    2.51    2.38    2.47    2.42    2.30    2.11    1.93    1.80    1.64    1.39    1.39    1.43    1.26    1.09    1.23    1.54    2.27
  700.00    6.46    6.80    6.96    6.92    6.87    6.81    6.70    6.57    6.51    6.61    6.88    7.00    7.06    7.00    6.83    6.57    6.20    6.15    6.34    6.51    6.41    6.24    5.83    5.83
  750.00    9.41    9.16    9.17    9.27    9.33    9.31    9.43    9.62    9.87   10.19   11.07   11.43   11.61   11.70   11.41   11.05   10.97   11.21   11.48   11.39   11.06   10.73   10.33   10.33
  775.00   10.74   10.22    9.90    9.98   10.06    9.98    9.98   10.21   10.62   11.24   12.68   13.15   13.33   13.61   13.33   13.10   13.27   13.60   13.75   13.52   13.01   12.53   12.07   12.04
  800.00   11.84   11.29   11.00   10.77   10.73   10.71   10.81   10.93   11.10   11.48   13.50   14.00   14.55   14.68   14.70   14.99   15.47   15.84   15.83   15.40   14.76   14.02   13.48   13.36
  825.00   12.94   12.76   12.50   12.07   11.95   11.90   12.01   12.22   12.34   12.39   13.68   14.37   14.93   15.58   16.23   16.89   17.51   17.87   17.66   17.07   16.24   15.35   14.76   14.56
  850.00   13.69   13.78   13.70   13.58   13.45   13.56   13.55   13.62   13.74   13.77   14.26   15.06   15.74   16.48   17.54   18.55   19.32   19.62   19.29   18.59   17.64   16.68   15.98   15.67
  875.00   14.02   14.13   14.24   14.55   14.65   14.91   15.11   15.27   15.35   15.36   15.68   16.19   16.92   17.75   18.65   19.63   20.56   20.96   20.61   19.90   18.98   18.01   17.07   16.64
  900.00   13.87   13.97   14.23   14.52   14.94   15.40   15.81   16.28   16.67   16.64   17.33   17.74   18.76   19.54   19.85   20.16   21.00   21.70   21.44   20.90   20.17   19.31   18.36   17.96
  925.00   14.42   14.36   14.38   14.69   15.10   15.54   16.11   16.67   17.24   17.53   18.60   19.70   20.76   21.44   21.36   21.02   20.93   21.20   21.46   21.36   20.84   20.19   19.39   19.07
  950.00   15.77   15.68   15.60   15.64   15.80   16.04   16.45   16.96   17.71   19.07   20.27   21.72   22.88   23.39   22.92   22.36   22.22   22.15   21.87   21.66   21.20   20.57   19.80   19.51
  975.00   17.21   17.18   17.11   17.13   17.27   17.55   17.87   18.25   19.04   20.26   21.29   22.86   24.18   24.74   24.21   23.57   23.32   23.24   23.00   22.66   22.14   21.53   20.80   20.39
 1000.00   18.94   18.91   18.87   18.90   19.04   19.31   19.56   19.77   20.43   21.81   22.58   23.92   24.86   25.00   24.08   23.49   23.54   23.68   23.51   23.16   22.66   22.10   21.42   21.03
