#  level#  00:00#  01:00#  02:00#  03:00#  04:00#  05:00#  06:00#  07:00#  08:00#  09:00#  10:00#  11:00#  12:00#  13:00#  14:00#  15:00#  16:00#  17:00#  18:00#  19:00#  20:00#  21:00#  22:00#  23:00
    1.00  -12.26  -14.42  -15.92  -16.95  -18.94  -20.83  -21.02  -20.58  -19.35  -15.58  -13.41  -11.22  -10.82   -9.73   -8.40   -8.38   -9.75  -11.57  -11.75  -10.86  -10.54  -10.76  -10.73  -11.16
    2.00  -19.30  -17.94  -18.48  -19.97  -22.21  -24.07  -25.95  -27.44  -29.08  -29.68  -29.45  -27.69  -25.49  -22.83  -20.96  -17.96  -14.67  -13.61  -13.49  -12.98  -12.81  -12.97  -15.96  -16.98
    3.00  -29.10  -26.87  -24.28  -23.29  -23.65  -24.84  -25.91  -27.57  -29.85  -31.30  -32.13  -30.99  -31.11  -29.64  -28.51  -27.44  -25.56  -23.93  -22.43  -20.11  -18.98  -19.13  -20.24  -20.04
   10.00  -56.22  -57.87  -57.87  -56.75  -55.10  -54.30  -53.98  -54.36  -55.08  -55.55  -55.23  -55.13  -55.30  -55.37  -55.73  -55.57  -55.29  -55.50  -55.81  -55.63  -55.97  -55.97  -56.59  -56.65
   20.00  -61.23  -62.63  -63.33  -63.86  -64.13  -63.17  -62.22  -62.44  -62.76  -62.53  -62.65  -62.33  -62.79  -63.41  -63.60  -63.53  -63.12  -62.96  -63.34  -63.47  -63.81  -63.86  -62.87  -61.98
   30.00  -63.57  -63.59  -63.63  -63.94  -64.81  -65.62  -65.72  -65.77  -65.39  -64.55  -64.24  -64.32  -64.79  -64.80  -64.51  -64.78  -65.44  -65.62  -65.75  -65.52  -65.17  -65.57  -66.28  -66.11
   50.00  -64.71  -65.20  -65.51  -65.28  -64.95  -64.82  -64.94  -65.04  -64.69  -63.90  -64.64  -65.04  -65.20  -64.69  -64.06  -63.89  -63.89  -63.72  -63.59  -63.96  -64.12  -64.01  -64.21  -64.55
   70.00  -63.02  -62.86  -62.84  -62.88  -62.77  -62.34  -61.98  -61.84  -62.12  -62.36  -61.84  -61.45  -61.36  -61.53  -61.68  -61.87  -61.96  -61.72  -61.21  -61.15  -61.13  -60.92  -60.96  -60.80
  100.00  -61.93  -61.86  -61.51  -61.25  -61.25  -61.52  -61.90  -61.85  -61.26  -60.64  -59.72  -59.79  -59.93  -60.24  -60.46  -60.46  -60.56  -60.65  -60.32  -60.08  -60.17  -60.50  -60.72  -60.79
  125.00  -60.20  -60.30  -60.57  -60.80  -61.00  -61.32  -61.68  -61.92  -61.77  -61.48  -61.42  -61.16  -60.84  -60.72  -60.64  -60.56  -60.83  -61.27  -61.37  -61.14  -60.74  -60.18  -59.40  -59.32
  150.00  -59.81  -59.83  -60.16  -60.47  -60.54  -60.45  -60.39  -60.80  -61.28  -61.44  -61.08  -60.81  -60.40  -60.12  -59.79  -59.21  -59.07  -59.47  -60.10  -60.43  -60.22  -59.72  -58.88  -59.05
  175.00  -60.85  -60.74  -61.07  -61.47  -61.68  -61.91  -62.13  -62.44  -62.83  -63.18  -63.04  -62.88  -62.66  -62.74  -63.25  -63.56  -62.96  -61.85  -61.11  -60.83  -60.89  -60.87  -60.39  -60.45
  200.00  -62.52  -62.55  -62.82  -63.17  -63.52  -63.87  -64.03  -63.81  -63.78  -64.00  -64.75  -65.39  -65.85  -66.12  -66.48  -67.08  -67.40  -67.29  -66.94  -66.29  -65.52  -65.01  -64.73  -64.57
  225.00  -62.22  -62.21  -61.81  -61.82  -62.02  -62.30  -62.67  -62.80  -62.90  -62.98  -63.48  -63.39  -63.07  -62.75  -62.47  -62.45  -62.59  -62.70  -62.84  -62.90  -62.86  -62.79  -62.95  -63.01
  250.00  -59.99  -59.79  -59.61  -59.57  -59.39  -59.38  -59.58  -59.61  -59.53  -59.54  -59.72  -59.63  -59.39  -59.15  -58.71  -58.47  -58.68  -58.80  -58.80  -58.74  -58.54  -58.17  -58.01  -57.89
  300.00  -51.86  -51.78  -51.84  -51.82  -51.80  -51.57  -51.21  -50.84  -50.53  -50.29  -50.17  -50.10  -50.12  -50.21  -50.11  -49.77  -49.46  -49.45  -49.45  -49.33  -49.26  -49.28  -49.48  -49.38
  350.00  -43.35  -43.26  -43.17  -43.13  -43.04  -42.85  -42.62  -42.48  -42.45  -42.41  -42.25  -42.07  -41.98  -41.79  -41.58  -41.35  -41.27  -41.29  -41.12  -41.03  -41.06  -41.22  -41.51  -41.59
  400.00  -35.28  -35.35  -35.12  -35.03  -34.96  -34.89  -34.83  -34.84  -34.83  -34.79  -34.68  -34.63  -34.48  -34.25  -34.14  -34.16  -34.26  -34.28  -34.14  -33.98  -33.84  -33.57  -33.58  -33.61
  450.00  -27.86  -27.97  -28.03  -27.96  -27.97  -28.00  -27.98  -27.94  -27.83  -27.74  -27.70  -27.70  -27.65  -27.46  -27.25  -27.16  -27.08  -27.16  -27.25  -27.21  -27.10  -26.90  -26.58  -26.54
  500.00  -21.61  -21.60  -21.54  -21.37  -21.19  -21.23  -21.36  -21.31  -21.11  -21.10  -21.13  -21.13  -21.15  -21.10  -20.88  -20.86  -20.89  -20.76  -20.93  -21.17  -21.21  -21.09  -20.68  -20.28
  550.00  -15.54  -15.93  -16.18  -16.26  -16.04  -15.72  -15.67  -15.76  -15.54  -15.32  -15.24  -15.48  -15.83  -15.85  -15.55  -15.53  -15.60  -15.64  -15.75  -16.17  -16.66  -17.06  -17.40  -17.23
  600.00  -10.26  -10.38  -10.54  -10.65  -10.80  -10.92  -10.80  -10.69  -10.71  -10.70  -10.98  -11.25  -11.23  -11.32  -11.40  -11.19  -11.27  -11.49  -11.70  -12.10  -12.70  -13.32  -14.14  -14.58
  650.00   -6.53   -6.38   -6.29   -6.20   -6.18   -6.22   -6.21   -6.19   -6.29   -6.52   -6.84   -6.82   -6.75   -6.88   -7.10   -7.09   -7.20   -7.50   -7.85   -8.24   -8.78   -9.43  -10.27  -10.64
  700.00   -2.72   -2.70   -2.69   -2.64   -2.63   -2.61   -2.49   -2.27   -2.13   -2.07   -2.15   -2.18   -2.28   -2.49   -2.77   -3.04   -3.35   -3.69   -4.06   -4.47   -4.98   -5.65   -6.71   -7.09
  750.00    1.14    1.13    1.07    1.05    1.08    1.14    1.14    1.09    1.06    1.21    1.58    1.65    1.32    1.07    0.88    0.42   -0.32   -0.96   -1.39   -1.83   -2.20   -2.74   -3.92   -4.27
  775.00    2.77    2.80    2.77    2.75    2.79    2.89    2.90    2.78    2.65    2.66    2.96    2.94    2.63    2.39    2.20    1.65    0.71   -0.15   -0.65   -0.99   -1.28   -1.75   -2.87   -3.23
  800.00    4.12    4.14    4.11    4.11    4.14    4.23    4.17    3.93    3.71    3.68    4.00    3.93    3.67    3.45    3.10    2.38    1.43    0.59    0.01   -0.34   -0.64   -1.10   -2.09   -2.43
  825.00    5.20    5.17    5.10    5.08    5.11    5.11    4.88    4.48    4.19    4.11    4.37    4.32    4.19    4.03    3.46    2.64    1.81    1.21    0.68    0.32   -0.05   -0.50   -1.21   -1.49
  850.00    5.95    6.02    5.96    5.90    5.93    5.84    5.43    4.91    4.66    4.52    4.46    4.37    4.31    4.08    3.38    2.62    2.04    1.75    1.34    0.99    0.66    0.25   -0.04   -0.26
  875.00    5.78    5.93    5.92    5.94    6.10    6.11    5.54    4.73    4.32    4.12    3.71    3.41    3.26    3.11    2.34    1.46    1.29    1.37    0.96    0.44    0.20    0.13    0.50    0.39
  900.00    4.41    4.38    4.13    4.16    4.18    4.36    3.77    2.66    2.10    1.77    1.48    0.98    1.03    0.91    0.03   -0.72   -0.60   -0.18   -0.68   -1.24   -1.42   -0.97    0.04    0.37
  925.00    2.38    2.29    2.18    1.73    1.53    1.42    1.23    1.18    0.75    0.61    0.53    0.47    0.11    0.03   -0.11   -0.45   -0.83   -1.16   -1.32   -1.43   -1.41   -1.41   -1.22   -0.83
  950.00    1.95    1.88    1.84    1.79    1.78    1.89    1.99    2.02    1.90    1.81    1.72    1.59    1.56    1.59    1.50    1.17    0.81    0.50    0.25    0.05   -0.07   -0.09   -0.12    0.05
  975.00    2.55    2.35    2.07    1.83    1.69    1.92    2.07    2.21    2.40    2.63    3.12    3.50    3.50    3.63    3.45    3.09    2.75    2.49    2.21    1.99    1.84    1.74    1.65    1.64
 1000.00    4.70    4.70    4.75    4.73    4.75    4.83    4.92    4.93    4.92    4.88    4.58    4.86    4.91    5.02    4.88    4.55    4.25    3.95    3.73    3.53    3.38    3.36    3.30    3.42
