#  level#  00:00#  01:00#  02:00#  03:00#  04:00#  05:00#  06:00#  07:00#  08:00#  09:00#  10:00#  11:00#  12:00#  13:00#  14:00#  15:00#  16:00#  17:00#  18:00#  19:00#  20:00#  21:00#  22:00#  23:00
    1.00  -23.59  -22.98  -22.86  -23.40  -23.67  -22.60  -22.43  -22.84  -24.12  -24.32  -24.63  -23.50  -21.22  -18.86  -17.62  -18.59  -19.70  -21.15  -22.83  -23.42  -23.68  -24.39  -24.60  -23.19
    2.00  -21.47  -23.02  -24.53  -25.74  -27.40  -28.46  -28.96  -28.99  -29.09  -28.69  -27.46  -25.90  -25.16  -23.88  -22.36  -22.05  -22.11  -21.62  -21.16  -21.35  -21.54  -22.17  -23.10  -23.95
    3.00  -23.65  -23.28  -23.44  -24.25  -25.65  -25.99  -27.11  -28.24  -29.39  -30.12  -29.54  -28.87  -29.42  -29.12  -28.81  -28.59  -29.21  -28.93  -27.65  -26.12  -24.70  -24.75  -25.69  -24.85
   10.00  -57.54  -57.79  -57.44  -56.91  -57.39  -57.39  -56.78  -56.55  -56.25  -55.91  -55.70  -55.42  -54.93  -55.35  -55.74  -55.80  -55.39  -55.09  -54.86  -55.09  -55.03  -54.63  -54.73  -55.86
   20.00  -65.66  -65.68  -66.03  -65.97  -65.81  -65.85  -65.83  -65.73  -65.93  -66.05  -65.71  -65.80  -65.57  -65.54  -65.19  -65.07  -64.86  -65.14  -65.27  -65.09  -65.23  -65.51  -65.67  -65.86
   30.00  -66.95  -67.06  -67.77  -68.33  -68.35  -68.51  -68.96  -68.99  -68.80  -68.70  -68.40  -68.34  -68.08  -68.11  -68.01  -67.87  -67.52  -67.12  -66.77  -66.41  -66.21  -66.41  -66.78  -66.67
   50.00  -64.81  -64.73  -65.16  -66.00  -66.51  -65.91  -65.24  -65.16  -65.59  -66.18  -66.49  -66.27  -66.28  -66.49  -66.86  -67.25  -67.57  -67.53  -67.46  -67.82  -68.00  -67.60  -66.68  -66.67
   70.00  -63.86  -63.87  -63.61  -63.33  -63.55  -63.81  -63.93  -64.20  -64.55  -64.89  -65.10  -64.74  -64.31  -63.95  -63.91  -63.93  -64.16  -64.49  -64.69  -64.88  -64.85  -64.65  -65.04  -65.89
  100.00  -60.50  -60.74  -61.04  -61.30  -61.52  -61.84  -61.98  -61.81  -61.50  -61.06  -60.66  -60.73  -60.97  -61.18  -61.34  -61.43  -61.58  -61.87  -62.08  -61.91  -61.51  -61.09  -60.71  -60.91
  125.00  -58.27  -58.26  -58.23  -58.44  -58.62  -58.86  -59.31  -59.73  -59.95  -59.89  -59.68  -59.68  -59.91  -60.35  -60.75  -60.73  -60.34  -59.93  -59.85  -60.01  -60.35  -60.69  -60.40  -60.23
  150.00  -59.52  -59.81  -59.84  -59.54  -59.26  -58.82  -58.69  -59.00  -59.37  -59.67  -59.59  -59.47  -59.42  -59.64  -60.03  -60.25  -60.34  -60.31  -60.26  -60.36  -60.59  -60.79  -60.56  -60.53
  175.00  -59.97  -59.88  -60.07  -60.01  -59.66  -59.40  -59.04  -58.99  -59.29  -59.83  -60.33  -60.45  -60.44  -60.44  -60.58  -60.75  -61.12  -61.48  -61.68  -61.79  -61.78  -61.63  -61.31  -60.91
  200.00  -60.13  -59.98  -60.07  -60.47  -60.64  -60.80  -61.00  -61.14  -61.18  -61.16  -61.04  -61.08  -61.31  -61.48  -61.63  -61.65  -61.83  -62.07  -62.28  -62.47  -62.52  -62.39  -62.07  -61.72
  225.00  -59.09  -59.13  -59.36  -59.79  -60.11  -60.16  -60.41  -60.69  -60.76  -60.70  -60.71  -60.52  -60.49  -60.46  -60.38  -60.16  -59.87  -59.59  -59.30  -59.09  -58.97  -58.89  -58.83  -58.74
  250.00  -56.30  -56.60  -57.04  -57.43  -57.78  -58.06  -58.29  -58.25  -58.02  -57.83  -57.76  -57.60  -57.41  -57.22  -57.01  -56.76  -56.48  -56.18  -55.78  -55.41  -55.25  -55.22  -55.21  -55.08
  300.00  -49.10  -49.66  -50.12  -50.52  -50.57  -50.34  -50.09  -49.97  -49.89  -49.73  -49.35  -49.25  -49.17  -49.07  -48.95  -48.82  -48.68  -48.56  -48.37  -48.13  -47.90  -47.78  -48.06  -48.09
  350.00  -41.95  -42.14  -42.13  -42.06  -42.02  -41.96  -41.84  -41.72  -41.58  -41.40  -41.10  -41.01  -40.96  -40.92  -40.85  -40.72  -40.59  -40.55  -40.55  -40.55  -40.53  -40.49  -40.64  -40.66
  400.00  -34.81  -34.45  -34.22  -34.07  -34.08  -34.13  -34.13  -34.08  -34.00  -33.85  -33.67  -33.53  -33.39  -33.29  -33.22  -33.11  -33.02  -33.00  -32.99  -32.95  -32.92  -32.94  -33.03  -33.13
  450.00  -28.61  -27.95  -27.49  -27.32  -27.25  -27.21  -27.19  -27.13  -27.05  -26.94  -26.79  -26.74  -26.64  -26.56  -26.50  -26.42  -26.34  -26.35  -26.37  -26.34  -26.29  -26.26  -26.35  -26.43
  500.00  -22.58  -22.39  -21.81  -21.45  -21.34  -21.30  -21.33  -21.37  -21.39  -21.37  -21.28  -21.21  -21.00  -20.82  -20.73  -20.70  -20.70  -20.77  -20.82  -20.84  -20.84  -20.85  -20.90  -20.91
  550.00  -16.55  -16.65  -16.64  -16.34  -16.10  -16.04  -16.16  -16.33  -16.47  -16.59  -16.54  -16.63  -16.54  -16.38  -16.28  -16.22  -16.16  -16.09  -16.03  -16.00  -16.02  -16.06  -16.00  -16.00
  600.00  -11.58  -11.41  -11.37  -11.48  -11.61  -11.70  -11.74  -11.81  -11.93  -12.09  -11.96  -12.11  -12.17  -12.17  -12.14  -12.12  -12.06  -11.97  -11.87  -11.79  -11.75  -11.72  -11.59  -11.56
  650.00   -7.42   -7.19   -6.98   -6.89   -6.98   -7.12   -7.21   -7.31   -7.39   -7.53   -7.35   -7.46   -7.54   -7.66   -7.80   -7.91   -7.91   -7.88   -7.84   -7.83   -7.79   -7.75   -7.80   -7.77
  700.00   -3.32   -3.22   -3.11   -3.07   -3.12   -3.18   -3.10   -3.08   -3.13   -3.22   -3.12   -3.23   -3.31   -3.44   -3.62   -3.80   -3.87   -3.92   -3.98   -4.03   -4.02   -3.97   -4.18   -4.16
  750.00    0.04    0.27    0.30    0.18   -0.01   -0.16   -0.09    0.02    0.07    0.13    0.25    0.28    0.27    0.20    0.12    0.04   -0.01   -0.08   -0.19   -0.29   -0.31   -0.28   -0.31   -0.31
  775.00    1.14    1.33    1.33    1.24    1.13    1.01    1.06    1.17    1.26    1.43    1.64    1.72    1.76    1.71    1.66    1.61    1.61    1.57    1.49    1.41    1.38    1.41    1.48    1.48
  800.00    2.01    2.07    2.05    2.06    2.11    2.07    2.10    2.17    2.25    2.52    2.89    3.02    3.02    2.94    2.88    2.84    2.87    2.89    2.88    2.84    2.83    2.85    2.99    2.99
  825.00    2.44    2.37    2.36    2.56    2.81    2.92    2.91    2.96    3.03    3.29    3.82    4.05    4.05    3.93    3.86    3.79    3.80    3.87    3.95    3.96    3.93    3.90    4.05    4.04
  850.00    2.80    2.68    2.64    2.96    3.42    3.61    3.58    3.61    3.73    3.92    4.37    4.64    4.69    4.60    4.52    4.45    4.46    4.56    4.68    4.71    4.64    4.56    4.61    4.54
  875.00    3.36    3.10    2.98    3.23    3.74    4.00    3.88    3.82    4.03    4.30    4.69    4.84    4.82    4.77    4.80    4.79    4.79    4.86    4.96    4.94    4.82    4.71    4.60    4.34
  900.00    4.31    4.09    3.90    3.96    4.28    4.42    4.21    4.01    4.13    4.47    4.84    4.79    4.67    4.67    4.80    4.95    4.87    4.82    4.81    4.69    4.45    4.18    3.97    3.66
  925.00    5.46    5.27    5.08    5.03    5.15    5.16    4.87    4.50    4.33    4.43    4.58    4.59    4.46    4.32    4.50    4.49    4.62    4.56    4.37    4.14    3.74    3.49    3.23    2.86
  950.00    6.45    6.36    6.28    6.32    6.44    6.44    6.14    5.73    5.42    5.21    4.70    4.55    4.70    5.03    5.26    5.33    5.05    4.60    4.38    4.24    4.10    4.01    3.86    3.58
  975.00    4.93    4.81    4.56    4.34    4.22    4.08    3.86    3.63    3.53    4.26    5.38    6.09    6.59    6.76    6.86    6.77    6.50    6.23    6.02    5.87    5.76    5.66    5.48    5.33
 1000.00    8.73    8.46    8.22    8.09    8.01    7.92    7.78    7.63    7.51    7.55    7.47    7.55    8.15    8.40    8.50    8.43    8.17    7.90    7.70    7.55    7.44    7.34    7.16    7.00
