#  level#  00:00#  01:00#  02:00#  03:00#  04:00#  05:00#  06:00#  07:00#  08:00#  09:00#  10:00#  11:00#  12:00#  13:00#  14:00#  15:00#  16:00#  17:00#  18:00#  19:00#  20:00#  21:00#  22:00#  23:00
    1.00  -10.61   -9.80  -10.91  -12.14  -14.29  -15.38  -16.02  -13.93  -13.92  -16.36  -16.80  -14.09  -12.78  -12.18  -13.39  -12.41  -11.53  -11.72  -12.40  -12.68  -13.42  -13.44  -14.97  -15.79
    2.00  -11.30  -13.13  -12.00  -12.57  -12.32  -12.47  -13.82  -15.58  -15.31  -15.47  -16.69  -17.05  -17.14  -14.64  -13.10  -11.38  -10.10   -9.29   -9.38  -10.67  -11.49  -12.11  -11.75  -11.17
    3.00  -18.35  -18.19  -19.52  -20.31  -21.50  -20.34  -19.39  -19.11  -18.64  -18.02  -19.78  -21.26  -23.05  -23.68  -22.71  -20.87  -18.62  -17.97  -17.13  -16.67  -17.56  -16.66  -16.32  -16.06
   10.00  -39.81  -39.73  -39.31  -39.29  -40.18  -40.80  -41.25  -41.04  -40.57  -39.99  -39.61  -39.86  -39.69  -39.92  -39.28  -39.04  -38.96  -39.55  -40.08  -39.54  -39.34  -38.83  -38.44  -39.08
   20.00  -47.43  -47.45  -47.50  -47.29  -46.96  -46.32  -46.04  -46.32  -46.49  -47.02  -47.31  -47.14  -47.24  -46.90  -46.58  -46.16  -46.21  -45.76  -45.80  -46.11  -46.07  -45.87  -45.88  -45.99
   30.00  -48.80  -49.14  -49.79  -50.45  -50.76  -50.29  -49.25  -48.45  -48.38  -48.34  -49.05  -49.27  -49.79  -49.93  -50.01  -49.89  -50.29  -50.00  -49.83  -50.03  -49.98  -49.68  -49.23  -48.88
   50.00  -54.28  -54.67  -54.65  -54.49  -54.30  -54.07  -54.17  -54.02  -53.65  -53.35  -53.42  -53.75  -53.96  -53.80  -53.81  -53.76  -53.77  -53.67  -53.18  -52.92  -53.24  -53.40  -53.81  -54.23
   70.00  -55.32  -54.97  -54.51  -54.39  -54.52  -54.32  -54.40  -54.83  -55.37  -55.72  -55.68  -55.31  -55.19  -55.11  -54.82  -54.74  -54.59  -54.92  -54.97  -54.68  -54.55  -54.34  -54.29  -54.48
  100.00  -55.08  -55.36  -55.47  -55.26  -55.23  -55.29  -55.21  -55.23  -55.31  -55.57  -55.47  -55.25  -55.18  -55.26  -55.21  -55.25  -55.05  -55.11  -55.22  -55.28  -55.34  -55.29  -54.60  -54.33
  125.00  -54.26  -54.30  -54.50  -54.55  -54.63  -54.82  -54.59  -54.24  -54.03  -53.91  -54.35  -54.49  -54.34  -54.03  -53.74  -53.56  -53.53  -53.72  -54.12  -54.45  -54.69  -54.82  -54.81  -54.67
  150.00  -53.00  -52.86  -52.65  -52.46  -52.39  -52.57  -53.13  -53.45  -53.47  -53.01  -52.49  -52.52  -52.87  -53.06  -53.04  -52.81  -52.61  -52.30  -52.26  -52.10  -51.94  -52.00  -52.26  -52.29
  175.00  -54.42  -54.56  -54.11  -53.11  -52.74  -53.29  -52.93  -51.91  -51.95  -52.42  -52.29  -51.93  -51.64  -51.52  -51.54  -51.12  -50.82  -50.48  -49.87  -49.76  -50.05  -50.56  -51.10  -51.31
  200.00  -56.83  -56.73  -56.56  -56.02  -55.31  -53.98  -53.29  -53.78  -54.15  -54.98  -54.73  -54.30  -54.21  -54.21  -53.41  -52.07  -51.11  -50.75  -50.77  -50.87  -51.45  -51.93  -52.42  -51.78
  225.00  -57.22  -57.20  -56.83  -56.01  -55.40  -55.73  -56.86  -57.20  -56.75  -55.54  -55.43  -55.61  -55.57  -56.22  -55.93  -53.80  -51.38  -51.05  -51.46  -51.85  -52.32  -52.69  -52.75  -51.56
  250.00  -51.59  -51.76  -52.02  -52.54  -52.36  -52.47  -52.72  -52.78  -52.36  -52.01  -51.95  -51.95  -52.31  -52.23  -52.00  -52.13  -50.25  -49.57  -49.50  -49.98  -50.03  -50.17  -50.13  -49.88
  300.00  -40.94  -41.25  -41.65  -42.09  -42.42  -42.20  -41.55  -41.34  -41.41  -41.45  -41.24  -41.50  -41.33  -40.77  -40.94  -41.50  -42.73  -42.00  -41.78  -40.97  -40.00  -39.53  -39.09  -40.17
  350.00  -32.21  -32.11  -32.38  -32.78  -32.86  -33.39  -33.35  -32.72  -32.41  -32.37  -32.26  -32.02  -32.19  -32.06  -31.83  -32.37  -33.42  -34.17  -33.70  -33.63  -32.87  -31.94  -30.76  -30.83
  400.00  -24.74  -24.90  -24.86  -24.81  -24.85  -25.11  -25.43  -25.33  -25.02  -24.78  -24.88  -24.60  -24.30  -24.52  -24.72  -25.13  -25.93  -26.60  -26.69  -26.70  -26.77  -26.36  -25.13  -24.59
  450.00  -18.71  -18.80  -18.83  -19.03  -19.72  -19.37  -19.04  -18.99  -19.13  -19.19  -19.23  -18.77  -18.27  -18.21  -18.59  -19.21  -19.66  -20.35  -20.42  -20.18  -20.39  -20.74  -20.96  -20.48
  500.00  -13.91  -14.20  -14.42  -14.43  -14.69  -15.24  -15.43  -14.94  -14.81  -14.63  -14.60  -14.84  -14.59  -13.91  -13.66  -14.11  -14.69  -14.83  -15.58  -15.25  -14.74  -14.81  -15.52  -15.94
  550.00   -9.78  -10.10  -10.39  -10.55  -10.51  -10.28  -10.44  -11.01  -11.42  -11.17  -10.84  -10.85  -10.82  -11.31  -11.39  -10.50  -10.49  -10.97  -10.57  -10.95  -10.98  -11.05  -11.49  -11.86
  600.00   -6.04   -6.21   -6.28   -6.77   -7.18   -6.81   -6.49   -6.72   -7.01   -7.21   -6.98   -7.01   -7.11   -7.45   -8.16   -8.07   -7.26   -7.27   -7.49   -7.26   -7.94   -8.19   -8.04   -8.07
  650.00   -2.47   -2.49   -2.39   -2.88   -3.24   -3.14   -3.35   -3.26   -3.37   -3.35   -3.32   -3.14   -3.55   -3.73   -4.08   -4.72   -4.49   -4.01   -4.43   -4.84   -4.83   -4.59   -4.40   -4.52
  700.00    0.90    0.91    1.14    0.84    0.12   -0.44   -0.64   -0.71   -0.65   -0.54   -0.54   -0.51   -0.74   -1.02   -0.86   -1.23   -1.65   -1.37   -1.42   -1.75   -1.62   -1.75   -1.56   -1.67
  750.00    4.38    4.30    4.35    4.36    4.10    3.75    3.29    2.75    2.55    2.51    2.18    2.15    1.92    1.99    1.86    1.67    0.77    0.58    0.81    1.12    0.95    0.75    0.79    0.61
  775.00    6.07    6.02    6.04    6.01    5.81    5.54    5.08    4.50    4.17    4.16    3.67    3.67    3.42    3.63    3.83    3.73    2.49    1.50    2.04    2.46    2.43    2.20    2.31    2.20
  800.00    7.28    7.14    7.25    7.22    6.95    6.76    6.44    6.00    5.63    5.51    5.13    5.08    5.19    5.10    5.47    5.38    4.80    3.81    3.95    3.84    3.76    3.57    3.83    3.74
  825.00    7.76    7.62    7.83    7.84    7.57    7.65    7.58    7.28    7.02    6.87    6.55    6.55    6.53    6.77    6.84    6.67    6.45    5.85    5.52    5.19    5.03    4.85    5.28    5.20
  850.00    7.89    7.99    8.17    8.17    7.87    8.35    8.52    8.30    8.18    8.26    7.96    8.00    8.26    8.15    8.13    8.20    7.74    7.28    6.80    6.45    6.30    6.16    6.70    6.64
  875.00    8.51    8.40    8.56    8.44    8.39    8.93    9.40    9.30    9.20    9.48    9.47    9.31    9.78    9.69    9.80    9.51    9.09    8.72    8.23    7.71    7.53    7.41    8.09    8.08
  900.00    9.28    9.21    9.09    9.08    9.25    9.60    9.96   10.11   10.32   10.64   10.85   10.87   11.47   11.15   11.12   10.81   10.46   10.09    9.75    9.14    8.83    8.71    9.54    9.51
  925.00   10.57   10.63   10.65   10.62   10.66   10.74   10.94   11.34   11.77   11.94   12.23   12.59   13.29   12.76   12.25   11.99   11.67   11.56   11.10   10.66   10.40   10.21   10.92   10.92
  950.00   12.27   12.22   12.31   12.30   12.26   12.53   12.65   12.91   13.20   13.56   14.05   14.69   15.29   14.58   14.00   13.61   13.12   13.01   12.72   12.35   12.17   12.01   12.52   12.53
  975.00   14.04   13.97   13.93   13.92   13.93   14.15   14.32   14.55   14.85   15.23   15.77   16.42   16.92   16.25   15.52   15.05   14.54   14.45   14.22   14.01   13.87   13.68   14.07   14.03
 1000.00   15.78   15.69   15.65   15.64   15.60   15.84   16.01   16.23   16.46   16.86   17.43   18.10   18.56   17.91   17.27   16.73   16.24   16.16   15.91   15.70   15.54   15.37   15.78   15.74
