#  level#  00:00#  01:00#  02:00#  03:00#  04:00#  05:00#  06:00#  07:00#  08:00#  09:00#  10:00#  11:00#  12:00#  13:00#  14:00#  15:00#  16:00#  17:00#  18:00#  19:00#  20:00#  21:00#  22:00#  23:00
    1.00  -14.66  -15.23  -14.52  -15.43  -16.51  -15.52  -13.99  -13.84  -13.63  -13.05  -10.60  -10.34   -9.22   -8.79   -8.49   -7.33   -7.72   -8.53   -8.98   -9.42   -8.87   -9.51   -8.96  -10.09
    2.00  -10.97  -12.22  -14.38  -14.42  -14.54  -15.26  -17.83  -17.42  -16.28  -16.36  -16.05  -14.93  -16.69  -16.46  -15.28  -14.58  -14.07  -13.61  -12.98  -12.09  -13.00  -13.26  -14.51  -14.44
    3.00   -9.29  -10.42  -12.31  -13.45  -14.80  -15.88  -15.92  -18.64  -19.56  -19.52  -19.24  -19.18  -19.46  -21.28  -21.93  -20.95  -21.94  -21.94  -19.58  -19.83  -20.31  -20.12  -19.53  -19.78
   10.00  -52.55  -53.72  -52.49  -50.07  -49.20  -49.22  -49.52  -49.47  -50.13  -50.44  -50.12  -49.67  -49.19  -49.47  -48.98  -48.11  -48.65  -50.53  -49.74  -49.23  -48.83  -49.51  -51.38  -51.62
   20.00  -55.42  -54.99  -55.77  -56.53  -56.30  -55.58  -54.79  -54.31  -53.80  -53.77  -53.42  -53.94  -55.19  -54.98  -55.99  -57.34  -56.88  -54.96  -53.50  -52.02  -52.87  -54.67  -55.10  -55.36
   30.00  -56.97  -56.28  -55.91  -56.37  -56.92  -57.95  -59.31  -60.39  -60.97  -60.78  -59.16  -57.44  -56.99  -56.56  -55.31  -55.67  -57.02  -57.54  -58.50  -58.45  -57.73  -57.21  -57.67  -57.28
   50.00  -59.21  -59.89  -60.43  -60.59  -61.09  -61.05  -59.85  -58.78  -58.77  -59.25  -60.50  -61.60  -61.71  -61.21  -60.74  -59.43  -59.01  -59.08  -58.26  -58.43  -58.48  -58.75  -59.75  -60.21
   70.00  -57.16  -57.20  -57.70  -57.73  -58.21  -59.23  -60.45  -61.26  -61.64  -60.71  -59.53  -59.14  -59.52  -59.74  -60.01  -59.80  -59.77  -60.41  -60.32  -60.13  -60.14  -59.65  -59.08  -59.28
  100.00  -58.04  -57.61  -57.57  -57.61  -57.43  -57.08  -56.92  -56.98  -57.64  -58.55  -58.95  -58.74  -58.83  -58.91  -58.85  -58.94  -58.75  -58.48  -58.86  -59.19  -59.52  -59.93  -60.35  -60.15
  125.00  -56.77  -56.62  -56.48  -56.59  -56.82  -57.08  -57.32  -57.25  -57.18  -57.56  -57.34  -57.33  -57.47  -57.82  -58.10  -58.57  -58.86  -58.15  -57.66  -57.59  -57.46  -57.77  -58.44  -59.00
  150.00  -54.55  -54.89  -55.14  -55.37  -55.88  -56.27  -56.65  -57.01  -56.93  -57.50  -57.57  -57.99  -58.72  -59.79  -60.67  -61.40  -62.35  -63.04  -62.88  -62.68  -62.61  -61.77  -61.19  -61.50
  175.00  -54.44  -54.47  -54.47  -54.42  -55.04  -55.86  -56.43  -57.02  -57.24  -57.77  -59.47  -61.07  -61.90  -62.31  -62.86  -62.77  -62.98  -64.32  -65.62  -66.26  -67.29  -68.09  -67.81  -67.64
  200.00  -53.52  -53.55  -53.77  -53.90  -54.38  -55.53  -57.11  -58.22  -59.14  -59.36  -60.23  -61.44  -62.41  -62.47  -62.58  -63.06  -63.95  -64.88  -65.15  -65.10  -64.50  -64.31  -64.56  -64.65
  225.00  -52.54  -53.16  -53.98  -55.02  -56.41  -57.43  -58.05  -58.79  -59.83  -60.26  -60.37  -60.35  -60.21  -60.55  -61.57  -62.33  -62.10  -61.63  -61.30  -61.14  -61.03  -61.02  -61.08  -60.85
  250.00  -53.87  -54.84  -56.07  -57.25  -57.49  -57.19  -57.18  -57.77  -57.61  -57.88  -58.13  -57.81  -57.51  -57.88  -58.12  -58.01  -57.46  -57.07  -56.59  -56.32  -56.26  -56.36  -56.32  -56.29
  300.00  -53.57  -53.19  -52.27  -51.61  -51.31  -50.99  -50.61  -50.01  -49.78  -49.71  -49.31  -49.11  -48.89  -48.54  -48.05  -47.69  -47.61  -47.42  -47.30  -47.27  -47.29  -47.33  -46.96  -46.89
  350.00  -46.44  -45.96  -45.66  -44.87  -43.70  -42.86  -42.52  -42.19  -41.69  -41.01  -40.59  -40.19  -39.79  -39.48  -39.19  -38.94  -38.75  -38.60  -38.66  -38.65  -38.57  -38.63  -38.32  -38.19
  400.00  -39.50  -39.07  -38.61  -38.21  -37.71  -36.74  -35.54  -34.83  -34.19  -33.62  -33.28  -32.81  -32.38  -32.11  -32.05  -32.01  -31.80  -31.65  -31.72  -31.66  -31.25  -31.02  -31.16  -31.13
  450.00  -32.71  -32.68  -32.60  -32.26  -32.10  -31.75  -31.04  -30.25  -29.70  -28.95  -27.99  -27.46  -27.24  -26.84  -26.33  -25.95  -25.72  -25.59  -25.45  -25.39  -25.21  -24.88  -25.12  -25.18
  500.00  -26.50  -26.65  -26.69  -26.67  -26.60  -26.45  -26.15  -25.83  -25.56  -25.06  -24.57  -24.02  -23.82  -23.46  -22.62  -21.72  -21.11  -20.53  -19.99  -19.67  -19.59  -19.59  -19.83  -20.05
  550.00  -20.94  -21.10  -21.17  -21.20  -21.21  -21.17  -20.97  -20.65  -20.36  -20.02  -19.90  -19.77  -19.67  -19.45  -18.99  -18.52  -18.19  -17.67  -16.88  -16.30  -15.90  -15.80  -15.67  -15.66
  600.00  -16.04  -16.28  -16.28  -16.30  -16.40  -16.44  -16.30  -15.97  -15.66  -15.30  -14.96  -14.86  -14.72  -14.53  -14.30  -14.08  -13.93  -13.77  -13.51  -13.29  -13.07  -13.10  -13.06  -12.61
  650.00  -12.11  -12.46  -12.65  -12.67  -12.65  -12.54  -12.37  -12.07  -11.78  -11.48  -11.03  -10.79  -10.59  -10.35  -10.09   -9.90   -9.73   -9.58   -9.39   -9.37   -9.41   -9.53   -9.68   -9.35
  700.00  -10.24   -9.86   -9.76   -9.74   -9.65   -9.44   -9.22   -8.90   -8.58   -8.15   -7.60   -6.99   -6.76   -6.71   -6.65   -6.64   -6.57   -6.48   -6.30   -6.24   -6.20   -6.15   -5.95   -5.56
  750.00  -10.40   -9.73   -9.05   -8.43   -8.15   -7.64   -7.29   -6.98   -6.89   -6.61   -6.50   -5.46   -4.90   -4.39   -3.81   -3.74   -3.88   -4.05   -4.05   -4.05   -3.92   -3.66   -3.05   -2.76
  775.00  -10.49  -10.02   -9.32   -8.63   -8.37   -7.95   -7.79   -7.77   -8.44   -8.41   -8.40   -7.02   -6.41   -5.70   -4.10   -3.39   -3.14   -3.27   -3.07   -2.96   -2.82   -2.57   -1.57   -1.37
  800.00  -11.02  -10.71   -9.99   -9.35   -9.34   -9.41   -9.58   -9.58   -9.81   -9.49   -9.26   -8.30   -7.72   -7.17   -5.72   -4.59   -4.22   -4.41   -4.12   -3.85   -3.46   -3.03   -1.34   -0.67
  825.00  -11.12  -11.07  -10.62  -10.21  -10.14  -10.10   -9.92   -9.58   -9.23   -8.79   -8.49   -7.98   -7.49   -7.05   -6.44   -5.62   -5.25   -5.20   -4.94   -4.50   -3.90   -3.56   -2.14   -1.52
  850.00   -9.91   -9.94   -9.76   -9.51   -9.27   -9.00   -8.63   -8.29   -7.78   -7.36   -6.93   -6.57   -6.28   -5.95   -5.65   -5.21   -4.70   -4.32   -4.02   -3.65   -3.44   -3.40   -2.65   -2.24
  875.00   -8.41   -8.47   -8.29   -8.04   -7.81   -7.48   -7.10   -6.71   -6.29   -5.85   -5.43   -5.15   -4.81   -4.50   -4.40   -4.08   -3.45   -2.97   -2.65   -2.45   -2.56   -2.46   -2.12   -1.95
  900.00   -6.53   -6.62   -6.57   -6.44   -6.14   -5.82   -5.44   -4.99   -4.55   -4.33   -3.97   -3.72   -3.37   -3.18   -2.88   -2.40   -1.98   -1.63   -1.44   -1.36   -1.27   -1.05   -0.99   -0.81
  925.00   -4.62   -4.69   -4.67   -4.59   -4.35   -3.97   -3.58   -3.23   -2.86   -2.69   -2.66   -2.41   -2.23   -1.56   -0.87   -0.34   -0.09    0.03    0.09    0.21    0.46    0.57    0.59    0.81
  950.00   -2.64   -2.69   -2.68   -2.63   -2.45   -2.14   -1.82   -1.47   -1.14   -1.02   -1.56   -1.20   -0.41    0.46    1.28    1.79    2.00    2.10    2.15    2.12    2.20    2.33    2.25    2.46
  975.00   -0.61   -0.63   -0.63   -0.60   -0.39   -0.08    0.19    0.40    0.51    0.72    0.35    0.97    1.90    2.76    3.45    3.87    3.80    3.85    3.88    3.87    3.91    4.01    3.86    4.05
 1000.00    0.90    0.88    0.87    0.93    1.12    1.40    1.69    1.94    2.18    2.32    1.70    2.27    3.15    4.03    4.86    5.32    5.45    5.52    5.54    5.52    5.55    5.68    5.52    5.72
