#  level#  00:00#  01:00#  02:00#  03:00#  04:00#  05:00#  06:00#  07:00#  08:00#  09:00#  10:00#  11:00#  12:00#  13:00#  14:00#  15:00#  16:00#  17:00#  18:00#  19:00#  20:00#  21:00#  22:00#  23:00
    1.00   -8.99   -8.41   -7.68   -7.79   -9.11   -9.45   -9.76   -8.32   -6.08   -6.39   -6.77   -4.57   -4.22   -3.77   -4.08   -5.18   -4.37   -2.64   -2.86   -4.00   -5.53   -6.09   -5.08   -2.27
    2.00   -4.53   -7.10   -7.80   -7.53   -7.28   -7.60   -8.21   -9.29   -9.20   -7.79   -6.66   -8.30   -8.59   -7.60   -6.21   -3.90   -4.91   -5.11   -3.66   -2.04   -4.34   -7.34   -9.96  -11.43
    3.00  -11.28  -12.62  -14.24  -15.50  -17.45  -17.83  -17.76  -19.07  -18.49  -16.23  -13.59  -12.00  -13.69  -15.23  -14.52  -12.62  -11.65  -11.73  -12.75  -12.19  -10.58  -11.07  -11.89  -14.76
   10.00  -39.15  -39.26  -38.51  -38.55  -39.64  -39.44  -38.48  -37.58  -37.78  -38.87  -38.94  -37.90  -37.25  -37.72  -37.89  -37.11  -37.31  -36.99  -35.97  -35.50  -35.71  -36.74  -37.68  -39.59
   20.00  -46.32  -46.48  -46.97  -46.94  -47.09  -47.38  -47.39  -47.30  -46.89  -46.90  -48.08  -48.29  -48.02  -47.69  -47.30  -47.59  -47.27  -46.79  -46.85  -46.58  -46.75  -47.73  -49.03  -48.89
   30.00  -52.97  -52.54  -52.51  -52.54  -52.51  -52.66  -52.50  -52.69  -52.83  -52.23  -51.13  -51.04  -51.49  -52.05  -52.13  -52.46  -53.28  -53.36  -52.65  -52.14  -51.93  -51.35  -51.94  -52.75
   50.00  -58.61  -59.00  -58.86  -58.45  -58.23  -57.67  -57.07  -56.52  -56.59  -57.17  -57.54  -58.34  -58.82  -59.03  -58.86  -58.32  -57.34  -56.04  -55.55  -55.65  -56.15  -57.13  -58.17  -58.86
   70.00  -58.92  -59.32  -59.55  -59.69  -59.75  -59.87  -60.06  -60.08  -59.92  -59.57  -58.77  -58.31  -58.20  -58.60  -58.61  -58.37  -58.21  -58.27  -58.20  -58.40  -58.64  -59.05  -58.95  -59.40
  100.00  -62.40  -62.52  -62.60  -62.50  -61.87  -61.00  -60.87  -61.15  -61.06  -60.69  -59.96  -59.84  -59.71  -59.71  -60.06  -60.25  -60.41  -60.63  -60.91  -61.10  -60.94  -60.29  -59.29  -58.94
  125.00  -61.02  -61.07  -61.22  -61.53  -61.68  -61.51  -61.01  -60.99  -61.39  -61.87  -62.41  -62.13  -61.86  -61.61  -61.61  -61.28  -60.77  -60.12  -59.73  -59.57  -59.62  -59.54  -59.29  -59.62
  150.00  -61.98  -61.70  -61.13  -60.98  -61.19  -61.49  -61.39  -60.82  -60.31  -60.18  -60.78  -60.83  -60.57  -60.28  -60.37  -60.77  -60.70  -60.17  -59.45  -58.83  -58.38  -57.98  -57.94  -57.67
  175.00  -61.98  -61.95  -61.68  -61.28  -61.03  -61.03  -61.16  -60.96  -60.26  -59.40  -59.51  -59.93  -59.83  -59.05  -58.03  -57.88  -58.02  -57.97  -57.54  -57.26  -57.12  -57.07  -56.47  -56.10
  200.00  -59.10  -59.11  -59.18  -59.33  -59.45  -59.33  -59.14  -59.04  -58.93  -58.67  -58.24  -57.76  -57.61  -57.69  -56.88  -56.04  -55.89  -55.96  -55.86  -55.81  -55.86  -56.51  -56.44  -55.93
  225.00  -54.60  -54.62  -54.59  -54.64  -54.77  -54.79  -54.69  -54.76  -54.93  -55.03  -55.08  -55.04  -54.60  -54.07  -53.76  -53.08  -52.51  -52.67  -53.07  -53.28  -53.30  -53.38  -53.58  -53.25
  250.00  -49.36  -49.47  -49.46  -49.41  -49.45  -49.52  -49.55  -49.59  -49.87  -50.03  -49.92  -50.20  -50.10  -49.56  -49.00  -48.68  -48.55  -48.82  -49.58  -50.07  -50.50  -50.46  -51.04  -51.23
  300.00  -39.04  -39.32  -39.55  -39.60  -39.59  -39.68  -39.81  -39.82  -39.88  -40.07  -40.03  -39.95  -39.83  -40.00  -40.43  -40.72  -41.08  -41.55  -42.39  -42.77  -42.75  -42.81  -43.20  -43.49
  350.00  -30.32  -30.60  -30.85  -31.02  -31.16  -31.29  -31.44  -31.46  -31.30  -31.23  -31.41  -31.63  -31.81  -31.99  -32.37  -32.73  -33.11  -33.34  -33.09  -32.81  -32.69  -32.82  -33.12  -33.60
  400.00  -22.93  -23.06  -23.26  -23.41  -23.49  -23.67  -23.81  -23.79  -23.79  -23.83  -23.83  -24.20  -24.49  -24.67  -24.74  -24.88  -25.13  -25.07  -24.80  -24.59  -24.52  -24.94  -25.39  -25.66
  450.00  -16.35  -16.38  -16.47  -16.58  -16.67  -16.86  -17.07  -17.11  -17.21  -17.42  -17.48  -17.56  -17.66  -17.99  -18.31  -18.51  -18.71  -18.65  -17.95  -17.61  -18.05  -18.71  -19.20  -19.36
  500.00  -10.90  -10.78  -10.82  -10.92  -11.02  -11.16  -11.28  -11.38  -11.56  -11.67  -11.74  -11.66  -11.68  -11.91  -12.19  -12.47  -12.69  -12.72  -12.49  -12.22  -12.23  -12.35  -12.72  -12.82
  550.00   -7.22   -7.41   -7.48   -7.41   -7.16   -6.92   -6.86   -7.09   -7.34   -7.36   -7.33   -7.13   -7.11   -7.28   -7.58   -7.65   -7.54   -7.37   -7.18   -7.14   -7.10   -6.81   -6.75   -6.85
  600.00   -3.24   -3.30   -3.47   -3.57   -3.45   -3.16   -3.07   -3.30   -3.52   -3.56   -3.60   -3.47   -3.27   -3.15   -3.08   -3.01   -2.89   -2.62   -2.38   -2.41   -2.51   -2.37   -2.34   -2.67
  650.00    0.73    0.75    0.77    0.82    0.80    0.77    0.68    0.51    0.43    0.47    0.32    0.42    0.56    0.86    1.03    1.23    1.49    1.73    1.87    1.80    1.73    1.75    1.28    0.76
  700.00    5.06    5.20    5.22    5.18    5.08    4.98    4.87    4.79    4.77    4.78    4.61    4.67    4.80    5.08    5.18    4.77    4.70    4.95    5.11    5.11    5.25    5.43    4.79    4.40
  750.00    9.57    9.83    9.86    9.78    9.62    9.48    9.38    9.31    9.23    9.12    9.03    9.00    9.04    8.32    7.48    7.81    8.09    8.15    8.04    7.95    8.05    8.39    8.47    8.45
  775.00   11.18   11.78   11.96   11.88   11.72   11.61   11.54   11.46   11.32   11.08   11.19   10.95   10.17    9.33    9.94   10.48   10.73   10.70   10.49   10.08    9.74    9.78   10.29   10.36
  800.00   12.51   13.12   13.57   13.67   13.58   13.55   13.50   13.35   12.95   12.36   12.74   11.85   10.97   11.80   12.53   13.05   13.30   13.32   13.02   12.41   11.70   11.19   11.90   11.88
  825.00   14.26   14.58   14.99   15.23   15.17   15.07   14.90   14.43   13.61   12.89   13.38   12.39   13.35   14.30   15.04   15.56   15.83   15.84   15.54   14.87   13.80   12.69   13.26   13.01
  850.00   15.90   16.08   16.30   16.38   15.90   15.41   15.16   14.82   14.24   13.73   13.76   14.74   15.82   16.75   17.53   18.02   18.28   18.32   18.01   17.32   16.09   14.30   14.28   13.90
  875.00   17.35   17.46   17.49   17.08   16.23   15.87   15.78   15.59   15.39   14.96   15.90   17.11   18.20   19.13   19.89   20.40   20.66   20.66   20.41   19.73   18.47   16.46   15.34   14.18
  900.00   17.77   17.77   17.75   17.61   17.15   16.94   16.90   16.18   16.19   17.37   18.40   19.62   20.73   21.68   22.44   22.91   23.13   23.12   22.79   22.09   20.79   18.80   16.88   14.72
  925.00   19.24   19.10   18.92   18.62   18.03   17.26   16.73   17.25   18.49   19.92   20.97   22.24   23.31   24.27   25.03   25.54   25.74   25.68   25.27   24.49   23.05   21.10   18.89   17.01
  950.00   20.75   20.51   20.34   19.93   19.27   18.63   18.37   19.07   20.40   21.85   22.99   24.28   25.27   26.03   26.63   27.10   27.30   27.24   26.85   26.05   24.59   22.70   20.57   18.76
  975.00   22.20   22.06   21.91   21.40   20.72   20.08   19.66   20.30   21.59   23.02   24.09   25.36   26.45   27.42   28.16   28.61   28.78   28.72   28.34   27.55   26.05   24.12   21.95   20.11
 1000.00   23.76   23.61   23.46   22.96   22.27   21.61   21.17   21.77   23.03   24.45   25.51   26.78   27.88   28.86   29.60   30.05   30.23   30.17   29.79   29.00   27.53   25.61   23.43   21.58
