#  level#  00:00#  01:00#  02:00#  03:00#  04:00#  05:00#  06:00#  07:00#  08:00#  09:00#  10:00#  11:00#  12:00#  13:00#  14:00#  15:00#  16:00#  17:00#  18:00#  19:00#  20:00#  21:00#  22:00#  23:00
    1.00  -10.74  -12.30  -12.16  -12.69  -13.48  -12.81  -11.55  -11.40  -11.85  -12.73  -14.85  -15.94  -15.37  -12.56   -9.76   -8.13   -8.55   -8.14   -7.17   -7.39   -8.99  -10.28  -11.48  -10.81
    2.00   -7.91   -9.09  -10.87  -10.02   -9.23  -10.53  -11.38  -10.79   -9.81   -9.10   -8.98   -9.80  -11.73  -13.47  -14.36  -14.02  -11.95   -8.99   -6.70   -4.65   -5.14   -7.00   -7.89   -7.20
    3.00  -11.64  -12.02  -14.52  -16.13  -16.50  -15.66  -16.15  -16.97  -17.36  -17.27  -15.73  -13.35  -12.29  -13.33  -14.55  -16.69  -18.39  -19.06  -19.94  -19.61  -15.91  -13.77  -12.05  -12.16
   10.00  -38.81  -38.42  -38.04  -38.84  -39.76  -40.69  -40.87  -39.61  -38.72  -38.97  -39.49  -39.89  -40.04  -39.36  -39.10  -37.89  -36.92  -36.66  -37.39  -38.89  -39.54  -40.23  -40.86  -40.28
   20.00  -47.87  -48.14  -48.31  -47.99  -47.48  -46.63  -46.50  -46.93  -47.48  -47.88  -47.99  -47.78  -48.36  -48.45  -48.16  -47.57  -47.46  -47.53  -47.52  -47.27  -47.06  -46.69  -46.47  -47.19
   30.00  -51.95  -51.18  -51.14  -51.32  -51.50  -51.77  -51.62  -51.31  -50.87  -50.65  -50.66  -50.74  -50.98  -51.05  -51.23  -51.45  -51.70  -51.28  -50.81  -50.50  -50.57  -50.99  -51.12  -51.77
   50.00  -54.72  -55.17  -55.89  -56.39  -56.97  -57.21  -56.53  -55.97  -55.62  -55.26  -55.46  -55.46  -55.42  -55.61  -55.94  -56.07  -55.78  -55.76  -55.72  -55.89  -56.28  -56.33  -56.36  -56.35
   70.00  -58.95  -59.43  -59.83  -59.92  -59.77  -59.82  -59.85  -59.60  -59.42  -59.29  -59.03  -59.01  -58.85  -58.78  -58.80  -59.08  -59.32  -59.43  -59.46  -59.26  -58.94  -59.03  -59.23  -59.36
  100.00  -58.52  -58.44  -58.57  -58.94  -59.39  -59.85  -60.46  -60.99  -61.38  -61.60  -61.36  -61.19  -60.89  -60.66  -60.15  -59.42  -59.08  -59.06  -59.48  -60.17  -60.33  -60.23  -60.27  -59.87
  125.00  -60.21  -59.55  -58.94  -58.59  -58.53  -58.45  -58.46  -58.52  -58.50  -58.49  -58.84  -58.96  -58.94  -58.89  -58.71  -58.28  -58.02  -57.88  -57.88  -58.34  -58.78  -59.00  -58.57  -58.29
  150.00  -58.68  -58.43  -57.96  -57.38  -57.00  -56.63  -56.28  -56.20  -56.23  -56.23  -56.16  -56.41  -56.74  -56.98  -57.00  -56.71  -56.37  -56.14  -56.01  -56.24  -56.69  -57.12  -56.44  -56.43
  175.00  -56.14  -56.40  -56.51  -56.17  -55.76  -55.49  -55.12  -54.64  -54.24  -54.01  -53.58  -53.70  -53.85  -54.00  -54.06  -53.92  -53.75  -53.72  -53.87  -54.01  -54.13  -54.33  -53.81  -53.97
  200.00  -53.06  -53.38  -53.52  -53.36  -52.96  -52.44  -52.07  -51.82  -51.62  -51.48  -51.29  -51.38  -51.44  -51.52  -51.72  -51.82  -51.78  -51.65  -51.57  -51.70  -51.64  -51.64  -52.10  -52.33
  225.00  -50.35  -50.30  -50.25  -50.17  -50.11  -50.14  -50.19  -50.14  -50.22  -50.32  -50.73  -50.90  -51.02  -50.99  -51.06  -51.18  -51.05  -50.74  -50.29  -50.01  -49.78  -49.54  -50.33  -50.57
  250.00  -47.14  -47.21  -47.34  -47.46  -47.75  -48.12  -48.47  -48.55  -48.47  -48.44  -48.96  -49.15  -49.23  -49.23  -49.20  -49.20  -49.05  -48.83  -48.52  -48.16  -47.83  -47.49  -48.19  -48.19
  300.00  -38.74  -38.80  -38.92  -39.20  -39.53  -39.87  -40.24  -40.57  -40.82  -40.94  -40.94  -40.80  -40.67  -40.59  -40.48  -40.33  -40.09  -39.81  -39.64  -39.61  -39.66  -39.69  -40.23  -40.30
  350.00  -29.84  -30.08  -30.31  -30.59  -30.93  -31.23  -31.46  -31.62  -31.74  -31.84  -31.91  -31.90  -31.86  -31.81  -31.76  -31.74  -31.72  -31.69  -31.62  -31.61  -31.57  -31.47  -31.70  -31.69
  400.00  -21.83  -22.12  -22.45  -22.80  -23.14  -23.36  -23.54  -23.72  -23.87  -23.95  -23.98  -23.81  -23.64  -23.48  -23.32  -23.26  -23.28  -23.33  -23.46  -23.65  -23.85  -23.95  -24.09  -23.97
  450.00  -15.18  -15.55  -15.85  -16.09  -16.34  -16.52  -16.70  -16.90  -17.08  -17.16  -17.23  -17.11  -16.98  -16.87  -16.73  -16.68  -16.79  -16.84  -16.78  -16.77  -16.89  -16.97  -17.04  -17.10
  500.00   -9.31   -9.58   -9.87  -10.00  -10.09  -10.21  -10.39  -10.61  -10.81  -10.93  -10.97  -10.93  -10.92  -10.97  -10.99  -11.09  -11.33  -11.46  -11.47  -11.39  -11.32  -11.22  -11.12  -11.12
  550.00   -4.78   -4.91   -5.10   -5.11   -5.02   -4.95   -4.96   -5.03   -5.07   -5.09   -5.07   -5.11   -5.18   -5.34   -5.49   -5.63   -5.86   -6.10   -6.17   -6.01   -5.97   -6.03   -5.92   -6.14
  600.00   -1.40   -1.21   -1.16   -1.17   -1.10   -0.91   -0.65   -0.40   -0.20   -0.05   -0.10    0.00    0.04   -0.07   -0.18   -0.28   -0.67   -0.92   -1.03   -1.29   -1.52   -1.80   -1.64   -1.89
  650.00    2.70    2.97    3.08    3.02    2.96    3.04    3.30    3.68    4.00    4.19    4.00    4.18    4.35    4.37    4.42    4.10    3.60    3.45    3.06    2.71    2.48    2.13    2.04    2.14
  700.00    7.48    7.62    7.69    7.63    7.49    7.41    7.36    7.38    7.50    7.61    7.43    7.66    7.85    7.95    7.69    7.51    7.66    7.32    7.09    6.82    6.55    6.16    6.56    6.82
  750.00   11.66   11.99   12.11   12.10   12.02   11.80   11.42   11.03   10.80   10.65   10.62   10.84   10.96   11.07   11.13   11.41   11.19   10.88   10.73   10.57   10.39   10.24   11.23   11.26
  775.00   13.12   13.68   13.92   13.91   13.79   13.44   13.00   12.52   12.29   12.03   12.10   12.20   12.23   12.13   12.55   13.01   12.80   12.58   12.49   12.36   12.26   12.23   13.32   13.20
  800.00   14.11   14.56   14.83   14.82   14.74   14.35   13.87   13.40   13.09   12.66   12.84   12.74   12.81   12.65   13.37   14.10   14.00   14.05   14.08   14.01   14.01   14.05   15.08   14.82
  825.00   14.54   14.68   14.64   14.59   14.51   14.20   13.75   13.41   12.88   12.55   12.64   12.65   12.62   12.78   13.49   14.37   14.55   14.96   15.15   15.30   15.33   15.32   16.23   15.83
  850.00   14.52   14.69   14.70   14.38   14.05   13.75   13.33   13.10   12.86   12.64   12.49   12.62   12.58   12.77   13.29   13.76   14.01   14.75   15.52   15.89   16.10   15.97   16.57   16.15
  875.00   14.39   14.71   14.55   14.20   13.96   13.63   13.65   13.55   13.36   13.37   13.13   13.25   13.27   13.46   13.67   13.88   14.17   14.69   15.41   15.90   15.98   15.88   16.08   15.61
  900.00   14.56   14.60   14.53   14.40   14.29   14.25   14.28   14.20   14.13   14.20   13.95   14.07   14.33   14.46   14.48   14.61   14.64   14.91   15.14   15.26   15.39   15.07   15.07   14.59
  925.00   15.28   15.20   15.09   15.08   15.04   15.02   14.95   14.95   15.05   15.22   15.04   15.06   15.12   15.11   15.09   15.15   15.22   15.31   15.42   15.45   15.19   15.11   15.16   15.10
  950.00   16.62   16.56   16.55   16.45   16.30   16.16   16.06   16.07   16.29   16.60   16.27   16.73   16.75   16.73   16.50   16.47   16.40   16.53   16.47   16.33   16.32   16.37   16.57   16.62
  975.00   18.17   18.07   18.02   17.80   17.57   17.41   17.36   17.43   17.65   18.08   17.87   18.11   18.14   18.23   18.03   18.08   18.06   18.21   18.19   18.04   18.02   18.08   18.21   18.25
 1000.00   19.93   19.83   19.70   19.51   19.32   19.11   19.01   19.07   19.26   19.75   19.57   19.74   19.80   19.92   19.75   19.84   19.82   19.99   19.96   19.84   19.79   19.76   19.92   19.97
