#  level#  00:00#  01:00#  02:00#  03:00#  04:00#  05:00#  06:00#  07:00#  08:00#  09:00#  10:00#  11:00#  12:00#  13:00#  14:00#  15:00#  16:00#  17:00#  18:00#  19:00#  20:00#  21:00#  22:00#  23:00
    1.00  -31.69  -32.39  -31.67  -30.68  -30.69  -29.74  -30.69  -31.84  -33.16  -34.26  -34.82  -32.59  -30.92  -29.06  -28.63  -27.35  -26.08  -25.68  -25.78  -26.60  -26.54  -28.65  -31.73  -32.91
    2.00  -27.47  -28.22  -30.00  -32.36  -33.84  -35.76  -35.24  -35.58  -36.15  -36.22  -36.36  -36.60  -36.97  -37.17  -38.10  -37.43  -35.59  -34.70  -32.66  -32.06  -33.64  -33.89  -34.56  -35.74
    3.00  -35.54  -36.64  -37.62  -38.29  -39.67  -39.46  -39.03  -38.85  -40.11  -40.72  -40.81  -40.66  -41.26  -41.05  -42.24  -43.23  -43.99  -44.14  -43.82  -41.47  -39.99  -40.31  -39.63  -40.53
   10.00  -61.70  -61.14  -61.69  -62.08  -62.33  -61.85  -60.98  -60.76  -61.16  -61.47  -59.92  -59.50  -59.60  -57.56  -57.14  -58.60  -59.26  -59.28  -58.90  -58.10  -57.76  -57.94  -57.93  -57.56
   20.00  -56.14  -55.97  -55.87  -56.12  -56.23  -56.51  -56.82  -57.04  -56.57  -56.45  -56.79  -56.77  -56.95  -58.09  -58.18  -57.61  -57.62  -57.48  -57.11  -56.39  -55.85  -55.80  -55.81  -56.38
   30.00  -55.51  -55.59  -55.71  -55.99  -55.65  -55.18  -55.02  -55.36  -55.80  -55.43  -55.14  -55.57  -55.19  -55.39  -55.98  -55.79  -55.54  -55.79  -56.30  -56.30  -55.67  -55.05  -54.62  -54.66
   50.00  -55.18  -55.78  -55.79  -55.44  -55.67  -55.59  -55.29  -55.06  -55.24  -55.53  -54.89  -54.64  -54.92  -54.29  -54.03  -54.41  -54.98  -55.52  -55.89  -55.49  -54.94  -54.83  -54.81  -55.35
   70.00  -55.05  -55.48  -55.95  -55.85  -55.62  -55.83  -55.92  -55.80  -55.47  -55.82  -55.70  -55.05  -55.41  -56.29  -56.68  -56.70  -56.60  -56.23  -56.10  -56.06  -56.33  -56.56  -56.52  -56.52
  100.00  -54.60  -54.50  -54.67  -54.99  -55.49  -55.57  -55.44  -55.57  -55.91  -56.07  -55.66  -55.47  -55.06  -55.00  -55.44  -55.85  -56.16  -56.34  -56.69  -57.11  -57.35  -57.47  -57.26  -56.94
  125.00  -53.33  -53.48  -53.65  -53.75  -53.66  -53.67  -53.82  -53.70  -53.67  -53.81  -53.98  -54.52  -54.68  -54.59  -54.73  -54.96  -55.30  -55.44  -55.39  -55.49  -55.82  -56.22  -56.67  -56.59
  150.00  -51.88  -52.70  -53.21  -53.36  -53.43  -53.43  -53.45  -53.59  -53.77  -53.71  -53.75  -53.94  -54.00  -54.05  -54.30  -54.39  -54.55  -54.73  -54.72  -54.45  -54.38  -54.66  -55.04  -55.37
  175.00  -51.69  -51.80  -52.13  -52.68  -53.17  -53.42  -53.44  -53.72  -54.12  -54.10  -53.78  -53.67  -53.64  -53.52  -53.71  -53.79  -53.80  -53.93  -54.02  -53.75  -53.47  -53.45  -53.18  -53.16
  200.00  -52.23  -52.21  -52.01  -52.21  -52.75  -53.29  -53.44  -53.36  -53.30  -53.41  -53.34  -53.38  -53.53  -53.53  -53.53  -53.95  -54.01  -53.87  -53.78  -53.57  -53.23  -53.04  -52.65  -52.85
  225.00  -53.84  -53.91  -53.56  -53.31  -53.48  -54.00  -54.31  -54.05  -53.48  -53.31  -53.00  -53.18  -53.51  -53.68  -53.37  -53.60  -53.88  -53.82  -53.96  -54.02  -53.76  -53.53  -53.31  -53.98
  250.00  -56.80  -56.89  -56.79  -56.27  -55.65  -55.46  -55.75  -56.17  -56.15  -55.46  -53.95  -53.65  -53.54  -53.60  -53.33  -53.26  -53.32  -53.16  -53.24  -53.48  -53.63  -53.75  -53.81  -54.34
  300.00  -54.50  -54.66  -54.79  -54.71  -54.73  -54.66  -54.37  -54.23  -54.37  -54.40  -53.93  -53.40  -53.00  -52.92  -52.71  -52.05  -51.32  -50.76  -50.43  -50.25  -50.08  -49.75  -48.98  -49.05
  350.00  -46.18  -46.18  -46.16  -46.07  -45.90  -45.76  -45.66  -45.63  -45.65  -45.62  -46.09  -46.13  -46.12  -46.00  -45.85  -45.66  -45.54  -45.48  -45.28  -44.88  -44.18  -43.41  -42.64  -41.28
  400.00  -38.00  -37.74  -37.59  -37.52  -37.49  -37.41  -37.37  -37.37  -37.45  -37.44  -37.98  -38.02  -37.99  -37.90  -37.72  -37.47  -37.27  -37.16  -37.19  -37.23  -37.22  -37.12  -37.80  -36.93
  450.00  -30.96  -30.91  -30.68  -30.51  -30.32  -30.17  -30.13  -30.13  -30.15  -30.17  -30.62  -30.55  -30.42  -30.21  -30.12  -30.09  -30.08  -30.09  -30.09  -30.05  -30.05  -30.03  -31.05  -30.92
  500.00  -24.89  -24.81  -24.75  -24.66  -24.53  -24.34  -24.11  -23.95  -23.82  -23.74  -24.17  -24.12  -23.82  -23.52  -23.43  -23.40  -23.43  -23.54  -23.57  -23.55  -23.54  -23.53  -24.06  -23.97
  550.00  -19.63  -19.37  -19.27  -19.29  -19.22  -19.16  -19.05  -18.95  -18.79  -18.56  -18.51  -18.47  -18.52  -18.32  -18.32  -18.25  -18.22  -18.31  -18.27  -18.13  -18.05  -17.98  -18.05  -17.86
  600.00  -14.85  -14.57  -14.55  -14.70  -14.74  -14.74  -14.61  -14.55  -14.53  -14.52  -14.26  -14.03  -14.27  -14.39  -14.46  -14.23  -13.97  -13.89  -13.79  -13.63  -13.55  -13.51  -13.53  -13.29
  650.00  -10.69  -10.58  -10.65  -10.75  -10.78  -10.87  -10.87  -10.83  -10.79  -10.81  -10.57  -10.21  -10.21  -10.33  -10.51  -10.41  -10.18  -10.03   -9.87   -9.72   -9.67   -9.73   -9.84   -9.66
  700.00   -7.08   -7.14   -7.20   -7.16   -7.21   -7.32   -7.36   -7.40   -7.36   -7.28   -6.98   -6.65   -6.50   -6.45   -6.48   -6.46   -6.46   -6.53   -6.64   -6.62   -6.57   -6.53   -6.60   -6.41
  750.00   -3.81   -3.87   -3.85   -3.77   -3.81   -3.91   -4.05   -4.11   -4.06   -4.11   -3.94   -3.69   -3.43   -3.23   -3.30   -3.33   -3.31   -3.31   -3.38   -3.53   -3.73   -3.81   -3.90   -3.70
  775.00   -2.29   -2.23   -2.22   -2.14   -2.23   -2.31   -2.44   -2.55   -2.49   -2.52   -2.66   -2.36   -2.21   -2.07   -2.06   -2.03   -1.99   -1.87   -1.87   -2.03   -2.19   -2.36   -2.40   -2.21
  800.00   -0.86   -0.83   -0.75   -0.59   -0.68   -0.75   -0.91   -1.06   -1.01   -1.05   -0.94   -1.00   -0.96   -0.80   -0.67   -0.56   -0.55   -0.41   -0.40   -0.53   -0.68   -0.84   -0.60   -0.49
  825.00    0.62    0.60    0.67    0.79    0.68    0.60    0.41    0.41    0.31    0.29    0.60    0.35    0.45    0.65    0.78    1.01    1.01    1.08    1.11    1.00    0.83    0.82    1.21    1.26
  850.00    2.30    2.33    2.28    2.34    2.31    2.17    2.03    1.89    1.77    1.67    2.04    1.83    2.08    2.25    2.32    2.58    2.54    2.63    2.66    2.55    2.47    2.46    2.95    3.00
  875.00    4.06    4.02    3.96    3.89    3.91    3.84    3.58    3.46    3.45    3.42    3.77    3.55    3.59    3.64    3.87    4.15    4.06    4.11    4.17    4.18    4.18    4.16    4.54    4.58
  900.00    5.87    5.70    5.49    5.40    5.40    5.16    5.15    5.08    4.87    4.76    5.09    5.02    5.10    5.27    5.17    5.39    5.49    5.59    5.65    5.69    5.67    5.72    6.10    6.10
  925.00    7.72    7.38    7.01    6.80    6.52    6.37    6.20    6.09    6.07    6.03    6.26    6.28    6.29    6.35    6.34    6.58    6.73    6.77    6.89    7.07    7.24    7.39    7.55    7.55
  950.00    9.34    8.90    8.46    8.16    7.96    7.71    7.70    7.68    7.52    7.46    7.42    7.75    7.90    8.01    8.16    8.13    8.20    8.07    8.12    8.21    8.40    8.62    8.79    8.82
  975.00   10.79   10.34    9.89    9.56    9.28    9.03    9.03    9.10    8.97    8.93    8.76    9.14    9.22    9.40    9.59    9.55    9.59    9.64    9.71    9.79    9.82    9.92    9.91   10.04
 1000.00   12.18   11.87   11.50   11.24   11.01   10.74   10.73   10.77   10.61   10.59   10.38   10.75   10.87   11.03   11.25   11.19   11.29   11.29   11.37   11.43   11.48   11.57   11.55   11.63
