#  level#  00:00#  01:00#  02:00#  03:00#  04:00#  05:00#  06:00#  07:00#  08:00#  09:00#  10:00#  11:00#  12:00#  13:00#  14:00#  15:00#  16:00#  17:00#  18:00#  19:00#  20:00#  21:00#  22:00#  23:00
    1.00  -17.20  -16.67  -16.40  -15.33  -13.64  -12.95  -13.24  -15.26  -17.28  -16.67  -16.65  -16.48  -17.10  -16.75  -16.15  -15.22  -14.13  -13.85  -14.25  -15.04  -16.02  -15.22  -14.62  -15.75
    2.00  -21.62  -21.76  -21.15  -20.20  -19.55  -20.16  -19.84  -19.07  -18.56  -18.45  -19.12  -18.36  -18.28  -18.43  -19.05  -19.13  -19.00  -19.56  -20.24  -20.58  -20.35  -19.69  -18.25  -17.82
    3.00  -34.72  -35.22  -34.79  -34.98  -34.57  -34.10  -33.77  -32.75  -31.97  -30.43  -29.45  -28.41  -27.51  -27.16  -28.37  -27.93  -27.00  -27.20  -27.19  -27.64  -29.10  -29.69  -28.75  -28.02
   10.00  -53.72  -53.81  -54.47  -54.68  -54.44  -54.44  -54.99  -56.06  -55.79  -55.52  -54.70  -55.16  -54.67  -55.11  -55.92  -56.19  -55.84  -55.86  -56.81  -56.94  -56.69  -56.62  -55.89  -55.80
   20.00  -61.16  -61.54  -61.63  -61.54  -61.14  -60.94  -60.44  -59.54  -59.46  -59.03  -59.78  -59.93  -59.80  -59.48  -59.13  -59.35  -60.21  -60.53  -59.99  -59.95  -60.27  -59.83  -59.50  -58.58
   30.00  -57.89  -57.83  -58.40  -59.32  -60.05  -60.68  -61.00  -60.71  -60.31  -60.93  -61.77  -62.11  -61.90  -61.76  -61.58  -60.96  -60.99  -61.66  -61.51  -60.85  -60.64  -60.86  -61.37  -61.22
   50.00  -60.30  -60.38  -60.42  -60.23  -60.15  -60.03  -60.46  -61.28  -61.40  -61.40  -61.23  -61.03  -61.26  -61.22  -61.69  -62.08  -61.81  -61.85  -61.97  -61.64  -61.05  -60.43  -60.53  -60.83
   70.00  -57.79  -58.15  -58.48  -58.65  -59.21  -59.36  -59.52  -59.89  -60.14  -60.10  -59.91  -59.93  -60.16  -60.10  -60.17  -60.99  -61.55  -62.11  -62.60  -62.75  -62.62  -62.37  -63.08  -62.85
  100.00  -58.75  -59.22  -59.65  -59.74  -60.14  -60.52  -60.40  -60.43  -60.97  -60.97  -61.12  -61.13  -60.27  -59.27  -58.94  -58.87  -58.85  -58.88  -59.33  -59.82  -59.84  -59.87  -59.92  -60.24
  125.00  -58.94  -58.96  -59.56  -60.35  -60.30  -60.35  -59.92  -59.42  -59.76  -59.43  -58.33  -58.09  -59.16  -60.83  -61.41  -62.01  -62.94  -63.27  -63.52  -63.05  -63.04  -62.87  -61.97  -61.46
  150.00  -58.76  -58.57  -58.33  -59.68  -61.38  -63.21  -63.15  -61.67  -60.39  -62.22  -61.50  -63.54  -65.97  -66.14  -64.88  -64.24  -62.68  -61.86  -61.22  -61.28  -61.72  -61.79  -61.92  -61.84
  175.00  -60.55  -63.01  -63.16  -63.19  -62.52  -61.46  -62.24  -63.38  -66.49  -67.37  -67.87  -68.03  -66.38  -64.42  -63.00  -62.39  -62.20  -62.30  -62.17  -62.61  -62.23  -62.62  -63.40  -63.15
  200.00  -62.28  -61.90  -61.86  -61.70  -62.86  -63.93  -64.21  -64.33  -64.81  -64.71  -65.23  -64.20  -63.31  -61.51  -61.42  -61.58  -61.64  -62.04  -62.06  -62.02  -61.66  -61.52  -62.08  -61.72
  225.00  -59.25  -60.92  -62.18  -62.27  -62.17  -61.87  -61.68  -61.70  -61.04  -61.04  -62.22  -61.98  -61.41  -60.50  -60.47  -59.64  -59.43  -59.75  -59.96  -59.80  -59.66  -59.09  -59.15  -58.85
  250.00  -58.73  -58.91  -59.16  -58.79  -58.07  -57.08  -56.90  -56.92  -56.44  -56.38  -57.48  -57.28  -56.88  -56.75  -56.64  -56.15  -56.04  -55.80  -55.75  -55.55  -55.26  -54.96  -54.95  -55.03
  300.00  -50.64  -50.49  -50.16  -49.58  -49.25  -48.69  -48.33  -48.29  -47.90  -47.65  -47.21  -46.95  -46.51  -46.64  -46.67  -46.43  -46.57  -46.35  -46.22  -46.01  -45.76  -45.34  -45.17  -45.29
  350.00  -41.86  -41.82  -41.17  -40.19  -39.54  -39.75  -39.41  -39.31  -38.77  -38.70  -37.83  -37.88  -37.17  -37.25  -37.33  -37.30  -37.45  -37.36  -37.51  -37.34  -37.29  -37.26  -36.76  -36.55
  400.00  -33.89  -33.92  -33.15  -32.55  -31.93  -31.94  -31.98  -31.91  -30.72  -30.48  -29.64  -29.16  -28.96  -28.81  -29.00  -29.30  -29.52  -29.46  -29.56  -29.50  -29.60  -29.51  -29.17  -28.82
  450.00  -27.02  -26.58  -26.36  -25.57  -25.58  -25.19  -25.63  -25.91  -24.94  -23.97  -22.70  -21.62  -21.63  -21.83  -22.15  -22.80  -23.12  -23.16  -23.08  -22.83  -22.74  -22.66  -22.58  -22.97
  500.00  -21.64  -20.76  -20.28  -20.57  -20.45  -19.78  -19.67  -19.87  -20.43  -20.32  -18.21  -16.35  -15.92  -16.99  -17.81  -18.61  -18.67  -18.76  -18.41  -17.92  -17.81  -17.61  -18.30  -19.67
  550.00  -16.54  -15.75  -15.55  -16.08  -16.21  -15.77  -15.16  -14.65  -14.89  -15.29  -14.76  -13.07  -13.03  -14.50  -15.16  -15.66  -15.58  -15.81  -15.57  -15.64  -15.90  -16.00  -17.75  -18.39
  600.00  -13.77  -12.14  -12.27  -12.78  -12.79  -12.67  -11.56  -10.92  -10.60  -10.06  -10.63  -10.17  -10.36  -10.89  -11.55  -12.07  -12.99  -13.29  -13.44  -13.79  -14.32  -14.99  -15.83  -16.31
  650.00  -12.71  -10.10   -9.81   -9.94   -9.77   -9.63   -8.60   -7.85   -7.31   -6.02   -6.87   -7.00   -7.16   -7.77   -7.53   -8.22   -8.51   -8.51   -9.92  -11.11  -11.59  -12.47  -12.67  -12.85
  700.00  -10.66   -9.04   -8.11   -7.52   -6.74   -6.16   -5.40   -4.92   -4.26   -3.38   -3.72   -3.62   -3.97   -3.98   -4.57   -4.91   -4.85   -4.86   -5.37   -6.80   -8.48   -9.45   -8.80   -8.87
  750.00   -7.90   -6.78   -6.07   -5.38   -3.91   -2.95   -2.07   -1.57   -0.84   -0.30   -1.01   -0.72   -0.50   -1.19   -1.99   -2.12   -2.27   -2.32   -2.49   -3.13   -4.35   -5.75   -5.03   -5.34
  775.00   -6.46   -5.42   -4.76   -4.08   -2.59   -1.50   -0.47    0.35    1.29    1.62    0.90    1.17    1.17    0.24   -0.44   -0.56   -0.89   -1.13   -1.28   -1.66   -2.35   -3.67   -3.07   -3.71
  800.00   -4.94   -4.02   -3.33   -2.61   -1.31   -0.24    1.10    2.47    3.58    3.69    3.11    3.21    3.02    1.61    0.89    0.90    0.35   -0.10   -0.08   -0.38   -0.69   -1.73   -1.29   -2.14
  825.00   -3.38   -2.58   -1.86   -1.09   -0.13    0.77    2.83    4.56    5.75    5.56    4.89    4.95    4.64    3.27    2.16    2.46    1.51    0.97    0.88    0.75    0.62   -0.06    0.25   -0.42
  850.00   -1.76   -0.98   -0.28    0.54    1.30    2.06    4.41    6.23    7.31    6.47    6.05    6.21    5.55    4.68    3.56    3.79    2.80    2.21    1.93    1.98    1.86    1.51    1.86    1.15
  875.00   -0.16    0.56    1.45    2.31    2.81    3.36    5.46    7.00    7.71    6.87    6.66    6.73    5.93    5.80    5.10    5.42    4.68    3.79    3.60    3.29    3.15    3.10    3.86    3.01
  900.00    1.64    2.33    3.18    3.80    4.04    4.19    5.57    6.67    7.49    7.18    7.50    7.36    6.83    7.23    6.85    7.03    6.49    5.50    5.14    4.77    4.48    4.64    5.34    4.79
  925.00    3.53    4.25    4.46    4.63    4.85    4.85    5.67    6.81    7.50    7.67    8.74    8.48    8.41    8.82    8.57    8.55    8.22    7.38    6.93    6.39    6.08    6.36    7.24    6.65
  950.00    5.04    5.47    5.66    5.74    5.83    5.89    6.30    6.84    7.65    8.47   10.31   10.38   10.53   10.51   10.26    9.97    9.55    9.09    8.75    8.23    7.78    7.91    8.63    8.03
  975.00    6.57    6.98    6.96    6.70    6.65    6.71    7.05    7.79    8.72    9.75   11.68   11.76   11.97   12.00   11.69   11.55   11.29   10.82   10.38    9.85    9.43    9.63   10.60   10.01
 1000.00    8.28    8.59    8.30    7.98    8.04    8.31    8.48    9.13   10.08   11.15   13.07   13.14   13.35   13.38   13.07   12.96   12.70   12.22   11.80   11.28   10.88   11.06   12.04   11.43
