#  level#  00:00#  01:00#  02:00#  03:00#  04:00#  05:00#  06:00#  07:00#  08:00#  09:00#  10:00#  11:00#  12:00#  13:00#  14:00#  15:00#  16:00#  17:00#  18:00#  19:00#  20:00#  21:00#  22:00#  23:00
    1.00   -9.20   -9.72  -10.82  -11.49  -11.77  -12.29  -11.81  -11.29  -10.36   -9.10   -8.45   -7.74   -8.60   -8.82   -8.04   -8.27   -8.80   -9.58   -9.80   -9.53   -8.87   -8.64   -8.64   -8.84
    2.00  -14.89  -15.28  -15.36  -15.40  -14.90  -15.25  -16.90  -18.00  -17.65  -16.15  -15.75  -14.28  -12.50  -11.40  -10.49   -9.37   -8.49   -7.98   -7.97   -7.66   -7.70   -8.40   -9.96  -10.24
    3.00  -22.46  -22.44  -24.37  -26.11  -26.17  -26.27  -25.75  -25.58  -25.97  -26.46  -26.39  -25.63  -25.63  -24.62  -23.87  -21.08  -19.51  -18.97  -19.75  -19.41  -18.24  -17.01  -17.12  -17.58
   10.00  -50.75  -51.46  -52.36  -52.88  -53.20  -53.51  -53.44  -53.16  -52.14  -50.86  -51.03  -50.82  -50.21  -50.32  -50.94  -51.69  -52.73  -53.59  -53.94  -53.86  -53.31  -52.75  -53.00  -53.07
   20.00  -50.97  -50.84  -51.29  -51.94  -52.22  -51.80  -51.27  -51.44  -51.81  -52.28  -52.53  -52.51  -52.79  -52.88  -52.49  -51.97  -51.83  -51.60  -51.39  -51.77  -52.45  -53.12  -53.21  -53.32
   30.00  -58.75  -58.55  -58.29  -58.17  -58.59  -59.04  -59.25  -58.83  -58.63  -58.56  -59.10  -58.81  -58.75  -59.10  -59.53  -59.76  -59.82  -59.88  -59.78  -59.20  -58.78  -58.63  -58.66  -58.80
   50.00  -67.00  -67.16  -67.26  -66.82  -66.37  -66.30  -66.42  -66.55  -66.68  -66.86  -66.88  -67.18  -67.18  -67.11  -67.01  -66.84  -66.51  -66.36  -66.66  -66.83  -66.83  -66.91  -66.80  -66.50
   70.00  -69.94  -69.99  -70.26  -70.51  -70.59  -70.33  -69.96  -69.82  -69.62  -69.32  -69.16  -69.01  -68.66  -68.49  -68.63  -68.69  -68.73  -68.63  -68.46  -68.28  -67.99  -67.74  -67.70  -68.26
  100.00  -68.22  -68.64  -68.92  -69.11  -69.20  -69.38  -69.44  -69.28  -69.15  -69.24  -69.53  -69.80  -69.93  -70.02  -70.27  -70.41  -70.48  -70.36  -70.11  -69.96  -69.99  -69.92  -69.95  -69.63
  125.00  -69.13  -69.16  -68.91  -68.97  -69.12  -69.12  -68.87  -68.56  -68.62  -68.78  -69.04  -68.93  -68.78  -68.65  -68.62  -68.62  -68.72  -68.82  -68.78  -68.65  -68.63  -68.74  -68.37  -68.36
  150.00  -68.07  -67.70  -67.53  -67.35  -67.24  -67.18  -67.36  -67.14  -66.69  -66.39  -66.37  -66.37  -66.26  -66.15  -65.99  -65.84  -65.82  -65.97  -66.17  -66.27  -66.31  -66.38  -66.16  -66.24
  175.00  -64.06  -63.98  -64.03  -64.01  -64.07  -63.90  -63.71  -63.80  -63.78  -63.57  -63.71  -63.51  -63.26  -63.13  -63.22  -63.42  -63.50  -63.58  -63.79  -63.98  -64.03  -63.96  -63.99  -63.92
  200.00  -59.25  -59.26  -59.37  -59.31  -59.41  -59.83  -60.22  -60.10  -59.78  -59.51  -59.92  -59.80  -59.68  -59.56  -59.54  -59.52  -59.50  -59.58  -59.76  -59.99  -60.23  -60.43  -60.60  -60.50
  225.00  -54.79  -54.68  -54.80  -54.84  -54.97  -54.99  -55.14  -55.32  -55.24  -55.09  -55.43  -55.29  -55.08  -54.97  -54.92  -54.84  -54.80  -54.71  -54.62  -54.67  -54.79  -54.79  -54.79  -54.95
  250.00  -50.72  -50.37  -50.28  -50.32  -50.37  -50.45  -50.16  -50.12  -50.23  -50.27  -50.34  -50.21  -50.11  -49.99  -49.91  -49.79  -49.72  -49.63  -49.45  -49.29  -49.27  -49.42  -49.54  -49.42
  300.00  -40.62  -40.64  -40.40  -40.34  -40.12  -39.93  -39.93  -39.93  -39.92  -39.95  -39.87  -40.00  -39.99  -39.91  -39.72  -39.59  -39.54  -39.55  -39.54  -39.52  -39.50  -39.51  -39.57  -39.74
  350.00  -31.44  -31.27  -31.22  -31.15  -30.92  -30.72  -30.77  -30.97  -31.11  -31.19  -31.14  -31.16  -31.17  -31.16  -31.08  -30.95  -30.89  -30.90  -30.96  -31.01  -31.02  -31.01  -31.07  -31.08
  400.00  -23.82  -23.60  -23.40  -23.62  -23.95  -24.09  -24.01  -23.79  -23.65  -23.63  -23.59  -23.50  -23.49  -23.50  -23.58  -23.69  -23.67  -23.62  -23.52  -23.41  -23.34  -23.31  -23.61  -23.52
  450.00  -17.52  -17.42  -17.19  -17.03  -17.01  -17.17  -17.35  -17.53  -17.58  -17.55  -17.43  -17.32  -17.25  -17.30  -17.35  -17.40  -17.38  -17.30  -17.24  -17.08  -16.92  -16.80  -17.04  -16.98
  500.00  -11.01  -11.42  -11.61  -11.67  -11.55  -11.49  -11.52  -11.69  -11.84  -12.00  -12.09  -12.25  -12.22  -12.20  -12.11  -11.97  -11.85  -11.75  -11.73  -11.66  -11.51  -11.39  -11.41  -11.29
  550.00   -5.26   -5.51   -5.94   -6.42   -6.70   -6.77   -6.78   -6.86   -6.95   -6.98   -6.91   -7.18   -7.34   -7.37   -7.21   -7.02   -6.87   -6.84   -6.86   -6.90   -6.86   -6.81   -6.77   -6.75
  600.00   -1.21   -1.08   -1.22   -1.49   -1.76   -1.98   -2.11   -2.23   -2.40   -2.50   -2.18   -2.32   -2.58   -2.84   -2.87   -2.80   -2.79   -2.92   -3.14   -3.29   -3.46   -3.50   -3.61   -3.76
  650.00    2.54    2.64    2.52    2.27    2.18    2.07    1.90    1.73    1.43    1.27    1.73    1.46    1.01    0.48    0.21    0.18    0.11   -0.08   -0.36   -0.56   -0.78   -1.10   -0.98   -1.29
  700.00    5.69    5.75    5.62    5.41    5.31    5.14    4.95    4.78    4.54    4.41    4.57    4.06    3.45    2.97    2.74    2.51    2.29    2.31    2.29    2.33    2.27    2.02    1.97    1.59
  750.00    7.98    7.84    7.78    7.83    7.70    7.28    7.07    7.10    7.10    7.13    6.81    6.44    6.03    5.79    5.48    4.75    4.56    4.41    4.39    4.50    4.66    4.70    4.79    4.57
  775.00    9.08    8.93    8.82    8.87    8.72    8.24    7.96    8.06    8.17    8.21    7.68    7.51    7.34    7.07    5.96    5.99    6.07    5.90    5.77    5.74    5.74    5.90    6.19    6.02
  800.00   10.30   10.18   10.05   10.03    9.82    9.32    8.97    9.01    9.04    8.99    8.34    8.34    8.26    7.19    6.36    7.29    7.30    7.21    7.22    7.21    7.20    7.10    7.35    7.27
  825.00   11.48   11.39   11.30   11.23   11.01   10.58   10.07    9.87    9.69    9.45    8.74    8.85    7.64    6.77    7.64    8.41    8.44    8.57    8.46    8.47    8.46    8.44    8.44    8.47
  850.00   12.53   12.48   12.42   12.37   12.18   11.79   11.27   10.88   10.52   10.08    9.05    8.40    7.60    8.70    9.89   10.39   10.47   10.39   10.13    9.90    9.78    9.75    9.94   10.13
  875.00   13.73   13.49   13.34   13.21   13.01   12.56   11.88   11.47   11.14   10.62    9.17    8.49    9.76   11.13   12.31   12.82   12.87   12.65   12.36   12.05   11.72   11.41   11.54   11.51
  900.00   14.84   14.43   14.02   13.70   13.26   12.74   12.19   11.61   11.09   10.70    9.21   10.57   12.19   13.50   14.69   15.18   15.22   14.97   14.56   14.09   13.72   13.46   13.51   13.33
  925.00   13.78   13.31   12.84   12.33   11.81   11.49   11.29   11.09   10.79   10.79   11.46   13.15   14.77   16.10   17.27   17.69   17.65   17.26   16.65   15.94   15.33   14.85   14.98   14.61
  950.00   15.40   14.94   14.53   14.10   13.66   13.25   13.01   12.80   12.48   11.86   12.93   14.58   16.19   17.50   18.65   19.09   19.07   18.76   18.20   17.47   16.80   16.29   16.38   16.06
  975.00   16.82   16.35   15.92   15.47   14.99   14.58   14.35   14.17   13.91   13.32   14.36   16.01   17.60   18.92   20.10   20.55   20.53   20.21   19.65   18.92   18.24   17.72   17.81   17.48
 1000.00   18.20   17.75   17.33   16.91   16.44   16.02   15.79   15.59   15.31   14.71   15.76   17.41   19.02   20.34   21.51   21.97   21.95   21.65   21.09   20.36   19.68   19.16   19.26   18.93
