#  level#  00:00#  01:00#  02:00#  03:00#  04:00#  05:00#  06:00#  07:00#  08:00#  09:00#  10:00#  11:00#  12:00#  13:00#  14:00#  15:00#  16:00#  17:00#  18:00#  19:00#  20:00#  21:00#  22:00#  23:00
    1.00  -10.09   -9.64   -8.29   -7.42   -6.70   -7.26   -9.78  -11.79  -12.41  -11.19   -8.60   -6.64   -5.65   -5.12   -5.61   -6.17   -5.56   -6.27   -8.98   -9.99   -7.21   -4.67   -2.36   -1.43
    2.00    0.93   -1.43   -2.37   -3.18   -3.83   -3.74   -2.34   -1.47   -1.04   -0.37   -0.51    1.65    3.52    5.67    6.38    5.32    4.01    4.66    5.05    2.78    2.03    2.38    1.16    0.23
    3.00   -5.03   -6.28   -7.04   -8.14   -9.63  -11.22  -12.05  -11.24  -10.07   -9.88  -11.26  -11.79  -13.16  -13.56  -11.15   -7.79   -6.39   -3.71   -0.09   -0.08   -1.98   -1.50   -3.37   -5.85
   10.00  -46.03  -46.58  -46.62  -46.97  -46.98  -47.14  -47.69  -48.18  -48.14  -47.61  -46.47  -46.23  -45.82  -45.14  -44.98  -45.14  -45.39  -45.20  -45.27  -45.63  -45.80  -45.42  -44.96  -45.42
   20.00  -55.36  -54.20  -54.22  -54.69  -55.18  -56.00  -57.06  -56.98  -55.76  -54.50  -54.23  -54.66  -55.18  -55.54  -55.11  -53.64  -52.63  -52.96  -53.85  -54.32  -53.89  -53.43  -54.30  -55.15
   30.00  -60.27  -60.77  -60.12  -58.95  -58.61  -58.77  -59.06  -59.81  -60.78  -61.17  -60.43  -59.32  -57.96  -57.44  -58.10  -58.64  -58.45  -58.08  -58.18  -58.95  -59.60  -59.14  -58.91  -58.76
   50.00  -62.63  -62.56  -63.19  -64.02  -64.20  -63.83  -63.51  -63.41  -63.10  -62.43  -61.91  -62.13  -62.69  -63.39  -63.60  -63.36  -63.39  -63.56  -63.63  -63.58  -63.29  -62.98  -62.44  -62.35
   70.00  -65.21  -65.15  -64.67  -64.40  -64.39  -64.34  -64.04  -63.70  -63.98  -64.64  -65.13  -64.97  -64.68  -64.27  -63.82  -63.76  -64.02  -64.20  -64.31  -64.46  -64.50  -64.45  -64.57  -64.25
  100.00  -61.35  -61.64  -61.98  -62.10  -62.03  -61.90  -62.02  -62.36  -62.60  -62.70  -62.87  -62.88  -62.81  -62.74  -62.61  -62.43  -62.25  -62.17  -62.14  -62.08  -62.17  -62.29  -62.28  -62.53
  125.00  -60.53  -60.18  -59.98  -60.12  -60.60  -61.09  -61.28  -61.31  -61.33  -61.20  -61.04  -60.89  -60.87  -60.97  -61.17  -61.33  -61.38  -61.44  -61.71  -62.04  -62.29  -62.26  -61.74  -61.32
  150.00  -63.61  -64.04  -64.18  -63.78  -63.21  -63.15  -63.22  -63.16  -63.34  -63.60  -64.01  -64.38  -64.69  -64.90  -65.01  -64.96  -64.84  -64.54  -64.35  -64.40  -64.45  -64.31  -64.51  -64.79
  175.00  -66.26  -67.13  -68.00  -68.61  -68.71  -68.47  -68.35  -68.36  -68.49  -68.56  -69.18  -69.30  -69.35  -69.46  -69.57  -69.63  -69.62  -69.36  -69.02  -68.94  -69.06  -68.98  -69.09  -68.93
  200.00  -63.08  -63.43  -63.85  -64.23  -64.46  -64.53  -64.57  -64.66  -64.80  -64.93  -65.09  -65.17  -65.20  -65.21  -65.22  -65.23  -65.27  -65.25  -65.18  -65.18  -65.28  -65.40  -65.40  -65.45
  225.00  -58.54  -58.44  -58.46  -58.63  -58.87  -59.03  -59.15  -59.30  -59.45  -59.55  -59.56  -59.60  -59.60  -59.57  -59.52  -59.48  -59.47  -59.45  -59.39  -59.36  -59.42  -59.53  -59.51  -59.57
  250.00  -53.76  -53.58  -53.52  -53.65  -53.84  -53.93  -53.95  -54.00  -54.07  -54.11  -54.05  -54.07  -54.08  -54.07  -54.03  -54.01  -54.03  -54.07  -54.05  -54.01  -54.04  -54.13  -54.17  -54.20
  300.00  -44.72  -44.27  -43.86  -43.74  -43.75  -43.76  -43.73  -43.69  -43.69  -43.75  -43.86  -43.93  -44.00  -44.05  -44.09  -44.07  -44.07  -44.10  -44.13  -44.13  -44.13  -44.16  -44.47  -44.45
  350.00  -36.51  -36.39  -36.16  -35.88  -35.70  -35.57  -35.39  -35.19  -35.09  -35.07  -34.90  -34.83  -34.79  -34.82  -34.89  -34.91  -34.90  -34.95  -35.07  -35.17  -35.21  -35.26  -35.44  -35.47
  400.00  -29.27  -29.33  -29.27  -29.18  -29.18  -29.24  -29.23  -29.10  -28.94  -28.79  -28.69  -28.49  -28.29  -28.22  -28.22  -28.20  -28.10  -27.99  -27.96  -28.00  -28.00  -28.00  -27.93  -27.87
  450.00  -22.78  -22.93  -23.03  -23.05  -23.07  -23.12  -23.15  -23.11  -23.01  -22.91  -23.02  -22.86  -22.68  -22.54  -22.45  -22.42  -22.38  -22.25  -22.09  -22.01  -21.97  -21.96  -21.73  -21.64
  500.00  -16.40  -16.54  -16.68  -16.78  -16.86  -16.90  -16.92  -16.90  -16.84  -16.76  -16.66  -16.56  -16.47  -16.41  -16.39  -16.44  -16.53  -16.56  -16.51  -16.46  -16.38  -16.33  -16.32  -16.28
  550.00  -10.39  -10.43  -10.56  -10.71  -10.83  -10.90  -10.92  -10.93  -10.94  -10.94  -10.74  -10.70  -10.66  -10.65  -10.60  -10.58  -10.65  -10.73  -10.78  -10.78  -10.71  -10.65  -10.85  -10.85
  600.00   -5.15   -5.00   -5.09   -5.27   -5.44   -5.53   -5.54   -5.54   -5.58   -5.62   -5.54   -5.55   -5.55   -5.57   -5.51   -5.44   -5.46   -5.54   -5.60   -5.58   -5.49   -5.41   -5.51   -5.63
  650.00   -1.39   -0.89   -0.82   -1.04   -1.24   -1.29   -1.25   -1.19   -1.16   -1.12   -1.05   -1.00   -0.97   -0.97   -0.93   -0.87   -0.90   -0.97   -1.02   -1.03   -0.92   -0.74   -0.73   -0.95
  700.00    0.64    0.68    0.79    0.84    0.98    1.24    1.48    1.72    1.96    2.25    2.81    3.04    3.15    3.17    3.23    3.33    3.27    3.06    2.71    2.42    2.44    2.86    3.25    3.38
  750.00    4.69    4.52    4.36    4.25    4.24    4.35    4.53    4.75    5.00    5.26    5.89    6.00    6.07    6.05    5.11    5.03    5.42    5.75    5.89    5.95    5.88    5.75    5.98    6.45
  775.00    6.92    6.71    6.47    6.27    6.21    6.22    6.27    6.38    6.53    6.71    7.10    7.13    6.95    5.99    6.63    7.46    8.07    8.39    8.53    8.57    8.51    8.24    8.18    8.29
  800.00    9.15    8.84    8.50    8.27    8.14    8.07    8.01    7.95    7.94    8.01    8.22    8.24    7.16    8.15    9.25   10.06   10.66   11.01   11.13   11.15   11.05   10.79   10.49   10.38
  825.00   11.20   10.69   10.30   10.08    9.93    9.78    9.61    9.45    9.33    9.31    9.28    8.32    9.40   10.63   11.66   12.53   13.13   13.50   13.66   13.70   13.59   13.26   12.89   12.62
  850.00   12.91   12.35   11.96   11.73   11.55   11.34   11.02   10.68   10.44   10.29    9.36   10.33   11.77   13.00   14.05   14.91   15.56   15.91   16.05   16.11   16.02   15.67   15.17   14.63
  875.00   14.33   13.70   13.19   12.86   12.54   12.18   11.81   11.49   11.23   11.09   11.13   12.74   14.20   15.47   16.54   17.38   17.99   18.34   18.46   18.51   18.43   17.98   17.17   16.16
  900.00   15.05   14.20   13.58   13.21   12.94   12.75   12.57   12.42   12.31   12.41   13.43   15.13   16.60   17.88   18.98   19.84   20.41   20.74   20.85   20.82   20.73   20.29   19.25   17.48
  925.00   15.28   14.31   13.49   12.82   12.24   11.70   11.28   11.18   12.56   14.88   16.17   17.95   19.51   20.82   21.89   22.62   23.04   23.22   23.21   23.00   22.55   21.52   20.34   18.08
  950.00   16.96   16.05   15.40   14.97   14.60   14.25   13.89   13.52   13.67   16.22   17.46   19.19   20.65   21.92   22.98   23.77   24.28   24.54   24.55   24.44   24.26   23.79   22.56   20.23
  975.00   18.35   17.46   16.84   16.41   16.03   15.65   15.28   14.93   15.12   17.65   18.91   20.64   22.13   23.40   24.44   25.25   25.77   26.04   26.07   25.95   25.74   25.22   24.02   21.67
 1000.00   19.86   18.94   18.29   17.87   17.49   17.13   16.75   16.39   16.56   19.10   20.33   22.06   23.56   24.82   25.88   26.69   27.23   27.51   27.55   27.45   27.27   26.76   25.54   23.18
