#  level#  00:00#  01:00#  02:00#  03:00#  04:00#  05:00#  06:00#  07:00#  08:00#  09:00#  10:00#  11:00#  12:00#  13:00#  14:00#  15:00#  16:00#  17:00#  18:00#  19:00#  20:00#  21:00#  22:00#  23:00
    1.00  -13.09  -13.86  -13.90  -12.82  -11.85  -11.70  -11.50  -10.86  -10.20   -9.93   -9.29   -8.69   -7.84   -7.19   -8.36   -9.41   -9.70   -9.04   -7.72   -7.55   -8.07   -8.21   -6.33   -6.13
    2.00    5.22    3.79    1.84    0.57    0.29    0.75    1.75    1.84    2.83    3.77    4.44    6.09    7.27    9.64   10.58   10.79   10.80    9.95   10.36   10.59    9.82    8.19    6.02    5.66
    3.00    4.71    3.67    2.60    1.71    0.33   -1.89   -3.64   -5.03   -5.16   -5.89   -8.06   -7.77   -7.91   -6.24   -5.74   -6.44   -5.90   -5.22   -3.38   -0.20    2.48    5.61    5.24    4.93
   10.00  -55.85  -55.47  -55.12  -55.07  -55.32  -54.65  -52.70  -51.79  -52.27  -52.97  -53.79  -54.17  -54.55  -54.68  -54.29  -53.99  -53.72  -53.49  -52.99  -52.19  -52.33  -53.43  -54.94  -55.72
   20.00  -63.75  -64.13  -64.38  -64.42  -64.30  -64.36  -64.51  -64.75  -65.13  -65.29  -63.42  -62.46  -62.49  -62.87  -63.38  -63.98  -64.15  -63.94  -63.85  -63.98  -63.90  -63.58  -63.82  -63.78
   30.00  -63.41  -63.49  -63.87  -64.61  -65.33  -65.82  -65.92  -65.29  -64.38  -64.35  -64.57  -65.27  -65.95  -66.00  -65.31  -64.89  -64.79  -65.15  -65.51  -65.38  -64.92  -64.61  -64.18  -63.71
   50.00  -65.06  -65.34  -65.40  -65.18  -64.88  -64.58  -64.45  -64.45  -64.31  -64.18  -64.31  -64.90  -65.25  -65.35  -65.36  -65.36  -65.12  -64.88  -64.48  -64.19  -64.30  -64.33  -64.42  -64.56
   70.00  -63.53  -63.65  -63.71  -63.70  -63.83  -64.02  -64.14  -64.44  -64.71  -64.65  -63.89  -63.83  -63.89  -63.84  -63.85  -64.13  -64.50  -65.10  -65.77  -66.26  -66.48  -66.57  -66.81  -66.87
  100.00  -61.62  -61.76  -62.12  -62.49  -62.66  -62.82  -62.99  -63.32  -63.77  -64.14  -63.89  -64.00  -64.07  -64.23  -64.33  -64.57  -64.74  -64.80  -64.84  -64.99  -65.09  -65.03  -64.63  -64.55
  125.00  -60.97  -61.08  -61.31  -61.60  -61.77  -61.76  -61.74  -61.95  -62.10  -62.37  -62.66  -62.96  -62.87  -62.68  -62.63  -62.49  -62.31  -62.22  -62.16  -61.98  -61.84  -61.92  -62.12  -62.27
  150.00  -59.01  -59.05  -59.08  -59.52  -60.22  -60.73  -60.86  -60.85  -60.78  -60.82  -60.70  -61.05  -61.38  -61.53  -61.49  -61.30  -60.90  -60.41  -59.80  -59.16  -58.87  -58.94  -59.18  -59.28
  175.00  -57.93  -58.56  -59.06  -59.12  -59.34  -60.05  -60.78  -61.16  -61.31  -61.40  -61.08  -61.08  -61.25  -61.57  -61.86  -62.15  -62.20  -61.96  -61.77  -61.82  -61.47  -60.55  -59.82  -59.24
  200.00  -60.48  -61.78  -62.77  -63.14  -63.06  -62.95  -62.78  -62.64  -62.36  -62.15  -61.86  -61.76  -61.60  -61.65  -61.96  -62.38  -62.78  -63.21  -63.65  -63.95  -64.07  -64.16  -64.90  -64.59
  225.00  -61.39  -62.12  -62.55  -62.70  -62.70  -62.63  -62.34  -61.77  -61.12  -60.67  -60.45  -60.44  -60.49  -60.60  -60.85  -61.12  -61.29  -61.47  -61.75  -61.98  -61.96  -61.77  -62.20  -62.30
  250.00  -59.19  -59.05  -58.84  -58.70  -58.70  -58.64  -58.53  -58.41  -58.11  -57.67  -57.39  -57.31  -57.30  -57.32  -57.37  -57.45  -57.54  -57.74  -57.99  -58.16  -58.24  -58.19  -58.31  -58.38
  300.00  -50.29  -50.14  -50.16  -50.23  -50.30  -50.37  -50.52  -50.84  -51.01  -50.84  -50.53  -50.23  -49.88  -49.55  -49.33  -49.25  -49.31  -49.38  -49.41  -49.45  -49.55  -49.69  -49.80  -49.78
  350.00  -42.76  -42.57  -42.48  -42.49  -42.40  -42.44  -42.51  -42.60  -42.84  -43.11  -43.38  -43.20  -42.84  -42.39  -42.00  -41.67  -41.37  -41.21  -41.12  -41.01  -40.98  -41.03  -41.26  -41.46
  400.00  -35.79  -35.34  -35.02  -34.84  -34.72  -34.68  -34.76  -34.86  -34.93  -35.05  -35.52  -35.60  -35.61  -35.47  -35.20  -34.87  -34.49  -34.10  -33.86  -33.73  -33.59  -33.47  -33.20  -33.37
  450.00  -28.85  -28.39  -27.99  -27.82  -27.63  -27.41  -27.41  -27.53  -27.65  -27.75  -28.12  -28.20  -28.36  -28.43  -28.32  -28.10  -27.85  -27.57  -27.30  -27.11  -27.03  -27.05  -26.73  -26.81
  500.00  -22.47  -22.16  -21.95  -21.79  -21.62  -21.34  -21.05  -21.03  -21.16  -21.30  -21.63  -21.76  -21.85  -21.84  -21.73  -21.57  -21.38  -21.19  -20.98  -20.75  -20.58  -20.48  -20.13  -20.26
  550.00  -17.08  -17.01  -17.01  -16.84  -16.70  -16.58  -16.25  -15.94  -15.78  -15.75  -15.97  -16.09  -16.19  -16.20  -16.09  -15.90  -15.62  -15.32  -15.08  -14.88  -14.73  -14.58  -14.16  -14.15
  600.00  -12.54  -12.49  -12.48  -12.34  -12.25  -12.30  -12.18  -11.95  -11.72  -11.53  -11.36  -11.40  -11.44  -11.43  -11.33  -11.14  -10.88  -10.55  -10.21   -9.94   -9.79   -9.69   -9.37   -9.24
  650.00   -9.23   -9.20   -9.07   -8.80   -8.56   -8.48   -8.44   -8.40   -8.34   -8.31   -7.97   -7.79   -7.62   -7.51   -7.36   -7.20   -7.04   -6.85   -6.54   -6.27   -6.16   -6.08   -5.93   -5.81
  700.00   -6.81   -6.83   -6.74   -6.60   -6.42   -6.34   -6.22   -6.17   -5.95   -5.75   -4.96   -4.64   -4.41   -4.30   -4.18   -4.04   -3.99   -3.98   -3.89   -3.82   -3.85   -3.81   -3.55   -3.49
  750.00   -5.39   -5.38   -5.16   -5.12   -5.10   -5.10   -5.01   -4.82   -4.39   -3.95   -2.83   -2.40   -2.16   -2.08   -2.09   -1.98   -1.84   -1.82   -1.84   -1.96   -2.19   -2.30   -1.61   -1.75
  775.00   -4.59   -4.50   -4.30   -4.29   -4.29   -4.23   -4.10   -3.93   -3.61   -3.18   -2.27   -1.77   -1.51   -1.56   -1.56   -1.42   -1.28   -1.22   -1.23   -1.33   -1.62   -1.83   -1.38   -1.45
  800.00   -3.42   -3.33   -3.26   -3.29   -3.20   -3.04   -2.95   -2.96   -2.94   -2.69   -2.06   -1.53   -1.45   -1.88   -1.98   -1.67   -1.38   -1.23   -1.08   -1.07   -1.29   -1.42   -1.36   -1.34
  825.00   -2.40   -2.37   -2.31   -2.24   -2.07   -1.89   -1.78   -1.78   -2.04   -2.30   -1.98   -1.68   -2.20   -2.35   -1.94   -1.71   -1.39   -1.05   -0.77   -0.54   -0.51   -0.51   -0.87   -0.68
  850.00   -1.97   -1.91   -1.72   -1.41   -1.05   -0.75   -0.64   -0.60   -0.67   -0.96   -0.64   -1.04   -1.18   -0.66   -0.16    0.08    0.06    0.04    0.21    0.51    0.64    0.68    0.38    0.47
  875.00   -0.85   -0.94   -1.06   -0.97   -0.54    0.02    0.36    0.50    0.63    0.66    1.22    1.07    0.99    1.67    2.19    2.43    2.34    2.16    2.04    2.05    2.04    2.01    1.53    1.57
  900.00    1.37    1.15    0.96    0.91    1.01    1.23    1.54    1.79    1.97    2.07    2.67    2.48    3.12    3.95    4.44    4.68    4.62    4.42    4.12    3.87    3.71    3.57    3.10    3.02
  925.00    3.00    2.76    2.61    2.49    2.35    2.12    1.83    1.57    1.53    1.60    2.90    4.06    5.50    6.35    6.82    7.03    6.91    6.61    6.23    5.97    5.82    5.58    4.91    4.68
  950.00    4.68    4.44    4.25    4.11    3.98    3.82    3.66    3.46    3.26    3.06    3.97    5.63    6.97    7.75    8.23    8.45    8.37    8.10    7.58    7.04    6.68    6.38    5.72    5.50
  975.00    5.94    5.68    5.50    5.39    5.29    5.12    4.97    4.78    4.54    4.41    5.26    6.83    8.29    9.16    9.64    9.84    9.75    9.50    9.13    8.79    8.52    8.27    7.61    7.39
 1000.00    7.36    7.12    6.95    6.82    6.67    6.52    6.33    6.13    5.90    5.78    6.60    8.19    9.65   10.51   10.99   11.20   11.11   10.86   10.49   10.16    9.91    9.69    9.02    8.80
