#  level#  00:00#  01:00#  02:00#  03:00#  04:00#  05:00#  06:00#  07:00#  08:00#  09:00#  10:00#  11:00#  12:00#  13:00#  14:00#  15:00#  16:00#  17:00#  18:00#  19:00#  20:00#  21:00#  22:00#  23:00
    1.00  -23.71  -22.59  -21.80  -22.40  -23.68  -23.92  -24.46  -24.29  -24.51  -24.01  -22.99  -20.75  -19.93  -21.25  -23.04  -22.55  -21.70  -22.07  -22.72  -21.80  -20.17  -19.27  -19.54  -20.53
    2.00  -28.12  -29.56  -29.45  -27.71  -27.23  -26.47  -25.76  -26.23  -25.77  -26.20  -25.62  -25.58  -25.73  -25.48  -26.76  -28.16  -28.60  -28.22  -28.57  -29.94  -30.00  -26.19  -24.03  -24.78
    3.00  -33.27  -34.24  -34.65  -34.94  -34.73  -34.84  -33.32  -31.94  -31.74  -31.88  -32.45  -31.95  -32.61  -33.08  -34.15  -35.64  -36.09  -35.70  -35.77  -37.20  -37.15  -37.15  -35.28  -33.29
   10.00  -49.58  -49.84  -49.26  -48.66  -48.81  -48.60  -48.40  -49.33  -50.45  -50.18  -50.87  -51.27  -50.51  -49.36  -49.65  -49.33  -48.53  -47.48  -45.92  -44.29  -44.05  -44.46  -45.76  -46.35
   20.00  -59.56  -59.10  -60.21  -60.04  -59.60  -58.46  -57.66  -56.81  -58.02  -58.64  -58.03  -57.45  -58.03  -59.29  -59.63  -59.73  -58.79  -58.15  -59.15  -58.26  -56.67  -56.33  -55.30  -55.55
   30.00  -63.40  -63.22  -63.74  -64.38  -65.20  -65.22  -64.90  -64.80  -64.02  -63.65  -63.15  -63.25  -63.16  -62.50  -60.63  -59.74  -60.48  -60.96  -60.57  -60.87  -61.55  -60.94  -60.18  -59.99
   50.00  -63.93  -64.01  -63.45  -63.45  -63.22  -64.15  -64.26  -64.40  -63.66  -62.96  -62.56  -62.80  -63.10  -63.44  -64.41  -64.56  -64.39  -63.24  -61.93  -61.96  -62.57  -62.70  -62.70  -62.49
   70.00  -60.72  -60.43  -60.20  -60.28  -60.30  -60.15  -60.43  -60.73  -61.12  -61.34  -61.18  -60.93  -60.80  -61.04  -61.59  -61.88  -62.65  -63.37  -63.59  -63.13  -62.56  -62.36  -62.08  -62.43
  100.00  -59.03  -59.15  -59.20  -59.39  -59.53  -59.08  -58.89  -58.49  -58.64  -58.88  -58.84  -59.59  -59.51  -59.12  -59.18  -59.31  -58.77  -58.82  -59.14  -59.66  -60.36  -60.52  -60.14  -59.97
  125.00  -55.47  -55.67  -55.88  -56.16  -56.46  -56.44  -56.24  -56.01  -55.66  -55.51  -55.91  -56.52  -56.80  -56.40  -56.02  -56.47  -56.76  -56.92  -56.85  -56.95  -57.03  -57.00  -56.60  -56.37
  150.00  -53.74  -53.63  -53.61  -53.70  -53.68  -53.91  -53.94  -54.31  -53.78  -53.51  -54.10  -54.24  -54.55  -54.57  -54.39  -54.51  -54.53  -54.45  -54.79  -54.80  -54.74  -54.59  -53.74  -53.46
  175.00  -51.64  -51.60  -51.30  -51.34  -51.33  -51.27  -51.09  -51.47  -51.77  -51.53  -51.33  -51.31  -51.69  -52.03  -52.39  -52.70  -53.08  -52.90  -52.74  -52.26  -51.85  -53.09  -53.68  -53.73
  200.00  -49.92  -49.85  -49.78  -49.45  -49.49  -49.43  -49.27  -48.91  -49.52  -49.54  -48.85  -48.67  -49.30  -50.02  -50.70  -51.03  -51.90  -52.41  -52.63  -54.42  -55.33  -54.41  -53.33  -52.76
  225.00  -49.77  -49.48  -49.48  -48.77  -48.65  -48.79  -49.06  -48.44  -48.42  -48.23  -47.15  -47.05  -47.78  -48.68  -49.44  -49.86  -51.09  -53.65  -53.99  -53.70  -52.87  -52.95  -53.31  -53.36
  250.00  -51.15  -50.64  -50.48  -49.89  -49.30  -48.90  -49.17  -49.03  -48.27  -47.85  -46.05  -45.79  -46.56  -47.61  -48.88  -51.00  -51.57  -51.25  -50.62  -50.05  -50.12  -50.10  -50.50  -50.84
  300.00  -49.36  -49.49  -49.78  -50.25  -50.17  -49.71  -49.37  -49.18  -48.93  -48.16  -46.70  -45.09  -45.13  -44.95  -45.35  -45.12  -45.40  -45.28  -45.41  -45.46  -45.33  -45.02  -45.35  -45.74
  350.00  -44.32  -44.58  -45.05  -45.65  -45.93  -45.82  -45.51  -44.98  -44.28  -44.10  -44.11  -43.02  -41.59  -40.72  -39.52  -38.96  -38.88  -38.53  -38.43  -38.42  -38.84  -39.20  -39.47  -39.24
  400.00  -37.64  -37.77  -37.90  -37.97  -38.12  -38.26  -38.40  -38.54  -38.36  -37.78  -37.76  -37.47  -36.40  -35.81  -34.98  -34.33  -33.79  -34.04  -33.42  -33.03  -32.86  -32.75  -32.50  -32.31
  450.00  -29.91  -30.05  -30.37  -31.02  -31.57  -31.68  -31.58  -31.67  -31.77  -31.83  -32.48  -32.71  -31.57  -31.10  -30.56  -29.79  -29.12  -28.97  -29.07  -29.12  -29.28  -28.14  -26.99  -27.12
  500.00  -24.02  -24.39  -24.86  -25.51  -26.10  -26.35  -26.28  -26.42  -26.72  -27.20  -27.31  -28.58  -28.02  -27.41  -26.96  -26.53  -24.89  -23.73  -23.60  -23.52  -23.32  -24.12  -24.15  -24.48
  550.00  -21.42  -21.67  -21.65  -21.64  -21.81  -22.00  -22.05  -22.29  -22.53  -23.13  -23.27  -24.29  -24.38  -24.37  -23.82  -23.23  -22.33  -20.79  -19.73  -19.66  -19.27  -18.97  -19.57  -20.03
  600.00  -18.19  -18.24  -17.85  -17.81  -17.87  -18.03  -17.96  -18.00  -18.33  -18.66  -19.93  -20.12  -20.18  -19.96  -19.81  -19.36  -18.97  -17.75  -17.10  -16.46  -16.45  -16.41  -15.78  -15.70
  650.00  -14.52  -14.41  -14.46  -14.23  -13.95  -14.04  -13.98  -13.98  -14.24  -14.78  -15.90  -16.13  -16.12  -16.07  -16.01  -15.60  -15.19  -14.98  -14.67  -14.00  -13.75  -13.95  -13.94  -12.51
  700.00  -10.98  -11.00  -10.88  -10.62  -10.19  -10.28  -10.34  -10.36  -10.66  -11.07  -12.01  -12.31  -12.59  -12.27  -12.23  -12.13  -12.05  -12.11  -12.17  -11.95  -11.46  -10.47  -10.06   -9.35
  750.00   -7.49   -7.65   -7.53   -7.44   -6.96   -7.03   -6.99   -7.03   -7.35   -7.70   -8.14   -8.41   -8.78   -8.78   -8.80   -8.72   -8.82   -8.94   -9.11   -8.92   -8.53   -7.85   -7.07   -5.77
  775.00   -5.82   -6.05   -5.92   -5.94   -5.57   -5.50   -5.43   -5.44   -5.72   -6.06   -6.23   -6.45   -6.85   -6.97   -7.09   -7.09   -7.18   -7.17   -7.31   -7.25   -6.91   -6.40   -5.63   -4.33
  800.00   -4.22   -4.48   -4.33   -4.40   -4.17   -4.07   -3.93   -3.93   -4.18   -4.46   -4.36   -4.58   -5.03   -5.22   -5.44   -5.51   -5.57   -5.43   -5.56   -5.60   -5.34   -4.82   -4.14   -2.92
  825.00   -2.64   -2.94   -2.80   -2.85   -2.72   -2.73   -2.50   -2.47   -2.71   -2.89   -2.55   -3.08   -3.60   -3.69   -3.95   -3.93   -4.04   -3.84   -3.99   -4.09   -3.84   -3.32   -2.59   -1.37
  850.00   -1.22   -1.54   -1.41   -1.44   -1.39   -1.48   -1.24   -1.18   -1.39   -1.52   -1.25   -1.90   -2.28   -2.28   -2.49   -2.47   -2.57   -2.38   -2.58   -2.67   -2.37   -1.85   -0.79    0.36
  875.00    0.01   -0.26   -0.20   -0.14   -0.12   -0.31   -0.20   -0.29   -0.30   -0.51   -0.23   -0.94   -1.04   -1.06   -1.15   -1.13   -1.12   -0.98   -1.01   -1.07   -0.90   -0.40    0.86    1.88
  900.00    1.49    1.33    1.15    1.37    1.32    1.07    0.85    0.84    0.78    0.73    0.71    0.26    0.13    0.09    0.34    0.52    0.65    0.70    0.84    0.81    0.75    1.09    2.61    3.67
  925.00    3.23    3.11    2.75    3.04    3.01    2.84    2.51    2.48    2.47    2.52    2.58    1.91    1.70    1.63    2.09    2.44    2.73    2.82    2.91    2.81    2.57    2.79    4.48    5.19
  950.00    5.01    4.97    4.87    4.92    4.80    4.67    4.53    4.52    4.53    4.60    4.36    3.82    3.60    3.73    4.40    4.81    4.87    4.88    4.91    4.74    4.45    4.43    5.75    6.36
  975.00    6.62    6.56    6.46    6.54    6.37    6.27    6.21    6.21    6.26    6.39    5.96    5.60    5.44    5.57    6.18    6.55    6.60    6.60    6.63    6.43    6.11    6.06    7.32    7.93
 1000.00    8.30    8.26    8.19    8.26    8.09    8.03    7.99    8.01    8.06    8.17    7.68    7.29    7.17    7.33    7.99    8.29    8.32    8.33    8.37    8.14    7.84    7.76    8.98    9.58
