#  level#  00:00#  01:00#  02:00#  03:00#  04:00#  05:00#  06:00#  07:00#  08:00#  09:00#  10:00#  11:00#  12:00#  13:00#  14:00#  15:00#  16:00#  17:00#  18:00#  19:00#  20:00#  21:00#  22:00#  23:00
    1.00   -6.46   -8.17   -9.97  -11.04  -11.79  -13.03  -13.90  -13.44  -12.59  -12.29  -11.54  -12.09  -10.26   -9.58   -8.11   -5.81   -4.63   -4.29   -4.96   -5.88   -6.08   -6.72   -7.29   -8.95
    2.00   -5.11   -6.36   -6.54   -6.07   -5.97   -7.11   -7.94   -9.56  -10.05   -9.87   -9.97   -9.40   -9.37  -10.15  -10.83  -10.45  -10.24   -7.50   -4.72   -4.95   -5.72   -5.41   -5.08   -4.05
    3.00  -16.56  -16.16  -15.86  -14.27  -13.80  -13.86  -14.76  -15.57  -16.32  -15.28  -15.86  -15.61  -14.43  -13.44  -13.56  -14.10  -14.68  -15.28  -13.81  -14.34  -15.74  -15.60  -14.87  -13.89
   10.00  -38.68  -37.98  -37.52  -37.33  -37.49  -37.33  -37.66  -37.86  -37.99  -38.90  -39.28  -39.02  -38.09  -37.90  -37.61  -36.64  -36.22  -35.76  -35.67  -36.48  -37.33  -38.09  -38.66  -39.03
   20.00  -46.43  -46.93  -47.12  -47.51  -47.14  -46.71  -46.27  -45.25  -44.81  -45.52  -46.51  -45.94  -45.50  -45.75  -45.59  -45.08  -45.20  -45.72  -45.25  -44.47  -44.78  -45.27  -45.62  -45.65
   30.00  -50.95  -50.46  -50.75  -51.32  -52.07  -52.42  -52.44  -51.98  -51.48  -50.88  -50.41  -50.46  -50.64  -50.34  -50.56  -51.25  -51.25  -50.77  -50.61  -50.72  -51.01  -51.24  -51.12  -50.95
   50.00  -56.82  -57.02  -56.62  -56.15  -55.84  -55.33  -55.12  -55.55  -55.94  -56.14  -56.72  -56.77  -56.81  -56.74  -56.24  -55.87  -55.88  -55.65  -55.37  -55.55  -55.95  -56.25  -56.46  -56.68
   70.00  -58.53  -58.81  -59.22  -59.60  -60.08  -60.45  -60.42  -60.04  -59.47  -58.63  -57.77  -58.08  -58.72  -59.21  -59.27  -59.04  -59.02  -59.25  -59.61  -59.88  -59.76  -59.07  -58.34  -58.31
  100.00  -61.96  -61.81  -61.65  -61.42  -61.45  -61.78  -62.09  -62.13  -62.20  -62.20  -61.86  -61.44  -61.34  -61.54  -61.76  -61.78  -61.81  -62.09  -62.29  -62.21  -62.29  -62.42  -62.82  -62.60
  125.00  -62.20  -62.14  -62.05  -61.88  -61.71  -61.79  -62.12  -62.50  -62.96  -63.52  -64.00  -63.94  -63.70  -63.49  -63.38  -63.33  -63.21  -63.10  -63.00  -62.77  -62.69  -62.70  -62.89  -62.72
  150.00  -62.91  -62.91  -62.85  -62.81  -62.64  -62.35  -62.18  -62.13  -62.03  -62.04  -62.21  -62.52  -62.83  -63.07  -63.29  -63.44  -63.42  -63.42  -63.61  -63.84  -63.98  -64.04  -63.50  -63.62
  175.00  -58.71  -58.87  -59.00  -59.13  -59.33  -59.38  -59.38  -59.42  -59.37  -59.30  -59.36  -59.44  -59.54  -59.66  -59.80  -59.92  -59.97  -59.96  -59.98  -60.04  -60.10  -60.11  -60.03  -60.18
  200.00  -56.57  -56.81  -56.78  -56.62  -56.34  -56.10  -55.88  -55.74  -55.62  -55.39  -55.16  -55.07  -55.11  -55.13  -55.11  -55.07  -55.00  -54.97  -55.03  -55.11  -55.13  -55.08  -55.10  -55.05
  225.00  -52.28  -52.28  -52.31  -52.26  -52.21  -52.15  -52.04  -51.89  -51.76  -51.55  -51.25  -51.07  -51.04  -51.05  -51.04  -51.02  -50.97  -50.92  -50.90  -50.88  -50.85  -50.76  -50.42  -50.17
  250.00  -46.42  -46.47  -46.53  -46.58  -46.61  -46.62  -46.61  -46.56  -46.44  -46.28  -46.12  -46.02  -45.96  -45.94  -45.93  -45.88  -45.81  -45.73  -45.65  -45.58  -45.55  -45.60  -45.51  -45.44
  300.00  -36.32  -36.34  -36.42  -36.52  -36.56  -36.51  -36.42  -36.35  -36.32  -36.34  -36.42  -36.28  -36.09  -35.96  -35.89  -35.87  -35.87  -35.91  -36.00  -36.09  -36.21  -36.38  -36.60  -36.87
  350.00  -26.84  -26.77  -26.76  -26.84  -26.96  -27.04  -27.09  -27.15  -27.24  -27.37  -27.56  -27.56  -27.50  -27.46  -27.47  -27.52  -27.60  -27.65  -27.67  -27.65  -27.60  -27.58  -27.76  -27.88
  400.00  -19.26  -19.22  -19.26  -19.46  -19.74  -19.92  -20.00  -20.03  -20.03  -20.05  -20.25  -20.28  -20.24  -20.17  -20.15  -20.15  -20.17  -20.17  -20.18  -20.18  -20.14  -20.11  -20.30  -20.32
  450.00  -13.24  -13.41  -13.55  -13.64  -13.74  -13.84  -13.89  -13.88  -13.82  -13.77  -13.86  -13.88  -13.86  -13.81  -13.76  -13.73  -13.72  -13.71  -13.73  -13.78  -13.81  -13.78  -13.89  -13.92
  500.00   -8.86   -9.01   -9.14   -9.14   -9.12   -9.14   -9.19   -9.19   -9.11   -8.99   -9.22   -9.06   -8.86   -8.71   -8.57   -8.41   -8.28   -8.19   -8.14   -8.17   -8.24   -8.26   -8.49   -8.63
  550.00   -4.36   -4.20   -4.18   -4.25   -4.37   -4.51   -4.62   -4.69   -4.73   -4.75   -5.43   -5.44   -5.33   -5.22   -5.10   -4.97   -4.83   -4.70   -4.55   -4.42   -4.40   -4.37   -4.74   -4.93
  600.00   -0.00    0.00   -0.02   -0.12   -0.23   -0.33   -0.37   -0.37   -0.41   -0.43   -0.96   -1.00   -0.98   -0.94   -0.91   -0.87   -0.87   -0.89   -0.91   -0.89   -0.87   -0.77   -0.79   -0.63
  650.00    3.93    3.99    3.86    3.64    3.46    3.35    3.33    3.37    3.41    3.45    3.34    3.35    3.43    3.50    3.55    3.60    3.65    3.64    3.62    3.64    3.65    3.70    3.86    4.07
  700.00    5.83    5.96    6.06    6.14    6.25    6.41    6.72    7.08    7.30    7.37    7.25    7.16    7.14    7.22    7.35    7.57    7.77    7.92    8.05    8.15    8.21    8.25    8.55    8.59
  750.00    8.99    8.92    8.81    8.69    8.63    8.67    8.92    9.33    9.72   10.02   10.10   10.26   10.48   10.76   10.90   11.10   11.37   11.71   12.05   12.30   12.39   12.42   12.65   12.63
  775.00   10.43   10.36   10.20    9.99    9.80    9.73    9.87   10.17   10.48   10.75   10.98   11.14   11.50   11.84   12.28   12.68   13.06   13.47   13.87   14.13   14.23   14.29   14.39   14.40
  800.00   11.25   11.27   11.18   11.03   10.89   10.85   10.98   11.22   11.45   11.65   12.09   12.27   12.45   12.96   13.49   13.99   14.46   14.90   15.29   15.58   15.74   15.91   15.94   16.02
  825.00   11.78   11.77   11.74   11.70   11.68   11.76   11.97   12.28   12.53   12.77   13.27   13.45   13.80   14.19   14.58   14.99   15.44   15.92   16.28   16.58   16.86   17.17   17.31   17.38
  850.00   11.72   11.71   11.87   11.98   12.16   12.41   12.73   13.13   13.52   13.77   14.14   14.42   14.83   15.23   15.73   16.10   16.32   16.65   17.06   17.40   17.72   18.09   18.42   18.44
  875.00   10.41   10.37   10.42   10.78   11.43   11.91   12.24   12.76   13.16   13.76   14.39   15.16   15.83   16.51   17.04   17.36   17.61   17.68   17.71   18.07   18.50   18.77   19.04   18.97
  900.00   10.42   10.26   10.05   10.11   10.25   10.38   10.57   10.71   11.28   12.40   13.73   14.26   14.90   15.60   16.10   16.52   17.41   18.31   18.58   18.50   18.73   19.19   19.48   19.52
  925.00   11.68   11.56   11.49   11.37   11.24   11.18   11.11   11.08   11.27   11.64   12.91   14.20   15.48   16.46   17.13   17.44   17.43   17.16   17.32   18.05   18.57   19.11   19.53   19.72
  950.00   13.23   13.10   13.03   12.93   12.82   12.84   12.78   12.88   13.23   13.57   14.63   15.54   16.43   17.26   17.83   18.09   18.08   17.93   17.67   17.30   17.23   17.65   18.23   18.49
  975.00   14.74   14.68   14.55   14.50   14.45   14.43   14.49   14.76   15.06   15.53   16.44   17.30   17.99   18.53   18.85   18.90   18.75   18.50   18.18   17.79   17.58   17.77   18.06   18.29
 1000.00   16.47   16.41   16.25   16.21   16.13   16.10   16.14   16.41   16.72   17.22   18.11   18.96   19.59   20.04   20.25   20.23   20.10   19.90   19.62   19.29   19.10   19.21   19.55   19.81
