#  level#  00:00#  01:00#  02:00#  03:00#  04:00#  05:00#  06:00#  07:00#  08:00#  09:00#  10:00#  11:00#  12:00#  13:00#  14:00#  15:00#  16:00#  17:00#  18:00#  19:00#  20:00#  21:00#  22:00#  23:00
    1.00  -22.37  -23.53  -23.51  -24.12  -23.00  -22.34  -22.56  -24.15  -24.04  -22.42  -21.18  -20.70  -20.79  -20.22  -19.29  -19.02  -19.66  -20.30  -20.58  -19.82  -19.74  -21.35  -24.03  -23.65
    2.00  -20.92  -21.99  -23.28  -22.69  -22.63  -22.97  -25.27  -26.60  -27.18  -27.30  -27.15  -24.92  -23.20  -21.74  -20.91  -20.34  -19.28  -18.61  -19.37  -19.45  -19.40  -20.06  -21.60  -23.55
    3.00  -24.06  -24.55  -25.53  -25.46  -26.34  -27.10  -26.52  -27.37  -27.99  -29.57  -29.40  -29.20  -28.73  -27.75  -27.97  -26.99  -26.99  -25.86  -24.82  -23.98  -22.39  -21.30  -21.75  -24.20
   10.00  -49.86  -49.59  -49.72  -50.50  -51.08  -50.69  -51.49  -51.56  -51.43  -51.67  -51.68  -51.03  -49.20  -49.99  -50.05  -49.73  -49.72  -49.06  -48.40  -48.78  -49.19  -49.62  -50.76  -51.19
   20.00  -58.27  -58.25  -57.94  -57.70  -57.52  -57.39  -56.91  -57.77  -58.34  -58.09  -57.66  -57.06  -56.01  -55.46  -56.19  -56.21  -55.83  -56.20  -57.25  -57.60  -58.01  -57.91  -57.36  -57.43
   30.00  -58.37  -59.44  -59.72  -59.92  -60.34  -61.31  -60.41  -59.31  -58.40  -58.48  -59.12  -59.83  -60.37  -60.25  -59.60  -59.03  -58.50  -58.19  -58.68  -59.03  -59.15  -59.39  -59.14  -58.77
   50.00  -58.97  -59.05  -59.69  -60.00  -59.58  -59.68  -60.24  -60.51  -61.05  -61.18  -60.62  -60.74  -60.55  -60.67  -61.37  -62.12  -62.28  -62.27  -61.65  -61.47  -60.99  -61.09  -60.95  -60.83
   70.00  -58.97  -58.61  -58.72  -59.21  -59.32  -58.69  -58.99  -58.59  -58.84  -59.63  -59.96  -60.96  -61.31  -60.91  -60.67  -60.98  -61.19  -61.32  -61.42  -61.46  -61.51  -61.16  -61.64  -62.15
  100.00  -58.18  -58.32  -58.21  -58.65  -59.53  -59.72  -59.61  -59.49  -58.92  -58.66  -58.99  -58.53  -58.64  -58.87  -58.84  -58.61  -58.61  -58.69  -58.97  -59.29  -59.71  -59.90  -59.02  -58.21
  125.00  -56.05  -56.17  -55.79  -55.62  -56.09  -56.96  -57.08  -57.53  -57.45  -57.48  -57.99  -57.98  -58.18  -58.86  -59.41  -59.47  -59.41  -59.21  -58.96  -58.42  -57.95  -57.96  -57.81  -58.37
  150.00  -55.91  -56.30  -56.67  -56.23  -55.50  -55.68  -55.40  -55.87  -56.05  -56.28  -57.13  -57.45  -57.57  -58.07  -58.38  -58.36  -57.80  -57.52  -57.56  -57.60  -57.63  -57.57  -57.21  -57.30
  175.00  -56.50  -57.28  -58.09  -58.56  -58.45  -58.75  -57.85  -56.56  -57.02  -56.72  -55.68  -55.81  -55.92  -56.08  -56.39  -56.96  -57.58  -58.69  -59.25  -59.43  -59.21  -58.93  -59.16  -59.33
  200.00  -59.82  -60.43  -60.55  -61.80  -62.13  -61.38  -61.32  -60.92  -61.53  -61.71  -62.63  -61.72  -60.61  -59.91  -59.84  -59.96  -61.05  -62.26  -63.13  -63.78  -64.57  -65.56  -65.92  -64.39
  225.00  -60.02  -60.56  -60.49  -60.95  -61.08  -61.09  -63.08  -64.77  -65.11  -64.33  -63.90  -63.17  -62.53  -61.52  -60.47  -58.75  -58.89  -59.18  -59.67  -60.17  -60.79  -61.09  -61.80  -62.36
  250.00  -57.65  -57.90  -58.29  -58.40  -58.65  -58.97  -58.68  -58.76  -59.02  -58.64  -58.03  -57.85  -57.55  -57.51  -56.93  -54.98  -54.44  -54.35  -54.23  -54.36  -54.55  -54.70  -55.39  -55.96
  300.00  -48.41  -48.32  -48.39  -48.45  -48.47  -48.52  -48.48  -48.71  -47.85  -47.49  -47.26  -47.53  -47.25  -46.87  -46.29  -47.01  -46.14  -44.92  -44.57  -44.90  -45.09  -45.28  -45.51  -45.69
  350.00  -39.82  -39.27  -39.26  -39.01  -39.37  -39.46  -39.23  -39.00  -38.20  -37.94  -37.92  -38.26  -37.78  -37.74  -37.47  -38.06  -38.41  -38.61  -38.13  -37.78  -37.32  -37.06  -36.80  -36.58
  400.00  -33.53  -33.09  -33.13  -32.11  -32.00  -31.98  -31.42  -30.86  -29.78  -30.34  -30.14  -30.18  -30.00  -30.28  -30.63  -31.30  -31.63  -31.73  -31.76  -31.27  -30.83  -30.79  -30.64  -31.05
  450.00  -27.94  -27.96  -28.04  -27.21  -26.38  -25.83  -25.43  -24.62  -24.07  -24.41  -24.02  -23.38  -24.03  -24.30  -24.97  -25.69  -25.97  -25.85  -25.76  -25.58  -25.52  -25.55  -25.42  -25.90
  500.00  -22.68  -22.65  -21.93  -21.75  -21.25  -20.58  -20.43  -19.36  -19.32  -19.00  -18.14  -17.47  -18.81  -19.13  -19.81  -20.37  -20.73  -20.68  -20.48  -20.22  -20.22  -20.11  -20.22  -20.53
  550.00  -17.69  -17.54  -16.32  -16.53  -16.35  -16.02  -15.52  -14.94  -14.88  -14.23  -12.88  -13.10  -13.45  -14.64  -15.13  -15.32  -15.62  -15.72  -15.69  -15.60  -15.63  -15.46  -15.39  -15.13
  600.00  -13.61  -12.90  -12.07  -12.20  -11.90  -11.60  -11.13  -11.14  -11.09  -10.07   -9.02   -8.92   -8.80  -10.15  -10.51  -10.52  -10.64  -10.92  -11.14  -11.31  -11.43  -11.39  -10.92  -10.48
  650.00   -9.55   -8.95   -8.85   -8.34   -8.06   -7.71   -7.47   -7.63   -7.65   -6.64   -6.05   -5.42   -5.59   -6.02   -6.22   -6.18   -6.30   -6.67   -7.05   -7.36   -7.47   -7.49   -6.54   -6.48
  700.00   -6.13   -5.64   -5.77   -5.05   -4.80   -4.55   -4.41   -4.57   -4.51   -3.76   -3.56   -2.95   -3.15   -2.87   -2.94   -2.76   -2.96   -3.33   -3.70   -4.07   -4.02   -3.85   -2.71   -2.93
  750.00   -3.23   -2.85   -2.56   -2.18   -1.98   -1.84   -1.79   -1.95   -1.83   -1.38   -0.95   -0.82   -0.64   -0.19   -0.09   -0.08   -0.22   -0.32   -0.51   -0.68   -0.62   -0.56    0.25   -0.01
  775.00   -1.78   -1.43   -1.01   -0.76   -0.67   -0.63   -0.62   -0.77   -0.68   -0.33    0.14    0.21    0.66    1.01    1.19    1.28    1.35    1.25    1.06    0.94    0.91    0.99    1.43    1.35
  800.00   -0.45    0.05    0.36    0.56    0.64    0.63    0.58    0.41    0.43    0.65    1.45    1.47    2.12    2.24    2.20    2.61    2.81    2.67    2.51    2.49    2.34    2.42    2.85    2.82
  825.00    1.15    1.66    1.75    2.04    2.13    2.15    2.06    1.77    1.83    2.02    2.80    2.94    3.41    3.35    2.95    3.42    3.83    3.79    3.85    3.87    3.70    3.79    4.31    4.20
  850.00    3.06    3.32    3.25    3.59    3.63    3.62    3.54    3.34    3.46    3.71    3.86    4.32    4.70    4.40    3.59    3.69    4.12    4.43    4.67    4.73    4.83    4.94    5.57    5.42
  875.00    4.65    4.97    4.98    5.18    5.09    5.06    4.88    4.82    4.96    5.34    5.42    6.09    6.39    5.56    4.34    3.78    4.21    4.59    4.97    5.08    5.46    5.90    6.54    6.61
  900.00    6.07    6.60    6.81    6.80    6.63    6.51    6.36    6.28    6.39    6.85    7.00    7.71    7.91    6.75    5.19    4.19    4.11    4.51    4.97    5.20    5.68    6.41    7.10    7.57
  925.00    7.40    8.10    8.36    8.17    7.91    7.84    7.75    7.69    7.78    8.20    8.09    8.77    8.99    8.01    6.19    5.17    4.96    5.09    5.22    5.44    5.76    6.50    7.25    8.00
  950.00    8.10    8.52    8.81    8.90    8.84    8.76    8.64    8.52    8.53    8.88    8.72    9.56    9.95    9.31    8.13    7.24    7.08    7.00    6.82    6.63    6.74    6.96    7.44    8.21
  975.00    9.91   10.45   10.58   10.48   10.53   10.57   10.53   10.49   10.49   10.66   10.29   10.83   11.33   10.71    9.44    8.52    8.42    8.39    8.37    8.34    8.44    8.65    9.22    9.77
 1000.00   11.36   11.88   11.99   11.89   11.98   12.01   11.94   11.87   11.89   12.02   11.64   12.19   12.70   12.09   10.82    9.91    9.83    9.77    9.76    9.77    9.88   10.09   10.63   11.19
