#  level#  00:00#  01:00#  02:00#  03:00#  04:00#  05:00#  06:00#  07:00#  08:00#  09:00#  10:00#  11:00#  12:00#  13:00#  14:00#  15:00#  16:00#  17:00#  18:00#  19:00#  20:00#  21:00#  22:00#  23:00
    1.00   -7.52   -8.51  -10.76  -10.77  -11.96  -12.42   -9.70   -8.33   -9.05   -9.44   -8.46   -7.25   -7.13   -7.53   -7.36   -7.11   -5.44   -4.35   -2.84   -1.95   -1.30   -2.07   -3.89   -5.07
    2.00   -6.06   -6.31   -5.45   -6.48   -6.33   -9.52  -10.75   -9.82   -8.50   -6.87   -6.65   -7.37   -6.41   -5.62   -5.02   -4.94   -4.53   -5.97   -6.61   -6.15   -6.01   -5.01   -5.04   -2.41
    3.00  -10.60  -12.20  -11.57  -12.18  -11.95  -12.42  -14.56  -15.73  -15.94  -14.60  -13.50  -12.92  -12.13  -12.40  -12.40  -12.39  -11.77  -10.78  -12.01  -12.65  -14.40  -14.19  -14.14  -12.97
   10.00  -39.54  -39.27  -38.49  -38.72  -38.69  -38.38  -37.66  -38.13  -38.50  -37.89  -37.88  -38.20  -37.45  -37.81  -37.73  -37.48  -37.78  -37.77  -37.42  -38.00  -38.34  -38.32  -37.58  -37.96
   20.00  -47.89  -48.65  -49.75  -49.42  -48.26  -48.16  -48.41  -49.00  -49.37  -49.45  -48.48  -47.74  -47.78  -48.07  -48.69  -48.86  -48.64  -48.24  -47.04  -46.87  -47.79  -48.65  -48.84  -47.95
   30.00  -53.36  -52.40  -52.63  -52.98  -52.99  -53.22  -53.74  -53.61  -53.13  -53.13  -53.72  -53.43  -53.07  -53.07  -52.59  -52.07  -52.02  -52.33  -53.23  -53.85  -53.44  -52.91  -53.75  -53.46
   50.00  -57.97  -58.16  -58.15  -58.67  -59.08  -58.38  -56.81  -56.30  -56.77  -56.69  -56.37  -56.30  -56.20  -56.21  -56.28  -56.76  -57.48  -58.00  -58.04  -57.21  -56.31  -55.41  -55.44  -55.08
   70.00  -61.30  -61.06  -60.72  -60.40  -60.27  -60.77  -61.37  -61.48  -61.35  -61.15  -60.57  -60.81  -61.11  -60.89  -60.00  -59.02  -58.56  -58.46  -58.49  -58.39  -58.44  -58.66  -58.29  -58.43
  100.00  -62.00  -62.00  -62.10  -62.10  -62.11  -62.16  -62.29  -62.47  -62.55  -62.34  -62.10  -61.37  -60.99  -60.75  -60.63  -60.46  -60.15  -60.00  -60.06  -60.22  -60.12  -59.50  -59.07  -58.86
  125.00  -58.33  -58.44  -58.33  -57.97  -57.61  -57.25  -56.84  -56.77  -57.13  -57.53  -57.77  -57.83  -57.84  -57.87  -57.59  -57.18  -56.50  -55.74  -55.30  -55.01  -54.78  -54.29  -53.95  -53.53
  150.00  -54.69  -54.75  -54.78  -54.51  -54.25  -54.11  -53.92  -53.57  -53.13  -52.79  -52.45  -52.32  -52.09  -51.91  -51.69  -51.63  -51.47  -51.26  -51.00  -50.45  -50.14  -49.94  -49.13  -48.98
  175.00  -51.17  -51.04  -50.90  -50.55  -50.08  -49.76  -49.69  -49.58  -49.24  -48.95  -48.56  -48.51  -48.06  -47.62  -47.28  -46.91  -46.60  -46.37  -46.18  -46.10  -46.79  -47.66  -46.50  -46.66
  200.00  -50.05  -49.93  -49.54  -49.19  -48.94  -48.80  -48.65  -48.42  -47.87  -47.69  -47.08  -46.37  -45.31  -44.45  -44.05  -44.17  -44.95  -45.53  -45.79  -46.26  -46.46  -47.25  -46.76  -48.37
  225.00  -51.25  -51.14  -50.87  -50.23  -49.44  -48.99  -48.78  -48.69  -48.60  -48.24  -47.30  -47.17  -46.94  -46.55  -45.87  -45.74  -46.02  -46.33  -46.91  -47.76  -48.54  -48.94  -49.04  -49.73
  250.00  -46.97  -47.25  -47.61  -47.84  -47.67  -47.18  -46.75  -46.67  -46.81  -47.05  -46.93  -46.73  -47.43  -48.42  -48.80  -49.05  -49.18  -49.79  -50.33  -50.70  -50.35  -49.83  -51.02  -51.03
  300.00  -38.13  -38.32  -38.52  -38.80  -39.32  -39.67  -39.69  -39.79  -39.96  -40.15  -40.97  -41.42  -41.75  -42.10  -42.52  -43.10  -43.53  -43.69  -43.48  -43.20  -43.22  -43.54  -43.97  -43.31
  350.00  -28.95  -29.05  -29.29  -29.63  -30.14  -30.77  -31.34  -31.73  -32.05  -32.33  -33.06  -33.46  -33.58  -33.69  -33.94  -34.00  -33.96  -33.84  -33.71  -33.75  -33.91  -33.96  -34.78  -34.61
  400.00  -21.81  -21.88  -22.40  -23.12  -23.64  -23.99  -24.44  -24.75  -25.09  -25.56  -25.90  -26.03  -25.98  -26.11  -26.15  -26.06  -25.81  -25.62  -25.70  -25.93  -26.14  -26.20  -26.33  -26.56
  450.00  -16.73  -16.75  -17.03  -17.41  -17.70  -18.08  -18.37  -18.57  -18.81  -19.07  -19.09  -19.13  -19.17  -19.24  -19.29  -19.28  -19.16  -19.14  -19.36  -19.47  -19.60  -19.79  -19.72  -19.38
  500.00  -12.02  -12.00  -12.11  -12.26  -12.44  -12.68  -12.73  -12.64  -12.57  -12.62  -12.76  -13.02  -13.32  -13.39  -13.48  -13.57  -13.62  -13.67  -13.86  -14.01  -14.18  -14.26  -14.18  -14.04
  550.00   -6.97   -6.97   -6.98   -6.97   -7.11   -7.36   -7.46   -7.34   -7.13   -7.06   -7.36   -7.62   -7.85   -7.99   -8.14   -8.30   -8.60   -8.97   -9.18   -9.32   -9.53   -9.54   -9.54   -9.71
  600.00   -2.57   -2.86   -2.63   -2.51   -2.77   -3.08   -3.15   -3.09   -2.88   -2.72   -3.02   -3.05   -3.05   -3.00   -3.29   -3.82   -4.25   -4.55   -4.71   -4.90   -5.15   -5.34   -5.73   -6.05
  650.00    0.94    0.98    1.35    1.21    0.83    0.79    0.74    0.68    0.73    0.79    0.67    0.64    0.67    0.58    0.23   -0.45   -0.75   -0.88   -1.20   -1.23   -1.52   -1.83   -2.14   -2.26
  700.00    5.74    5.73    5.78    5.56    5.30    5.13    4.97    4.84    4.67    4.43    4.54    4.12    3.92    3.78    3.38    2.75    2.34    2.02    1.67    1.63    1.52    1.39    1.54    1.39
  750.00    9.77    9.74    9.83    9.71    9.57    9.41    9.22    8.92    8.63    8.31    7.89    7.28    6.95    6.63    6.17    5.53    5.23    4.75    4.20    4.00    3.76    3.58    3.86    3.65
  775.00   11.21   11.21   11.25   11.17   11.14   11.03   10.75   10.28    9.92    9.56    8.91    8.26    7.95    7.58    7.10    6.37    6.21    5.83    5.26    5.01    4.71    4.36    4.48    4.30
  800.00   12.52   12.57   12.50   12.30   12.22   12.02   11.56   10.95   10.60   10.33    9.39    8.87    8.65    8.29    7.75    7.07    6.85    6.56    6.03    5.82    5.64    5.47    5.49    5.35
  825.00   13.68   13.67   13.32   12.94   12.76   12.33   11.82   11.18   10.87   10.62    9.67    9.38    9.22    8.73    7.97    7.50    7.40    7.16    6.80    6.63    6.55    6.58    6.57    6.43
  850.00   14.48   14.25   13.43   12.75   12.45   12.11   11.53   10.99   10.75   10.60    9.78    9.67    9.34    8.70    8.19    8.13    8.25    8.18    8.00    7.57    7.33    7.30    7.17    6.50
  875.00   14.41   13.96   12.80   12.08   11.98   11.71   11.27   10.72   10.50   10.43    9.77    9.65    9.49    9.30    9.44    9.57    9.66    9.42    9.18    8.70    7.99    7.34    6.98    6.38
  900.00   13.57   12.91   12.08   11.68   11.59   11.45   11.20   10.93   10.75   10.75   10.47   10.60   10.74   10.89   11.27   11.07   10.89   10.68   10.29    9.67    8.80    8.16    8.00    7.67
  925.00   12.85   12.48   12.34   12.17   12.05   11.99   11.94   11.92   11.88   12.02   11.95   12.42   12.48   12.43   12.68   12.28   12.13   11.71   11.30   10.68   10.04    9.53    9.70    9.49
  950.00   13.53   13.56   13.38   13.37   13.33   13.24   13.22   13.14   13.26   13.33   13.64   14.12   14.23   14.05   14.14   13.80   13.65   13.10   12.55   11.97   11.65   11.33   11.44   11.25
  975.00   14.97   15.07   14.88   14.84   14.74   14.69   14.70   14.76   14.85   14.98   15.22   15.84   16.10   15.98   16.25   15.89   15.49   14.88   14.40   14.06   13.75   13.43   13.49   13.23
 1000.00   16.65   16.73   16.57   16.50   16.45   16.39   16.41   16.43   16.51   16.72   16.90   17.46   17.66   17.52   17.65   17.33   16.98   16.36   15.89   15.53   15.25   14.90   14.96   14.73
