#  level#  00:00#  01:00#  02:00#  03:00#  04:00#  05:00#  06:00#  07:00#  08:00#  09:00#  10:00#  11:00#  12:00#  13:00#  14:00#  15:00#  16:00#  17:00#  18:00#  19:00#  20:00#  21:00#  22:00#  23:00
    1.00  -12.18  -11.30  -13.06  -14.13  -14.81  -15.02  -14.39  -14.07  -15.21  -16.20  -17.09  -16.03  -14.31  -13.18  -10.34   -8.45   -8.20   -8.28   -8.51   -9.40  -10.32  -12.30  -13.44  -13.49
    2.00  -13.49  -14.55  -14.52  -13.94  -14.47  -16.32  -18.45  -17.54  -14.62  -13.03  -12.66  -14.65  -15.87  -15.85  -14.07  -11.64   -9.34   -8.76  -10.35  -11.11  -11.75  -11.83  -11.61  -11.33
    3.00  -19.51  -18.23  -19.40  -20.40  -19.75  -19.72  -20.40  -21.40  -22.32  -22.64  -21.23  -19.00  -18.34  -19.28  -20.63  -20.36  -19.43  -16.90  -16.15  -16.47  -15.89  -17.22  -19.20  -19.59
   10.00  -43.60  -44.01  -43.58  -42.76  -42.31  -42.04  -41.62  -41.42  -42.14  -43.37  -44.70  -44.68  -43.39  -42.02  -40.92  -40.67  -40.65  -41.18  -41.57  -41.65  -42.05  -42.51  -43.09  -42.62
   20.00  -48.59  -49.29  -50.33  -51.46  -51.66  -51.29  -51.00  -50.38  -49.52  -48.87  -48.12  -47.49  -47.62  -48.65  -49.83  -50.35  -49.88  -49.01  -48.93  -49.20  -48.82  -48.95  -49.65  -50.32
   30.00  -52.57  -52.47  -52.37  -52.54  -52.95  -53.33  -53.43  -52.90  -52.56  -52.63  -52.82  -52.80  -52.82  -52.32  -52.02  -52.06  -52.25  -52.07  -52.01  -52.57  -52.55  -51.88  -51.41  -51.03
   50.00  -59.94  -60.34  -60.11  -59.42  -58.58  -57.96  -57.79  -57.96  -58.28  -58.54  -58.72  -58.98  -58.99  -59.00  -59.04  -58.90  -58.68  -58.63  -58.44  -58.35  -58.53  -58.58  -57.84  -57.59
   70.00  -60.58  -60.76  -60.92  -61.20  -61.67  -62.26  -62.59  -62.56  -62.43  -62.21  -61.52  -61.70  -61.67  -61.44  -61.38  -61.27  -61.18  -61.21  -61.06  -60.53  -60.28  -60.78  -61.29  -61.79
  100.00  -62.41  -62.44  -62.50  -62.51  -62.40  -62.42  -62.48  -62.52  -62.70  -62.80  -62.75  -62.88  -63.05  -63.07  -63.07  -62.99  -62.84  -62.60  -62.64  -62.92  -63.05  -62.93  -62.99  -62.95
  125.00  -61.24  -61.33  -61.51  -61.77  -62.01  -62.19  -62.34  -62.36  -62.44  -62.59  -62.77  -62.85  -62.75  -62.36  -62.14  -62.17  -62.19  -62.14  -62.09  -62.23  -62.51  -62.81  -62.62  -62.66
  150.00  -61.48  -61.95  -62.48  -63.10  -63.57  -63.68  -63.60  -63.33  -63.14  -63.28  -63.02  -62.66  -62.82  -63.21  -63.46  -63.73  -63.89  -63.99  -63.83  -63.56  -63.35  -63.22  -62.40  -62.40
  175.00  -62.34  -62.91  -63.54  -64.34  -65.01  -65.42  -65.65  -65.68  -65.58  -65.48  -65.77  -65.38  -65.03  -64.86  -64.75  -64.76  -64.88  -65.11  -65.39  -65.67  -65.78  -65.74  -65.55  -65.51
  200.00  -60.81  -60.81  -60.74  -60.65  -60.65  -60.72  -60.82  -60.89  -60.95  -61.00  -61.10  -61.10  -61.01  -60.94  -60.88  -60.69  -60.58  -60.53  -60.56  -60.62  -60.66  -60.65  -60.68  -60.71
  225.00  -55.42  -55.13  -55.02  -54.97  -54.99  -55.03  -55.02  -54.99  -54.96  -54.94  -54.86  -54.88  -54.82  -54.75  -54.61  -54.51  -54.42  -54.35  -54.27  -54.24  -54.23  -54.22  -54.26  -54.32
  250.00  -50.30  -49.90  -49.61  -49.58  -49.65  -49.66  -49.55  -49.40  -49.22  -49.03  -48.66  -48.52  -48.37  -48.38  -48.31  -48.18  -48.15  -48.24  -48.33  -48.41  -48.47  -48.46  -48.59  -48.71
  300.00  -40.55  -40.55  -40.35  -39.99  -39.58  -39.26  -39.08  -39.07  -39.07  -39.09  -38.82  -38.78  -38.64  -38.61  -38.65  -38.66  -38.64  -38.61  -38.63  -38.69  -38.74  -38.77  -38.88  -39.02
  350.00  -30.62  -30.75  -30.87  -30.89  -30.74  -30.49  -30.47  -30.57  -30.67  -30.73  -30.71  -30.68  -30.59  -30.58  -30.58  -30.55  -30.52  -30.49  -30.46  -30.37  -30.25  -30.18  -30.07  -30.10
  400.00  -22.40  -22.37  -22.35  -22.29  -22.24  -22.30  -22.44  -22.56  -22.65  -22.71  -22.68  -22.70  -22.76  -22.86  -22.93  -22.94  -22.93  -22.92  -22.88  -22.75  -22.57  -22.49  -22.42  -22.45
  450.00  -15.56  -15.68  -15.69  -15.58  -15.50  -15.54  -15.60  -15.62  -15.63  -15.67  -15.66  -15.67  -15.66  -15.65  -15.63  -15.59  -15.58  -15.61  -15.63  -15.60  -15.55  -15.57  -15.51  -15.55
  500.00   -9.91   -9.91   -9.82   -9.62   -9.47   -9.41   -9.31   -9.19   -9.13   -9.14   -9.21   -9.29   -9.36   -9.38   -9.33   -9.22   -9.16   -9.20   -9.27   -9.33   -9.42   -9.56   -9.56   -9.71
  550.00   -4.78   -4.75   -4.67   -4.48   -4.30   -4.20   -4.04   -3.89   -3.89   -3.96   -4.10   -4.31   -4.52   -4.65   -4.63   -4.42   -4.20   -4.09   -4.00   -3.94   -3.97   -4.06   -4.21   -4.38
  600.00   -0.29   -0.16   -0.13   -0.11   -0.15   -0.31   -0.41   -0.47   -0.53   -0.44   -0.61   -0.59   -0.65   -0.68   -0.64   -0.52   -0.32   -0.11    0.17    0.40    0.48    0.48    0.31    0.15
  650.00    2.70    3.24    3.58    3.65    3.57    3.36    3.17    3.01    2.94    3.06    2.94    3.14    3.23    3.29    3.33    3.33    3.31    3.29    3.37    3.46    3.46    3.50    3.53    3.74
  700.00    5.79    5.85    6.22    6.48    6.57    6.48    6.36    6.29    6.31    6.43    6.58    6.72    6.76    6.72    6.77    6.89    6.95    6.91    6.82    6.61    6.21    5.88    6.19    6.88
  750.00    8.89    8.62    8.43    8.29    8.24    8.26    8.36    8.57    8.86    9.14    9.36    9.40    9.54    9.60    9.12    8.71    8.93    9.11    9.32    9.46    9.49    9.41    9.38    9.32
  775.00   10.25   10.14    9.93    9.67    9.48    9.39    9.42    9.63    9.97   10.31   10.38   10.58   10.69   10.20   10.30   10.95   11.43   11.68   11.81   11.92   12.03   11.99   12.02   11.84
  800.00   11.78   11.76   11.61   11.37   11.13   10.96   10.88   10.98   11.25   11.59   11.62   11.80   11.60   11.89   12.78   13.52   14.03   14.30   14.40   14.48   14.59   14.58   14.60   14.36
  825.00   13.59   13.55   13.39   13.17   12.91   12.67   12.53   12.53   12.67   12.92   12.96   12.95   13.21   14.31   15.26   16.01   16.53   16.81   16.92   16.97   17.05   17.05   17.07   16.56
  850.00   15.42   15.22   14.96   14.66   14.41   14.22   14.12   14.09   14.21   14.34   14.34   14.31   15.55   16.69   17.68   18.43   18.97   19.26   19.34   19.38   19.42   19.45   19.43   18.61
  875.00   16.64   16.50   16.36   16.21   16.10   16.01   15.92   15.82   15.57   15.62   15.17   16.58   17.89   19.12   20.12   20.88   21.41   21.68   21.74   21.72   21.69   21.71   21.69   20.59
  900.00   16.54   16.43   16.48   16.52   16.55   16.56   16.56   16.53   16.55   16.11   17.44   19.05   20.42   21.62   22.61   23.34   23.83   24.08   24.10   24.02   23.96   23.93   23.57   22.40
  925.00   17.78   16.84   16.20   15.78   15.48   15.30   15.16   15.18   15.97   18.12   19.94   21.59   22.99   24.26   25.30   25.99   26.44   26.63   26.58   26.32   25.98   25.61   24.91   23.46
  950.00   19.47   18.52   17.80   17.27   16.87   16.57   16.33   16.43   17.69   20.04   21.90   23.57   24.66   25.82   26.78   27.45   27.90   28.07   28.03   27.82   27.57   27.35   26.64   25.33
  975.00   20.77   19.83   19.12   18.58   18.19   17.88   17.64   17.58   18.84   21.21   23.08   24.74   26.11   27.33   28.28   28.96   29.41   29.59   29.55   29.33   29.06   28.78   28.02   26.69
 1000.00   22.28   21.34   20.64   20.11   19.71   19.41   19.18   19.09   20.31   22.64   24.48   26.15   27.55   28.77   29.73   30.41   30.87   31.06   31.04   30.85   30.59   30.32   29.57   28.25
