#  level#  00:00#  01:00#  02:00#  03:00#  04:00#  05:00#  06:00#  07:00#  08:00#  09:00#  10:00#  11:00#  12:00#  13:00#  14:00#  15:00#  16:00#  17:00#  18:00#  19:00#  20:00#  21:00#  22:00#  23:00
    1.00  -11.46  -11.94  -14.08  -15.97  -15.93  -15.71  -14.37  -13.63  -13.75  -12.59  -10.93  -11.62  -13.12  -12.64  -10.15   -9.54  -10.27  -11.05  -11.95  -11.64  -11.04  -10.13  -10.29  -10.30
    2.00   -8.87   -9.23  -11.21  -13.88  -14.94  -15.52  -16.43  -16.51  -16.85  -16.86  -15.84  -13.59  -12.66  -13.86  -15.00  -13.68  -12.06  -10.57   -9.30  -10.94  -11.62  -11.93  -12.63  -11.79
    3.00  -21.46  -19.09  -18.26  -18.67  -21.00  -22.83  -23.23  -22.12  -22.14  -22.68  -23.10  -21.73  -20.28  -20.08  -21.32  -21.58  -20.91  -20.40  -19.78  -19.07  -19.25  -19.19  -20.59  -22.31
   10.00  -39.09  -39.35  -39.70  -40.61  -40.61  -40.80  -41.50  -41.46  -41.03  -40.24  -40.32  -40.23  -39.97  -39.70  -39.18  -39.13  -39.82  -40.30  -40.19  -39.90  -40.21  -40.91  -41.45  -41.28
   20.00  -46.95  -45.92  -45.44  -45.34  -45.80  -46.49  -46.69  -46.37  -45.70  -45.13  -45.12  -45.67  -46.07  -46.70  -47.11  -46.97  -46.42  -45.74  -45.30  -45.19  -45.07  -45.10  -46.46  -47.53
   30.00  -51.99  -52.19  -51.91  -51.34  -50.61  -50.20  -50.31  -50.87  -51.53  -52.08  -51.68  -51.50  -51.12  -51.03  -51.10  -51.03  -50.83  -50.66  -50.98  -51.17  -51.17  -50.48  -50.52  -51.19
   50.00  -57.15  -56.81  -56.92  -57.01  -57.16  -57.46  -57.25  -57.10  -57.38  -57.35  -57.17  -56.84  -56.67  -56.57  -56.58  -56.96  -57.17  -57.22  -57.35  -57.56  -57.35  -56.82  -56.45  -56.22
   70.00  -58.17  -58.30  -58.62  -58.95  -58.77  -58.81  -59.20  -59.26  -58.86  -58.46  -58.44  -58.26  -57.95  -57.88  -58.00  -58.33  -58.61  -58.35  -58.15  -58.45  -58.90  -58.96  -58.82  -58.47
  100.00  -58.82  -58.72  -58.85  -59.37  -59.84  -60.14  -60.33  -60.47  -60.40  -60.05  -59.66  -59.42  -59.40  -59.61  -59.61  -59.28  -59.21  -59.16  -58.93  -58.66  -58.88  -59.21  -59.39  -59.64
  125.00  -59.32  -59.23  -58.95  -58.76  -58.67  -58.62  -58.70  -59.01  -59.33  -59.49  -59.47  -59.18  -58.84  -58.56  -58.39  -58.19  -58.27  -58.54  -58.65  -58.39  -58.06  -57.89  -58.06  -58.39
  150.00  -58.50  -58.55  -58.51  -58.40  -58.25  -57.98  -57.63  -57.53  -57.69  -58.01  -58.29  -58.28  -58.20  -58.10  -57.98  -57.72  -57.46  -57.42  -57.49  -57.39  -57.21  -56.97  -56.75  -56.94
  175.00  -58.83  -58.85  -58.75  -58.45  -58.17  -57.95  -57.73  -57.65  -57.69  -57.93  -58.28  -58.53  -58.63  -58.47  -58.23  -58.01  -57.66  -57.37  -57.27  -57.14  -57.15  -57.23  -56.96  -57.02
  200.00  -58.28  -58.38  -58.42  -58.43  -58.47  -58.45  -58.23  -57.95  -57.63  -57.40  -57.48  -57.67  -57.94  -58.13  -58.14  -58.07  -57.98  -57.98  -58.10  -57.91  -57.61  -57.42  -57.31  -57.43
  225.00  -54.76  -54.82  -54.81  -54.81  -54.87  -54.99  -55.04  -55.01  -54.86  -54.66  -54.41  -54.43  -54.52  -54.65  -54.72  -54.75  -54.71  -54.69  -54.79  -54.92  -55.00  -55.02  -54.99  -54.99
  250.00  -49.44  -49.48  -49.48  -49.48  -49.50  -49.59  -49.70  -49.76  -49.75  -49.70  -49.44  -49.50  -49.60  -49.74  -49.83  -49.87  -49.83  -49.75  -49.71  -49.69  -49.70  -49.72  -49.74  -49.76
  300.00  -39.44  -39.48  -39.50  -39.53  -39.55  -39.64  -39.75  -39.83  -39.86  -39.83  -39.75  -39.68  -39.63  -39.65  -39.69  -39.73  -39.74  -39.74  -39.77  -39.83  -39.91  -39.96  -40.05  -40.04
  350.00  -30.21  -30.30  -30.36  -30.42  -30.44  -30.47  -30.51  -30.55  -30.57  -30.56  -30.67  -30.63  -30.56  -30.53  -30.53  -30.56  -30.56  -30.51  -30.49  -30.55  -30.64  -30.71  -30.80  -30.82
  400.00  -22.25  -22.21  -22.23  -22.28  -22.30  -22.36  -22.41  -22.47  -22.51  -22.45  -22.53  -22.45  -22.36  -22.33  -22.35  -22.40  -22.43  -22.41  -22.41  -22.48  -22.58  -22.64  -22.56  -22.55
  450.00  -15.97  -15.93  -16.00  -16.10  -16.16  -16.24  -16.30  -16.37  -16.40  -16.32  -16.18  -16.07  -15.95  -15.89  -15.82  -15.82  -15.79  -15.64  -15.58  -15.64  -15.74  -15.80  -15.64  -15.56
  500.00  -10.40  -10.40  -10.48  -10.59  -10.68  -10.78  -10.80  -10.80  -10.81  -10.80  -10.62  -10.65  -10.63  -10.58  -10.48  -10.44  -10.45  -10.39  -10.43  -10.56  -10.67  -10.70  -10.77  -10.65
  550.00   -5.58   -5.66   -5.73   -5.79   -5.84   -5.94   -5.94   -5.91   -5.92   -5.97   -6.03   -6.22   -6.31   -6.30   -6.15   -6.06   -6.10   -6.14   -6.30   -6.47   -6.55   -6.57   -6.61   -6.45
  600.00   -1.17   -1.23   -1.30   -1.42   -1.56   -1.78   -1.85   -1.78   -1.74   -1.74   -2.06   -2.17   -2.21   -2.17   -2.05   -2.02   -2.08   -2.11   -2.24   -2.36   -2.36   -2.28   -2.14   -2.00
  650.00    2.81    2.76    2.67    2.51    2.32    2.10    2.01    2.07    2.16    2.23    1.89    1.87    1.87    1.92    2.03    2.05    2.08    2.13    2.04    1.95    1.91    1.87    1.96    1.99
  700.00    6.63    6.66    6.58    6.41    6.22    6.02    5.91    5.94    5.99    6.01    5.74    5.75    5.77    5.80    5.88    5.88    5.91    6.07    6.14    6.13    6.09    6.03    5.86    5.75
  750.00    9.64    9.71    9.53    9.26    9.14    9.04    9.01    9.10    9.16    9.21    9.32    9.44    9.52    9.61    9.67    9.70    9.70    9.77    9.85    9.87    9.85    9.84    9.54    9.48
  775.00   10.31   10.32   10.18   10.10   10.19   10.22   10.29   10.44   10.54   10.57   11.07   11.22   11.36   11.53   11.68   11.73   11.71   11.70   11.67   11.59   11.54   11.53   11.32   11.28
  800.00   10.55   10.53   10.57   10.78   11.05   11.21   11.34   11.54   11.69   11.78   12.49   12.73   12.95   13.20   13.47   13.60   13.57   13.51   13.40   13.26   13.13   13.07   12.98   12.92
  825.00   11.04   10.95   11.09   11.46   11.84   12.05   12.19   12.43   12.60   12.72   13.53   13.77   14.12   14.52   14.86   14.96   14.84   14.77   14.73   14.60   14.37   14.24   14.12   14.05
  850.00   11.82   11.66   11.86   12.07   12.07   12.21   12.39   12.59   12.82   13.04   13.63   14.12   14.17   14.47   15.21   15.82   15.60   15.10   14.80   14.71   14.57   14.55   14.41   14.46
  875.00   11.13   11.14   11.36   11.60   11.50   11.38   11.45   11.86   12.22   12.57   12.44   11.81   12.61   13.19   13.48   13.85   14.27   14.72   14.35   14.19   14.23   14.49   14.54   14.75
  900.00   10.35   10.46   10.60   10.76   10.72   10.88   11.09   11.27   11.61   11.66   11.58   12.69   13.06   13.42   13.66   13.80   13.91   14.19   14.59   14.52   14.54   14.85   14.95   15.09
  925.00   11.33   11.30   11.39   11.40   11.54   11.64   11.62   11.73   11.84   11.93   12.72   13.47   14.44   15.17   15.61   15.58   15.27   14.78   14.49   14.71   14.89   15.32   15.47   15.61
  950.00   12.99   13.14   13.16   13.25   13.32   13.23   13.14   13.09   13.15   13.91   14.50   15.46   16.41   16.91   17.32   17.29   16.89   16.26   15.78   15.50   15.56   15.82   16.03   16.07
  975.00   14.69   14.66   14.62   14.63   14.75   14.64   14.65   14.82   15.31   16.05   16.64   17.38   18.19   18.51   18.81   18.70   18.24   17.75   17.35   17.16   16.90   16.79   16.81   16.69
 1000.00   16.49   16.49   16.43   16.46   16.56   16.52   16.50   16.47   16.72   17.42   17.97   18.69   19.39   19.66   20.06   20.00   19.70   19.24   18.83   18.59   18.40   18.34   18.53   18.26
