#  level#  00:00#  01:00#  02:00#  03:00#  04:00#  05:00#  06:00#  07:00#  08:00#  09:00#  10:00#  11:00#  12:00#  13:00#  14:00#  15:00#  16:00#  17:00#  18:00#  19:00#  20:00#  21:00#  22:00#  23:00
    1.00  -11.08   -9.65   -7.89   -7.58   -8.75  -10.46  -11.13  -12.31  -12.85  -12.59  -11.91  -10.86  -10.14   -9.84   -8.50   -8.30   -7.58   -7.38   -6.72   -6.33   -7.02   -7.65   -8.05   -7.01
    2.00   -7.35   -7.70   -7.32   -7.35   -8.12   -8.44   -8.98   -9.31   -9.73   -8.70   -6.51   -5.37   -5.99   -7.12   -7.69   -8.82   -8.78   -9.20   -8.96   -8.75   -6.95   -6.66   -7.52   -8.83
    3.00   -9.77  -12.17  -12.97  -11.65  -11.79  -12.22  -11.92  -11.79  -12.88  -13.45  -12.83  -11.72   -9.23   -7.69   -6.85   -8.10   -9.04  -10.31  -10.78  -10.65  -10.26   -9.85   -8.65   -8.26
   10.00  -47.96  -47.64  -48.02  -47.34  -46.73  -45.74  -45.70  -46.24  -47.19  -47.20  -46.21  -46.28  -45.71  -45.81  -45.86  -45.75  -45.66  -46.13  -46.88  -47.68  -47.36  -47.16  -46.52  -46.16
   20.00  -59.33  -58.32  -57.86  -58.92  -60.32  -61.12  -60.62  -59.70  -58.77  -58.12  -57.97  -58.09  -58.47  -59.17  -59.18  -58.32  -57.41  -57.66  -58.16  -58.36  -58.36  -58.57  -59.46  -59.33
   30.00  -61.33  -61.28  -61.20  -60.48  -59.81  -59.90  -60.87  -62.06  -62.82  -63.09  -63.06  -62.87  -62.35  -61.55  -60.78  -60.63  -60.36  -60.18  -59.91  -59.29  -59.41  -60.17  -60.30  -60.75
   50.00  -60.12  -59.57  -59.63  -59.96  -60.33  -60.83  -60.99  -61.04  -61.22  -61.40  -61.46  -61.14  -60.81  -60.48  -60.41  -60.95  -61.23  -61.17  -60.94  -60.71  -60.78  -61.19  -60.89  -61.06
   70.00  -60.30  -60.59  -60.71  -60.86  -60.76  -60.36  -60.15  -59.88  -59.51  -59.27  -59.47  -59.72  -60.19  -60.46  -60.35  -60.13  -59.98  -60.26  -60.52  -60.28  -59.71  -59.38  -59.84  -59.74
  100.00  -55.41  -55.67  -55.82  -55.84  -56.28  -56.53  -56.69  -56.91  -56.90  -56.71  -56.67  -56.46  -56.70  -57.04  -57.30  -57.44  -57.52  -57.49  -57.45  -57.43  -57.35  -57.53  -57.45  -57.66
  125.00  -53.23  -53.28  -53.88  -54.04  -54.34  -54.80  -55.00  -55.09  -55.32  -55.50  -55.55  -55.41  -55.38  -55.48  -55.58  -55.65  -55.85  -55.90  -55.79  -55.56  -55.01  -54.58  -54.50  -54.56
  150.00  -52.31  -52.24  -52.79  -52.95  -52.68  -52.50  -52.44  -52.19  -52.15  -52.39  -52.68  -52.81  -52.85  -52.99  -53.05  -52.89  -52.81  -52.64  -52.51  -52.72  -52.72  -52.49  -52.58  -52.86
  175.00  -53.24  -53.37  -53.43  -53.69  -53.61  -53.12  -52.87  -52.45  -52.14  -52.40  -52.70  -52.70  -52.52  -52.33  -52.25  -52.21  -52.19  -52.32  -52.28  -52.79  -53.65  -54.38  -54.69  -55.67
  200.00  -52.78  -53.26  -53.56  -53.93  -54.62  -55.08  -55.63  -55.99  -55.86  -55.79  -55.63  -55.35  -55.11  -54.94  -54.97  -55.35  -55.54  -55.88  -56.13  -56.72  -57.69  -58.63  -59.17  -60.04
  225.00  -54.23  -54.88  -55.45  -55.87  -56.66  -57.30  -57.79  -58.08  -57.98  -57.74  -57.35  -57.59  -57.83  -58.11  -58.21  -58.04  -57.94  -58.12  -58.35  -58.71  -59.42  -60.03  -60.45  -60.80
  250.00  -54.82  -55.19  -55.72  -56.15  -56.67  -57.00  -57.13  -57.35  -57.55  -57.63  -57.41  -57.54  -57.83  -58.14  -58.25  -57.99  -57.85  -57.92  -58.18  -58.34  -58.43  -58.37  -58.30  -58.33
  300.00  -51.78  -51.82  -52.01  -52.18  -52.30  -52.38  -52.59  -52.95  -53.19  -53.27  -53.49  -53.55  -53.58  -53.60  -53.76  -53.91  -53.65  -53.22  -52.99  -52.99  -52.81  -52.44  -51.86  -51.13
  350.00  -46.68  -46.52  -46.49  -46.53  -46.66  -46.80  -46.84  -46.91  -47.06  -47.13  -47.09  -46.95  -46.83  -46.74  -46.71  -46.75  -46.82  -46.70  -46.19  -45.43  -44.96  -44.86  -44.65  -44.50
  400.00  -41.68  -41.12  -40.72  -40.39  -40.17  -40.09  -40.11  -40.17  -40.23  -40.25  -40.09  -40.03  -40.05  -40.12  -40.19  -40.25  -40.22  -40.05  -39.75  -39.22  -38.51  -37.97  -38.11  -37.65
  450.00  -37.09  -36.57  -35.79  -35.12  -34.56  -34.15  -33.91  -33.76  -33.68  -33.63  -33.49  -33.56  -33.65  -33.77  -33.93  -34.06  -34.06  -33.94  -33.79  -33.42  -32.92  -32.41  -32.23  -31.97
  500.00  -31.99  -31.80  -31.48  -30.96  -30.29  -29.58  -29.05  -28.78  -28.71  -28.63  -28.48  -28.45  -28.51  -28.58  -28.52  -28.47  -28.35  -28.25  -28.21  -28.11  -27.94  -27.71  -27.51  -27.08
  550.00  -27.94  -27.59  -27.15  -26.59  -26.17  -25.83  -25.41  -25.08  -24.95  -24.97  -25.20  -25.24  -25.27  -25.18  -24.88  -24.60  -24.24  -23.90  -23.70  -23.58  -23.54  -23.38  -23.32  -23.07
  600.00  -23.71  -23.55  -23.37  -23.03  -22.59  -22.27  -21.92  -21.61  -21.33  -21.17  -21.47  -21.56  -21.51  -21.35  -21.11  -20.83  -20.56  -20.29  -20.05  -19.77  -19.66  -19.63  -19.94  -19.92
  650.00  -19.53  -19.36  -19.21  -19.08  -19.01  -18.99  -18.97  -18.86  -18.59  -18.26  -18.32  -18.17  -18.02  -17.89  -17.72  -17.52  -17.32  -17.20  -17.07  -16.83  -16.66  -16.76  -17.46  -17.80
  700.00  -16.15  -16.03  -15.87  -15.69  -15.65  -15.74  -15.86  -15.97  -15.98  -15.88  -15.78  -15.45  -15.27  -15.15  -15.07  -14.95  -14.74  -14.62  -14.63  -14.62  -14.68  -14.90  -15.33  -15.50
  750.00  -13.81  -13.56  -13.42  -13.33  -13.29  -13.40  -13.53  -13.67  -13.62  -13.46  -13.35  -13.05  -12.85  -12.63  -12.47  -12.43  -12.32  -12.24  -12.27  -12.39  -12.63  -13.00  -13.30  -13.13
  775.00  -12.85  -12.61  -12.47  -12.42  -12.42  -12.52  -12.64  -12.73  -12.65  -12.44  -12.32  -11.99  -11.74  -11.47  -11.27  -11.26  -11.23  -11.21  -11.30  -11.49  -11.86  -12.40  -12.84  -12.40
  800.00  -11.48  -11.56  -11.56  -11.46  -11.46  -11.60  -11.75  -11.84  -11.79  -11.53  -11.33  -10.95  -10.68  -10.41  -10.18  -10.16  -10.19  -10.27  -10.45  -10.77  -11.40  -12.13  -12.49  -11.90
  825.00  -10.60  -10.28  -10.35  -10.37  -10.58  -10.90  -11.16  -11.27  -11.48  -11.15  -10.81  -10.09   -9.77   -9.51   -9.23   -9.24   -9.56   -9.71  -10.11  -10.62  -11.11  -11.13  -10.75  -10.69
  850.00   -9.68   -9.33   -9.45   -9.76  -10.32  -10.63  -10.86  -10.97  -11.09  -10.80  -10.36   -9.77   -9.53   -9.30   -8.97   -9.05   -9.52   -9.77   -9.80   -9.80   -9.50   -9.05   -8.70   -8.48
  875.00   -8.09   -8.38   -8.73   -9.08   -9.18   -9.37   -9.47   -9.46   -9.50   -9.46   -9.25   -9.24   -9.24   -9.08   -8.75   -8.90   -8.66   -8.42   -8.13   -7.67   -7.12   -6.83   -6.67   -6.51
  900.00   -6.72   -7.07   -7.38   -7.63   -7.71   -7.78   -7.79   -7.78   -7.70   -7.63   -7.72   -7.56   -7.34   -7.32   -7.11   -6.84   -6.49   -6.21   -5.87   -5.56   -5.21   -4.99   -4.68   -4.58
  925.00   -5.16   -5.54   -5.66   -5.80   -5.82   -5.86   -5.88   -5.90   -5.83   -5.79   -5.84   -5.52   -5.32   -5.26   -5.15   -4.73   -4.53   -4.30   -4.04   -3.74   -3.45   -3.19   -2.74   -2.66
  950.00   -3.36   -3.76   -3.91   -3.97   -3.91   -3.88   -3.86   -3.88   -3.84   -3.81   -3.81   -3.57   -3.41   -3.35   -3.18   -2.79   -2.58   -2.34   -2.12   -1.82   -1.54   -1.24   -0.75   -0.67
  975.00   -1.33   -1.74   -1.87   -1.90   -1.84   -1.78   -1.77   -1.80   -1.77   -1.69   -1.65   -1.49   -1.31   -1.24   -1.04   -0.70   -0.50   -0.32   -0.24   -0.01    0.31    0.60    1.14    1.21
 1000.00    0.17   -0.21   -0.35   -0.41   -0.36   -0.29   -0.27   -0.29   -0.25   -0.21   -0.21   -0.06    0.14    0.21    0.41    0.74    0.98    1.19    1.34    1.59    1.89    2.22    2.77    2.83
