#  level#  00:00#  01:00#  02:00#  03:00#  04:00#  05:00#  06:00#  07:00#  08:00#  09:00#  10:00#  11:00#  12:00#  13:00#  14:00#  15:00#  16:00#  17:00#  18:00#  19:00#  20:00#  21:00#  22:00#  23:00
    1.00  -14.94  -13.31  -13.56  -15.07  -16.26  -15.99  -14.57  -14.16  -14.96  -13.86  -12.79  -11.58  -11.90  -11.91  -11.77  -13.42  -13.67  -13.23  -12.90  -13.29  -13.23  -13.04  -14.26  -14.86
    2.00  -18.79  -17.23  -16.25  -15.83  -18.03  -20.44  -22.09  -24.06  -24.84  -24.61  -24.13  -20.88  -18.54  -18.64  -15.76  -15.17  -14.21  -12.94  -12.80  -12.68  -12.37  -12.67  -13.57  -14.85
    3.00  -34.44  -36.63  -37.39  -38.53  -39.45  -39.98  -40.27  -41.36  -43.24  -43.58  -43.03  -42.24  -41.52  -42.15  -40.45  -41.55  -42.93  -40.45  -35.85  -34.74  -32.76  -29.82  -27.74  -26.44
   10.00  -59.92  -60.16  -60.41  -60.47  -60.55  -60.19  -59.74  -58.82  -57.77  -57.28  -57.87  -58.51  -58.67  -58.79  -58.52  -58.09  -58.52  -59.26  -59.20  -59.14  -58.99  -58.87  -59.66  -59.62
   20.00  -63.93  -64.87  -65.43  -65.01  -64.47  -63.81  -64.00  -64.30  -64.42  -64.19  -63.70  -63.50  -63.24  -63.21  -63.78  -63.42  -63.24  -63.79  -63.93  -64.04  -64.06  -63.63  -63.73  -63.19
   30.00  -62.89  -63.76  -64.44  -64.42  -64.49  -63.92  -63.71  -63.97  -63.98  -63.82  -63.79  -63.80  -63.31  -62.50  -62.99  -63.46  -63.51  -63.85  -63.92  -63.36  -62.68  -62.28  -62.29  -62.70
   50.00  -61.81  -61.73  -61.93  -61.91  -62.20  -62.43  -61.73  -61.49  -61.65  -61.93  -62.41  -61.97  -61.92  -61.81  -62.02  -62.58  -62.66  -62.26  -61.72  -61.27  -60.87  -60.63  -60.95  -61.08
   70.00  -60.87  -60.83  -60.75  -60.60  -60.40  -60.71  -60.91  -60.87  -60.76  -60.50  -60.23  -59.86  -59.93  -60.19  -60.53  -60.95  -61.19  -61.10  -60.78  -60.32  -59.93  -59.75  -60.39  -60.06
  100.00  -57.68  -57.82  -57.73  -57.86  -58.03  -58.10  -58.20  -58.06  -57.72  -57.50  -57.49  -57.61  -57.71  -57.77  -57.64  -57.68  -57.95  -58.27  -58.54  -58.71  -58.55  -58.21  -57.98  -57.85
  125.00  -55.69  -55.65  -55.27  -55.00  -55.13  -55.28  -55.41  -55.49  -55.43  -55.29  -54.98  -54.74  -54.74  -54.81  -54.81  -54.86  -55.02  -55.30  -55.43  -55.53  -55.51  -55.36  -55.21  -55.11
  150.00  -53.67  -53.82  -53.68  -53.33  -53.14  -53.00  -52.96  -52.97  -52.94  -53.06  -53.22  -53.07  -53.01  -52.94  -52.76  -52.64  -52.54  -52.67  -52.75  -52.75  -52.72  -52.75  -52.96  -52.76
  175.00  -51.59  -51.97  -52.07  -51.99  -52.06  -52.03  -52.02  -52.08  -52.01  -51.78  -51.76  -51.92  -52.03  -52.01  -51.76  -51.60  -51.54  -51.58  -51.67  -51.64  -51.52  -51.55  -52.02  -52.23
  200.00  -50.33  -50.62  -51.03  -51.10  -51.22  -51.27  -51.24  -51.30  -51.28  -50.94  -50.55  -50.43  -50.56  -50.77  -50.83  -50.81  -50.90  -50.98  -51.09  -51.11  -50.98  -50.77  -50.70  -50.71
  225.00  -49.92  -49.93  -50.34  -50.51  -50.60  -50.63  -50.56  -50.69  -50.82  -50.75  -50.60  -50.23  -49.91  -49.99  -50.34  -50.34  -50.25  -50.11  -49.97  -49.84  -49.70  -49.54  -49.24  -49.14
  250.00  -50.74  -50.77  -51.11  -51.15  -50.91  -50.62  -50.43  -50.74  -51.25  -51.41  -51.34  -51.04  -50.72  -50.64  -50.94  -50.79  -50.32  -50.02  -49.70  -49.43  -49.26  -49.26  -49.29  -49.46
  300.00  -51.10  -51.00  -51.21  -51.65  -52.06  -52.23  -52.12  -51.81  -51.45  -51.38  -51.45  -51.49  -51.36  -50.90  -50.60  -50.75  -50.48  -49.95  -49.42  -49.14  -49.00  -49.07  -49.13  -49.26
  350.00  -46.59  -46.64  -46.66  -46.65  -46.63  -46.57  -46.49  -46.41  -46.30  -46.18  -46.11  -46.04  -45.93  -45.94  -46.14  -46.26  -46.45  -46.80  -47.13  -47.30  -47.50  -47.87  -48.49  -48.89
  400.00  -39.22  -39.22  -39.19  -39.16  -39.15  -39.12  -39.08  -39.10  -39.15  -39.18  -39.08  -39.17  -39.30  -39.28  -39.18  -39.25  -39.49  -39.86  -40.45  -41.08  -41.58  -41.90  -41.81  -41.82
  450.00  -32.74  -32.64  -32.49  -32.41  -32.43  -32.47  -32.54  -32.67  -32.83  -32.93  -32.86  -32.90  -32.94  -33.01  -33.14  -33.40  -33.71  -34.06  -34.58  -35.03  -35.22  -35.18  -34.89  -34.90
  500.00  -26.79  -26.71  -26.51  -26.40  -26.45  -26.56  -26.68  -26.84  -27.02  -27.15  -27.05  -27.14  -27.25  -27.44  -27.72  -28.02  -28.29  -28.55  -28.84  -29.08  -29.21  -29.21  -29.26  -29.27
  550.00  -21.34  -21.43  -21.36  -21.28  -21.32  -21.44  -21.58  -21.70  -21.87  -22.01  -22.19  -22.30  -22.44  -22.67  -22.84  -22.91  -22.94  -23.02  -23.15  -23.27  -23.30  -23.25  -23.36  -23.21
  600.00  -16.45  -16.70  -16.86  -17.00  -17.10  -17.19  -17.33  -17.46  -17.59  -17.67  -17.82  -17.90  -17.90  -17.95  -18.02  -17.97  -17.86  -17.76  -17.71  -17.70  -17.62  -17.50  -17.51  -17.35
  650.00  -12.38  -12.58  -12.69  -12.83  -12.95  -13.00  -13.10  -13.25  -13.41  -13.47  -13.20  -13.15  -13.21  -13.46  -13.79  -13.92  -13.86  -13.70  -13.51  -13.38  -13.24  -13.10  -12.97  -12.66
  700.00  -10.15  -10.30  -10.14   -9.92   -9.71   -9.53   -9.49   -9.63   -9.81   -9.87   -9.61   -9.47   -9.54   -9.86  -10.19  -10.30  -10.29  -10.13   -9.85   -9.60   -9.47   -9.41   -9.26   -8.89
  750.00  -10.53  -10.61  -10.48  -10.05   -9.43   -9.00   -8.61   -8.16   -7.88   -7.79   -7.44   -7.53   -7.80   -8.07   -8.22   -7.96   -7.54   -7.17   -6.82   -6.66   -6.50   -6.35   -6.17   -5.89
  775.00  -10.32  -10.39  -10.30   -9.93   -9.35   -9.01   -8.58   -7.94   -7.38   -7.02   -6.83   -6.90   -7.14   -7.44   -7.45   -7.41   -7.29   -6.88   -6.29   -5.90   -5.62   -5.31   -5.18   -4.81
  800.00   -9.09   -9.07   -9.04   -8.95   -8.77   -8.49   -8.14   -7.57   -6.96   -6.33   -6.06   -5.89   -5.99   -5.85   -5.62   -5.32   -5.15   -5.02   -4.89   -4.68   -4.42   -4.10   -4.00   -3.64
  825.00   -7.38   -7.46   -7.46   -7.42   -7.44   -7.46   -7.27   -6.94   -6.55   -5.92   -5.56   -5.03   -4.76   -4.46   -4.09   -3.60   -3.21   -3.02   -2.96   -2.86   -2.72   -2.52   -2.47   -2.23
  850.00   -5.26   -5.36   -5.46   -5.52   -5.66   -5.88   -6.12   -6.14   -5.83   -5.21   -4.72   -4.09   -3.56   -3.38   -2.96   -2.25   -1.71   -1.41   -1.21   -1.08   -0.94   -0.75   -0.72   -0.59
  875.00   -3.10   -3.21   -3.32   -3.51   -3.82   -4.14   -4.40   -4.55   -4.61   -4.34   -3.52   -3.13   -2.74   -1.88   -1.17   -0.75   -0.40    0.04    0.31    0.52    0.68    0.86    1.07    1.23
  900.00   -1.02   -1.23   -1.45   -1.63   -1.82   -2.02   -2.30   -2.56   -2.76   -2.92   -2.26   -1.57   -0.57    0.36    1.09    1.49    1.67    1.82    1.91    1.88    1.76    1.75    1.98    2.08
  925.00    0.78    0.56    0.32    0.08   -0.13   -0.34   -0.53   -0.72   -0.92   -1.05   -0.14    0.75    1.74    2.68    3.39    3.78    3.91    3.93    3.91    3.68    3.21    2.58    1.95    1.63
  950.00    1.87    1.63    1.38    1.14    0.88    0.68    0.53    0.44    0.35    0.45    1.54    2.43    3.43    4.37    5.07    5.44    5.56    5.41    5.15    4.71    4.09    3.40    2.82    2.49
  975.00    3.52    3.29    3.05    2.80    2.57    2.33    2.12    1.92    1.73    1.69    2.74    3.68    4.71    5.64    6.35    6.75    6.89    6.87    6.75    6.40    5.77    5.02    4.32    3.96
 1000.00    4.80    4.56    4.32    4.07    3.86    3.62    3.42    3.25    3.07    3.03    4.09    5.03    6.04    6.98    7.69    8.08    8.22    8.19    8.07    7.72    7.11    6.37    5.67    5.33
