#  level#  00:00#  01:00#  02:00#  03:00#  04:00#  05:00#  06:00#  07:00#  08:00#  09:00#  10:00#  11:00#  12:00#  13:00#  14:00#  15:00#  16:00#  17:00#  18:00#  19:00#  20:00#  21:00#  22:00#  23:00
    1.00  -22.09  -22.24  -23.00  -24.21  -25.50  -25.68  -25.96  -25.78  -25.28  -23.89  -23.14  -22.90  -22.26  -22.06  -22.72  -22.27  -20.76  -20.36  -20.74  -19.93  -17.76  -16.38  -16.82  -17.05
    2.00  -27.34  -29.13  -30.16  -29.48  -27.99  -27.44  -28.33  -29.70  -29.63  -28.79  -26.81  -26.13  -26.19  -26.15  -24.21  -22.87  -20.80  -20.40  -21.86  -24.02  -24.49  -22.29  -20.72  -21.24
    3.00  -30.93  -30.13  -31.19  -33.22  -34.86  -34.95  -34.17  -34.02  -34.83  -35.47  -35.36  -34.55  -32.93  -31.87  -30.88  -30.78  -31.12  -29.98  -27.51  -27.03  -28.34  -28.90  -28.57  -29.42
   10.00  -48.60  -48.03  -48.18  -48.72  -49.04  -48.85  -48.39  -47.40  -46.74  -47.42  -47.25  -47.38  -48.01  -48.68  -48.44  -48.09  -48.69  -49.36  -49.65  -49.17  -48.76  -49.18  -51.42  -52.84
   20.00  -61.28  -61.98  -62.37  -62.44  -62.07  -61.18  -61.34  -62.23  -62.76  -62.47  -61.03  -59.58  -57.52  -56.65  -57.10  -57.81  -58.47  -58.76  -58.60  -58.54  -58.53  -57.61  -56.74  -56.65
   30.00  -63.56  -63.46  -62.81  -62.47  -62.69  -62.99  -63.09  -63.19  -63.47  -63.80  -64.36  -65.07  -65.40  -65.32  -64.74  -63.97  -63.49  -63.54  -63.58  -63.37  -63.50  -63.70  -63.68  -63.27
   50.00  -63.03  -63.20  -63.71  -64.36  -64.84  -64.82  -64.43  -64.15  -64.17  -64.47  -64.66  -64.86  -64.75  -64.59  -64.84  -65.45  -65.73  -65.79  -65.99  -65.84  -65.22  -64.70  -63.85  -63.85
   70.00  -63.43  -64.09  -64.34  -64.22  -64.26  -64.61  -64.92  -65.02  -65.09  -65.12  -64.97  -64.55  -64.10  -63.54  -63.03  -62.97  -63.14  -63.16  -63.34  -63.90  -64.56  -65.08  -65.69  -65.36
  100.00  -62.69  -62.81  -63.02  -63.25  -63.46  -63.68  -63.91  -63.80  -63.39  -63.02  -62.94  -62.88  -63.04  -63.38  -63.64  -63.66  -63.58  -63.68  -63.77  -63.58  -63.23  -62.68  -62.27  -62.25
  125.00  -62.15  -61.91  -61.99  -62.15  -62.20  -62.03  -61.91  -61.84  -61.87  -61.95  -61.84  -61.75  -61.60  -61.69  -61.91  -61.89  -61.47  -61.10  -61.08  -61.21  -61.38  -61.52  -61.27  -61.10
  150.00  -65.60  -65.35  -65.14  -64.91  -64.62  -64.28  -64.34  -64.51  -64.72  -64.77  -65.00  -64.84  -64.59  -64.40  -64.12  -64.06  -64.29  -64.11  -63.64  -63.59  -63.57  -63.37  -63.21  -63.03
  175.00  -67.86  -68.27  -68.64  -68.89  -68.99  -68.95  -68.98  -69.05  -69.15  -69.22  -69.41  -69.18  -69.05  -69.12  -69.03  -68.81  -68.85  -68.99  -68.76  -68.34  -68.16  -68.18  -68.25  -68.29
  200.00  -65.94  -66.28  -66.59  -66.87  -67.04  -67.23  -67.38  -67.49  -67.52  -67.52  -67.36  -67.16  -66.86  -66.63  -66.42  -66.20  -65.99  -65.95  -65.98  -65.91  -65.80  -65.78  -65.79  -66.01
  225.00  -61.70  -61.67  -61.72  -61.86  -62.01  -62.21  -62.34  -62.41  -62.41  -62.35  -62.13  -62.05  -61.93  -61.87  -61.91  -61.94  -61.88  -61.78  -61.74  -61.60  -61.38  -61.26  -61.18  -61.22
  250.00  -57.00  -56.75  -56.58  -56.60  -56.78  -56.99  -57.09  -57.06  -57.06  -57.11  -57.14  -57.18  -57.11  -57.06  -57.03  -57.10  -57.14  -57.08  -57.00  -56.87  -56.60  -56.36  -56.14  -56.10
  300.00  -47.68  -47.67  -47.54  -47.42  -47.40  -47.34  -47.26  -47.24  -47.29  -47.37  -47.25  -47.32  -47.37  -47.41  -47.39  -47.35  -47.35  -47.35  -47.33  -47.26  -47.14  -46.94  -46.74  -46.66
  350.00  -38.60  -38.74  -38.93  -39.12  -39.28  -39.39  -39.38  -39.33  -39.25  -39.20  -38.82  -38.76  -38.69  -38.62  -38.58  -38.59  -38.65  -38.73  -38.80  -38.90  -39.06  -39.12  -38.98  -38.66
  400.00  -31.70  -31.60  -31.56  -31.65  -31.70  -31.67  -31.63  -31.65  -31.66  -31.66  -31.54  -31.58  -31.57  -31.53  -31.45  -31.39  -31.38  -31.45  -31.57  -31.70  -31.84  -32.07  -32.31  -32.59
  450.00  -25.30  -25.27  -25.27  -25.30  -25.32  -25.33  -25.33  -25.32  -25.24  -25.01  -24.78  -24.76  -24.78  -24.82  -24.82  -24.86  -24.96  -25.13  -25.38  -25.65  -25.81  -26.03  -26.22  -26.55
  500.00  -20.24  -20.16  -20.08  -19.95  -19.81  -19.69  -19.60  -19.56  -19.51  -19.36  -19.20  -19.15  -19.16  -19.21  -19.24  -19.35  -19.55  -19.80  -20.14  -20.52  -20.82  -21.05  -21.10  -21.30
  550.00  -15.77  -15.60  -15.41  -15.21  -15.05  -14.90  -14.73  -14.62  -14.51  -14.37  -14.26  -14.23  -14.26  -14.33  -14.40  -14.53  -14.69  -14.82  -14.98  -15.17  -15.34  -15.50  -15.53  -15.74
  600.00  -11.31  -11.14  -10.96  -10.79  -10.69  -10.59  -10.44  -10.30  -10.18  -10.07  -10.07  -10.09  -10.19  -10.26  -10.27  -10.33  -10.40  -10.45  -10.52  -10.59  -10.66  -10.75  -10.78  -10.98
  650.00   -7.51   -7.38   -7.18   -6.99   -6.92   -6.85   -6.76   -6.70   -6.60   -6.48   -6.60   -6.58   -6.63   -6.66   -6.58   -6.51   -6.46   -6.44   -6.45   -6.42   -6.38   -6.38   -6.50   -6.61
  700.00   -4.42   -4.33   -4.16   -3.96   -3.82   -3.65   -3.49   -3.40   -3.28   -3.11   -2.91   -2.85   -2.81   -2.79   -2.74   -2.67   -2.57   -2.51   -2.52   -2.45   -2.34   -2.27   -2.37   -2.41
  750.00   -1.47   -1.43   -1.37   -1.32   -1.27   -1.13   -0.91   -0.69   -0.43   -0.17    0.44    0.59    0.79    0.95    1.08    1.16    1.28    1.33    1.29    1.29    1.35    1.38    1.42    1.42
  775.00    0.02    0.08    0.10    0.07    0.03    0.08    0.21    0.45    0.76    1.05    1.74    1.93    2.23    2.55    2.77    2.89    3.04    3.10    3.04    3.01    3.01    2.99    3.12    3.15
  800.00    1.20    1.43    1.51    1.42    1.27    1.19    1.21    1.48    1.85    2.13    2.85    3.02    3.41    3.82    4.12    4.26    4.44    4.59    4.56    4.50    4.43    4.38    4.65    4.74
  825.00    1.06    1.54    1.94    1.76    1.39    1.33    1.35    1.66    2.25    2.79    3.57    3.78    4.15    4.59    4.94    5.05    5.28    5.55    5.65    5.63    5.49    5.40    5.93    6.05
  850.00    0.40    0.85    1.15    0.95    0.76    0.71    0.63    0.84    1.49    2.29    3.26    3.64    4.04    4.60    4.92    4.94    5.23    5.66    6.08    6.14    5.87    5.70    6.68    6.86
  875.00    1.01    1.24    1.24    1.29    1.30    1.22    1.13    0.95    0.96    1.14    2.02    2.35    2.92    3.55    3.98    3.67    3.77    4.58    5.01    4.98    4.58    4.41    5.67    6.48
  900.00    2.05    2.17    2.22    2.31    2.37    2.39    2.31    2.18    1.96    1.89    2.09    1.89    1.85    2.03    2.13    1.95    1.76    1.78    2.16    2.53    2.67    2.96    3.72    4.66
  925.00    3.47    3.38    3.38    3.40    3.48    3.58    3.62    3.49    3.24    3.06    3.14    3.06    3.17    3.25    3.27    3.16    3.07    2.89    3.04    3.02    3.06    3.16    3.31    3.75
  950.00    4.85    4.70    4.61    4.64    4.64    4.75    4.80    4.76    4.62    4.62    4.67    4.70    4.87    5.02    5.02    5.01    4.92    4.78    4.66    4.56    4.54    4.51    4.46    4.61
  975.00    6.29    6.21    6.23    6.18    6.20    6.17    6.22    6.15    6.21    6.28    6.45    6.66    6.81    7.03    7.10    7.07    6.98    6.85    6.71    6.57    6.44    6.34    6.24    6.29
 1000.00    7.87    7.76    7.73    7.78    7.78    7.73    7.76    7.65    7.82    7.91    8.02    8.24    8.39    8.59    8.63    8.61    8.53    8.40    8.27    8.14    8.00    7.87    7.78    7.85
