#  level#  00:00#  01:00#  02:00#  03:00#  04:00#  05:00#  06:00#  07:00#  08:00#  09:00#  10:00#  11:00#  12:00#  13:00#  14:00#  15:00#  16:00#  17:00#  18:00#  19:00#  20:00#  21:00#  22:00#  23:00
    1.00   -4.39   -6.02   -7.08   -7.98   -7.56   -8.59   -8.55   -8.06   -7.07   -6.09   -5.20   -5.26   -5.16   -4.33   -2.35   -2.18   -2.87   -3.25   -2.87   -3.35   -3.66   -3.15   -3.11   -3.67
    2.00   -3.96   -3.82   -5.07   -7.65   -9.42   -9.29   -9.66   -8.67   -7.11   -5.71   -4.30   -4.47   -5.61   -8.03   -9.31   -7.11   -3.80   -2.74   -2.42   -2.49   -3.46   -4.05   -3.29   -2.22
    3.00  -12.21  -12.02  -12.47  -12.78  -14.12  -14.14  -15.39  -17.09  -16.83  -15.84  -14.46  -11.07   -8.62   -8.83  -10.80  -13.98  -15.71  -14.44  -13.32  -12.89  -12.63  -11.78  -12.71  -12.34
   10.00  -38.28  -37.98  -38.41  -38.27  -38.08  -38.74  -39.59  -40.56  -40.72  -40.69  -40.31  -38.63  -36.93  -36.78  -37.40  -38.14  -39.12  -39.21  -38.70  -38.83  -38.85  -38.19  -37.49  -36.67
   20.00  -47.43  -48.24  -48.34  -48.20  -48.30  -48.47  -48.60  -48.66  -48.27  -47.49  -46.68  -46.37  -46.86  -47.86  -48.25  -47.99  -47.12  -46.68  -46.81  -47.25  -47.68  -47.79  -47.40  -46.73
   30.00  -52.36  -52.11  -52.31  -52.76  -53.46  -53.90  -54.28  -54.16  -53.64  -52.90  -52.05  -51.69  -51.65  -51.93  -52.29  -52.81  -52.97  -52.49  -52.24  -52.36  -52.72  -52.49  -51.80  -51.62
   50.00  -55.06  -54.83  -55.07  -55.21  -55.63  -55.73  -55.33  -54.77  -54.58  -54.86  -55.09  -55.25  -55.16  -54.65  -54.09  -53.48  -53.63  -54.05  -54.39  -54.73  -55.08  -55.00  -54.80  -54.08
   70.00  -56.76  -56.16  -55.52  -54.92  -54.69  -55.00  -55.60  -56.12  -56.21  -56.23  -55.95  -55.96  -56.07  -55.83  -55.18  -54.55  -54.21  -54.27  -54.57  -54.77  -54.90  -54.93  -55.06  -55.13
  100.00  -57.49  -57.69  -57.98  -57.96  -57.66  -57.18  -56.74  -56.65  -56.57  -56.44  -55.97  -55.75  -55.70  -56.00  -56.18  -56.36  -56.32  -56.16  -55.85  -55.69  -55.61  -55.63  -55.43  -55.27
  125.00  -55.63  -55.30  -55.15  -55.06  -54.97  -54.89  -54.84  -54.87  -54.90  -54.82  -54.75  -54.49  -54.21  -54.23  -54.45  -54.73  -54.71  -54.78  -54.78  -54.88  -54.86  -54.88  -54.51  -54.37
  150.00  -55.98  -55.69  -55.37  -54.96  -54.50  -54.15  -53.92  -53.80  -53.98  -54.19  -54.34  -54.33  -54.18  -54.15  -53.96  -54.07  -54.28  -54.56  -54.69  -54.84  -54.93  -54.94  -55.06  -54.98
  175.00  -58.29  -57.96  -57.63  -57.54  -58.07  -57.99  -57.72  -57.21  -56.65  -56.44  -56.58  -56.78  -56.56  -56.20  -56.34  -56.70  -57.02  -57.34  -57.56  -57.88  -58.08  -58.02  -57.66  -57.49
  200.00  -59.53  -59.33  -59.91  -60.64  -60.46  -59.98  -59.24  -58.31  -57.18  -56.89  -56.95  -57.52  -57.48  -57.51  -57.94  -58.40  -59.05  -59.50  -59.71  -59.64  -59.70  -60.04  -60.39  -60.76
  225.00  -57.84  -58.09  -58.53  -58.36  -57.92  -58.04  -58.12  -57.98  -57.89  -57.21  -57.61  -57.52  -57.35  -57.69  -58.11  -57.88  -57.90  -58.35  -58.34  -58.27  -58.20  -58.37  -58.69  -58.61
  250.00  -53.43  -53.82  -54.12  -53.88  -54.05  -54.31  -54.45  -54.61  -54.29  -54.34  -54.37  -54.52  -54.73  -55.07  -55.21  -55.38  -55.27  -54.65  -54.30  -53.98  -53.72  -53.25  -53.41  -53.41
  300.00  -43.92  -44.33  -44.53  -44.84  -44.93  -44.77  -44.63  -44.59  -44.85  -45.19  -45.19  -45.12  -45.01  -44.77  -44.68  -44.67  -44.54  -44.29  -44.03  -43.83  -43.66  -43.56  -43.59  -43.59
  350.00  -35.29  -35.34  -35.37  -35.65  -35.89  -35.91  -35.96  -36.13  -36.23  -36.29  -35.95  -36.12  -36.09  -35.94  -35.63  -35.51  -35.37  -35.17  -34.95  -34.97  -34.99  -34.92  -34.72  -34.86
  400.00  -27.86  -27.84  -27.78  -27.83  -28.05  -28.35  -28.50  -28.79  -29.26  -29.15  -28.54  -28.39  -28.40  -28.18  -27.88  -27.66  -27.50  -27.35  -27.25  -27.31  -27.42  -27.52  -27.00  -26.96
  450.00  -21.19  -21.40  -21.45  -21.46  -21.49  -21.88  -22.36  -22.40  -22.65  -23.01  -22.67  -22.23  -22.07  -21.90  -21.46  -21.22  -21.17  -21.15  -21.14  -21.14  -21.10  -21.06  -20.70  -20.86
  500.00  -15.80  -16.13  -16.18  -16.21  -16.33  -16.68  -16.84  -16.89  -16.94  -17.09  -17.16  -16.90  -16.64  -16.38  -16.07  -15.87  -15.84  -16.04  -16.19  -16.25  -16.23  -16.10  -15.76  -16.03
  550.00  -10.97  -11.27  -11.43  -11.40  -11.47  -11.70  -11.89  -12.07  -12.11  -12.01  -11.81  -11.80  -11.83  -11.68  -11.49  -11.37  -11.22  -11.41  -11.67  -11.80  -11.96  -12.01  -12.07  -11.98
  600.00   -6.76   -6.86   -6.91   -6.71   -6.67   -6.94   -7.33   -7.71   -7.92   -8.02   -7.91   -8.04   -8.20   -7.98   -7.88   -7.80   -7.72   -7.73   -8.04   -8.03   -8.19   -8.27   -8.36   -8.24
  650.00   -3.53   -3.24   -3.10   -2.90   -2.87   -3.09   -3.27   -3.39   -3.59   -3.95   -4.42   -5.05   -5.20   -5.24   -5.20   -5.13   -5.28   -5.47   -5.49   -5.28   -5.28   -5.23   -5.04   -4.95
  700.00   -0.46    0.09    0.26    0.29    0.22    0.14    0.27    0.53    0.54    0.02   -0.94   -1.49   -1.89   -2.01   -1.95   -2.01   -2.12   -2.14   -2.06   -2.15   -2.29   -2.22   -2.51   -2.18
  750.00    2.56    3.08    3.41    3.46    3.42    3.54    3.75    4.03    4.12    3.64    2.41    1.67    1.13    1.50    1.43    1.56    1.83    1.78    1.63    1.40    1.34    1.19    0.67    0.72
  775.00    4.14    4.49    4.80    4.95    5.06    5.26    5.46    5.67    5.75    5.26    3.99    3.04    2.81    3.31    3.03    3.22    3.60    3.55    3.34    3.18    3.11    2.87    2.45    2.43
  800.00    5.89    6.14    6.39    6.60    6.80    7.02    7.17    7.31    7.36    6.82    5.70    4.54    4.60    4.73    4.57    4.78    5.20    5.17    4.94    4.91    4.78    4.56    4.20    4.21
  825.00    7.66    7.99    8.21    8.39    8.52    8.67    8.77    8.86    8.96    8.51    7.51    6.14    6.16    6.10    6.04    6.24    6.73    6.74    6.53    6.42    6.13    5.99    5.69    5.86
  850.00    9.39    9.76   10.07   10.28   10.28   10.28   10.31   10.35   10.45   10.03    8.88    8.15    7.96    7.77    7.45    7.64    8.09    8.00    7.74    7.50    7.19    6.94    6.83    7.09
  875.00   10.80   11.26   11.67   12.03   12.03   11.84   11.76   11.84   11.56   10.72    9.93   10.19    9.93    9.38    8.88    8.80    8.98    8.80    8.40    8.08    7.65    7.43    7.48    7.93
  900.00   12.00   12.59   13.03   13.43   13.55   13.38   13.14   12.59   11.89   11.65   11.77   12.21   11.77   10.81   10.12    9.75    9.63    9.26    8.80    8.29    7.87    7.71    7.92    8.48
  925.00   12.97   13.68   14.49   14.94   14.92   14.35   13.46   12.83   12.83   13.35   13.62   14.07   13.53   12.18   11.46   10.92   10.69    9.98    9.56    9.16    8.76    8.57    8.90    9.13
  950.00   13.66   14.26   14.90   15.54   15.74   15.23   14.36   14.00   14.50   15.36   15.81   16.29   15.40   13.75   13.02   12.45   12.27   11.73   11.12   10.58   10.21    9.98   10.18   10.22
  975.00   14.81   15.38   16.03   16.75   17.10   16.63   15.71   15.30   15.94   16.97   17.57   17.91   16.64   14.87   14.19   13.72   13.56   12.99   12.43   12.03   11.79   11.60   11.80   11.69
 1000.00   16.06   16.34   16.30   16.34   16.36   16.06   15.86   16.49   17.42   18.53   19.19   19.37   17.84   16.07   15.54   15.10   15.06   14.58   14.02   13.59   13.41   13.26   13.47   13.36
