#  level#  00:00#  01:00#  02:00#  03:00#  04:00#  05:00#  06:00#  07:00#  08:00#  09:00#  10:00#  11:00#  12:00#  13:00#  14:00#  15:00#  16:00#  17:00#  18:00#  19:00#  20:00#  21:00#  22:00#  23:00
    1.00  -13.26  -14.53  -14.36  -13.11  -14.26  -15.89  -16.59  -17.73  -17.22  -17.78  -17.98  -16.88  -13.81  -11.16  -10.50  -10.36  -11.34  -12.41  -12.47  -12.03  -11.52  -10.82  -12.75  -12.46
    2.00  -13.56  -14.11  -17.49  -19.19  -18.74  -18.84  -18.67  -16.72  -15.31  -13.50  -13.98  -16.22  -17.95  -17.97  -16.85  -17.46  -16.76  -15.53  -15.38  -15.19  -14.55  -13.63  -10.85  -11.81
    3.00  -23.04  -22.56  -22.65  -24.45  -24.40  -25.21  -26.79  -28.03  -27.42  -25.31  -24.20  -21.23  -21.38  -23.11  -21.31  -20.51  -21.55  -23.18  -23.82  -24.15  -25.66  -26.95  -27.68  -25.70
   10.00  -42.81  -43.13  -42.57  -41.97  -42.41  -43.44  -43.85  -43.22  -42.48  -42.44  -42.93  -43.03  -43.26  -42.94  -42.41  -42.30  -42.85  -43.27  -43.69  -44.00  -44.02  -42.38  -41.70  -41.47
   20.00  -50.57  -50.85  -51.59  -51.82  -50.49  -49.08  -48.00  -47.54  -48.09  -48.84  -49.56  -50.33  -51.34  -52.13  -52.65  -51.94  -49.77  -47.52  -46.11  -46.87  -47.43  -48.59  -49.59  -49.92
   30.00  -49.95  -49.85  -49.88  -50.71  -51.51  -51.46  -51.82  -52.78  -53.21  -52.62  -51.58  -50.43  -50.02  -49.98  -50.40  -51.40  -52.08  -52.33  -52.07  -51.63  -52.04  -51.84  -51.70  -51.12
   50.00  -56.58  -57.39  -58.14  -58.15  -57.27  -56.76  -56.96  -56.71  -55.96  -55.49  -55.66  -56.19  -56.45  -56.40  -55.74  -55.74  -56.00  -56.69  -57.38  -56.87  -55.81  -55.81  -56.59  -56.83
   70.00  -56.62  -56.60  -56.72  -56.92  -57.11  -57.16  -57.05  -57.08  -57.16  -57.02  -56.67  -56.38  -56.34  -56.61  -56.72  -56.49  -56.51  -56.08  -56.41  -56.73  -56.55  -56.06  -56.08  -56.06
  100.00  -56.47  -55.78  -55.59  -55.70  -56.08  -56.66  -57.02  -57.06  -57.06  -57.10  -56.69  -56.84  -57.01  -57.09  -56.98  -56.41  -56.24  -55.95  -55.77  -55.74  -55.92  -56.07  -55.05  -54.87
  125.00  -57.43  -57.10  -56.51  -56.04  -55.79  -55.78  -55.92  -55.80  -55.52  -55.22  -54.96  -54.67  -54.44  -54.48  -54.60  -54.40  -54.10  -53.87  -53.47  -53.73  -53.66  -53.77  -53.67  -53.42
  150.00  -56.30  -56.65  -56.66  -56.50  -56.19  -55.80  -55.64  -55.62  -55.41  -54.86  -53.83  -53.41  -53.19  -52.96  -52.85  -52.94  -52.83  -53.09  -52.62  -52.97  -53.03  -52.88  -53.07  -53.17
  175.00  -55.99  -56.51  -56.82  -56.96  -56.85  -56.53  -56.01  -55.65  -55.50  -55.32  -54.17  -53.41  -53.04  -53.17  -53.45  -53.96  -53.75  -53.96  -53.85  -54.15  -54.63  -54.19  -53.22  -53.51
  200.00  -56.62  -56.82  -56.81  -56.64  -56.39  -56.26  -56.17  -55.95  -55.68  -55.48  -55.04  -54.82  -54.68  -55.17  -55.52  -55.85  -56.23  -56.45  -56.10  -55.52  -56.02  -56.81  -56.68  -57.11
  225.00  -54.43  -54.61  -54.71  -54.54  -54.29  -54.14  -54.11  -54.07  -54.10  -54.24  -55.11  -55.31  -55.11  -54.74  -54.82  -54.60  -54.75  -55.02  -55.74  -56.11  -56.73  -56.65  -56.42  -56.11
  250.00  -50.78  -50.89  -51.03  -51.10  -51.07  -51.07  -51.21  -51.31  -51.35  -51.55  -52.35  -52.67  -52.67  -52.58  -52.54  -52.52  -52.67  -52.94  -53.04  -52.79  -52.67  -52.51  -52.50  -52.31
  300.00  -40.93  -40.99  -41.14  -41.23  -41.36  -41.56  -41.78  -42.03  -42.25  -42.49  -43.01  -43.32  -43.47  -43.53  -43.52  -43.36  -42.96  -42.88  -43.07  -43.11  -43.09  -42.89  -42.91  -43.17
  350.00  -33.66  -33.20  -33.03  -33.10  -33.10  -33.06  -33.02  -33.16  -33.54  -34.07  -34.46  -34.66  -34.69  -34.69  -34.64  -34.56  -34.39  -34.28  -34.16  -33.98  -33.82  -33.79  -34.14  -34.37
  400.00  -26.77  -26.56  -26.47  -26.45  -26.45  -26.50  -26.54  -26.67  -26.83  -26.80  -26.97  -27.18  -27.26  -27.26  -27.23  -27.25  -27.19  -27.10  -27.17  -27.25  -27.02  -27.08  -27.18  -26.87
  450.00  -19.96  -19.80  -19.76  -19.78  -19.87  -20.04  -20.26  -20.39  -20.47  -20.55  -20.48  -20.64  -20.75  -20.75  -20.81  -21.10  -21.39  -21.28  -21.24  -21.11  -20.97  -21.12  -21.89  -21.47
  500.00  -14.06  -14.05  -14.15  -14.32  -14.49  -14.53  -14.68  -14.84  -15.05  -15.13  -15.13  -15.22  -15.34  -15.34  -15.45  -15.76  -15.56  -15.71  -15.62  -15.35  -15.34  -15.44  -16.12  -16.20
  550.00   -8.80   -8.94   -9.21   -9.61   -9.99  -10.18  -10.19  -10.27  -10.38  -10.45  -10.73  -10.75  -10.78  -10.71  -10.76  -10.75  -10.54  -10.65  -10.75  -10.52  -10.48  -10.57  -10.88  -10.86
  600.00   -4.27   -4.40   -4.65   -5.08   -5.58   -5.87   -5.96   -6.13   -6.24   -6.29   -6.72   -6.66   -6.59   -6.49   -6.38   -6.36   -6.34   -6.12   -6.34   -6.42   -6.45   -6.70   -7.11   -7.09
  650.00   -0.67   -0.93   -1.02   -1.23   -1.53   -1.83   -1.94   -2.11   -2.20   -2.25   -2.75   -2.75   -2.70   -2.64   -2.45   -2.33   -2.37   -1.93   -2.27   -2.40   -2.37   -2.60   -3.39   -3.24
  700.00    2.83    2.77    2.69    2.54    2.39    2.24    2.06    1.93    1.72    1.54    1.13    1.23    1.33    1.54    1.81    1.82    1.77    2.15    1.77    1.38    1.43    1.30    0.78    0.75
  750.00    6.88    6.88    6.83    6.74    6.72    6.72    6.60    6.53    6.40    6.21    5.98    6.06    6.13    6.15    6.20    6.11    6.10    6.28    6.11    5.87    5.86    5.83    5.70    5.41
  775.00    9.08    9.09    9.04    8.99    8.98    8.98    8.88    8.79    8.68    8.52    8.55    8.46    8.45    8.50    8.58    8.51    8.41    8.47    8.42    8.25    8.20    8.13    8.08    7.43
  800.00   11.37   11.37   11.30   11.21   11.16   11.12   11.02   10.96   10.81   10.62   10.94   10.69   10.71   10.88   10.96   10.98   10.86   10.69   10.64   10.36   10.33   10.24    9.86    9.05
  825.00   13.66   13.59   13.44   13.27   13.18   13.11   12.89   12.92   12.80   12.55   13.09   12.98   12.82   12.95   13.21   13.21   13.21   13.00   12.48   11.78   11.86   11.76   11.45   10.42
  850.00   15.81   15.63   15.36   15.20   15.11   15.05   14.92   14.89   14.69   14.33   15.05   15.05   14.80   14.75   14.75   14.66   14.70   14.61   13.51   12.65   12.73   12.63   12.43   11.48
  875.00   17.46   17.11   16.85   16.80   16.79   16.72   16.60   16.58   16.33   15.86   16.62   16.43   16.01   15.41   15.68   15.60   15.30   15.22   14.17   13.36   13.50   13.28   13.01   12.31
  900.00   18.05   17.74   17.73   17.91   18.05   18.09   18.03   18.01   17.69   17.06   17.55   17.13   16.96   17.07   16.77   16.14   15.51   15.01   14.22   13.59   13.40   13.50   13.90   13.22
  925.00   18.22   18.08   18.26   18.54   18.74   18.87   18.88   18.79   18.45   18.02   17.93   18.06   18.49   18.55   18.22   17.42   16.22   15.50   14.74   14.21   14.08   14.08   14.49   14.03
  950.00   18.10   18.10   18.33   18.52   18.59   18.62   18.69   18.76   18.67   18.17   18.71   19.42   20.11   20.34   19.84   18.86   17.67   16.74   16.01   15.56   15.26   15.00   15.29   15.14
  975.00   18.40   18.44   18.69   18.80   18.83   18.84   18.95   19.12   19.18   19.04   19.61   20.70   21.48   21.64   21.03   19.94   18.74   17.86   17.18   16.88   16.63   16.50   16.86   16.70
 1000.00   19.29   19.46   19.69   19.79   19.82   19.83   19.90   19.99   19.88   19.88   20.72   21.86   22.48   22.38   21.67   20.71   19.78   19.19   18.84   18.59   18.34   18.21   18.53   18.39
