#  level#  00:00#  01:00#  02:00#  03:00#  04:00#  05:00#  06:00#  07:00#  08:00#  09:00#  10:00#  11:00#  12:00#  13:00#  14:00#  15:00#  16:00#  17:00#  18:00#  19:00#  20:00#  21:00#  22:00#  23:00
    1.00  -32.71  -33.39  -31.75  -29.64  -28.45  -26.97  -26.51  -27.52  -29.97  -31.87  -33.47  -32.64  -34.84  -34.16  -33.35  -31.76  -32.73  -36.34  -39.14  -39.90  -38.90  -37.58  -36.92  -40.49
    2.00  -30.40  -31.43  -33.62  -36.54  -38.57  -39.73  -39.93  -40.59  -41.38  -41.67  -42.61  -43.51  -45.30  -47.27  -48.83  -50.07  -50.87  -49.91  -48.88  -48.55  -49.32  -49.15  -50.06  -50.39
    3.00  -41.49  -41.29  -41.16  -42.11  -43.17  -43.45  -43.64  -45.37  -46.59  -46.73  -46.90  -46.72  -47.17  -47.27  -47.45  -48.53  -49.97  -51.12  -51.39  -51.11  -50.00  -48.93  -49.77  -49.17
   10.00  -49.02  -49.20  -49.33  -49.40  -49.40  -48.72  -48.22  -47.61  -47.38  -47.59  -47.89  -48.79  -48.66  -48.12  -47.72  -46.76  -46.49  -45.55  -45.03  -45.28  -46.25  -47.06  -46.79  -47.08
   20.00  -49.24  -48.19  -47.32  -47.32  -47.12  -46.58  -45.51  -45.44  -45.82  -46.55  -45.67  -44.94  -44.73  -44.84  -45.30  -45.88  -45.36  -45.07  -44.88  -44.08  -42.71  -42.20  -41.70  -42.76
   30.00  -50.75  -51.10  -50.62  -50.36  -49.82  -49.70  -49.21  -49.78  -49.79  -48.82  -48.45  -47.99  -49.40  -49.95  -49.04  -49.56  -49.80  -49.70  -49.89  -50.05  -49.85  -49.35  -49.85  -50.30
   50.00  -54.57  -54.80  -55.28  -55.68  -55.77  -55.68  -55.86  -55.87  -55.97  -55.96  -56.72  -56.11  -55.47  -55.42  -56.00  -56.00  -55.99  -55.92  -56.32  -57.10  -57.77  -58.05  -57.56  -57.16
   70.00  -58.36  -58.32  -58.39  -58.77  -59.54  -59.40  -58.87  -58.46  -58.34  -57.93  -57.69  -57.75  -57.58  -57.02  -57.17  -56.85  -56.53  -57.34  -58.16  -58.71  -58.49  -58.34  -58.11  -58.01
  100.00  -60.42  -60.26  -60.16  -59.50  -59.38  -59.56  -60.19  -59.92  -59.44  -59.40  -59.10  -58.57  -58.02  -56.73  -56.09  -56.13  -56.16  -56.68  -57.21  -57.87  -58.71  -59.06  -57.51  -57.74
  125.00  -59.54  -59.41  -59.49  -58.59  -57.61  -56.71  -56.44  -56.49  -56.50  -57.01  -57.14  -57.09  -57.14  -57.12  -56.41  -56.10  -56.55  -56.90  -56.78  -56.97  -57.43  -57.88  -56.37  -56.25
  150.00  -56.80  -57.63  -60.10  -61.76  -62.40  -62.82  -63.16  -63.45  -63.42  -63.60  -62.49  -61.83  -60.93  -60.27  -59.86  -59.00  -58.23  -58.17  -57.96  -58.00  -57.95  -57.85  -58.00  -57.42
  175.00  -62.60  -61.62  -60.67  -59.82  -59.02  -58.55  -57.95  -58.10  -58.22  -58.73  -56.74  -56.92  -57.07  -57.59  -58.02  -57.38  -57.06  -56.91  -56.91  -56.34  -55.51  -55.25  -57.01  -58.03
  200.00  -59.48  -59.24  -58.51  -60.47  -61.32  -60.82  -60.25  -60.19  -60.67  -60.20  -60.55  -58.93  -57.98  -58.20  -58.12  -57.81  -57.44  -57.43  -57.75  -57.92  -58.18  -59.52  -62.20  -63.11
  225.00  -61.07  -61.47  -62.58  -63.11  -62.79  -61.98  -61.73  -61.32  -60.46  -59.77  -60.17  -60.33  -59.43  -58.98  -58.92  -59.13  -59.35  -59.47  -59.53  -59.55  -59.20  -58.71  -59.29  -59.37
  250.00  -57.13  -57.27  -57.07  -57.30  -57.43  -57.55  -57.65  -57.51  -57.28  -56.87  -56.93  -57.93  -56.63  -55.61  -55.35  -55.86  -55.65  -55.37  -54.84  -55.20  -55.51  -55.59  -55.91  -55.51
  300.00  -48.10  -47.55  -47.29  -46.87  -46.52  -47.00  -46.55  -46.59  -46.32  -46.36  -46.41  -46.65  -46.36  -46.74  -46.75  -46.52  -46.54  -45.95  -45.87  -45.51  -45.48  -45.53  -45.34  -45.51
  350.00  -39.34  -39.55  -39.69  -38.67  -38.55  -38.86  -39.17  -38.75  -38.11  -37.82  -37.48  -37.43  -37.87  -37.96  -38.05  -37.82  -37.60  -37.99  -37.60  -37.20  -36.59  -36.59  -36.56  -36.53
  400.00  -32.06  -32.41  -32.26  -31.57  -31.17  -31.20  -31.21  -31.24  -31.62  -30.89  -31.03  -30.31  -30.39  -30.38  -30.46  -30.80  -30.59  -30.54  -30.43  -29.71  -29.63  -29.53  -28.83  -28.57
  450.00  -24.84  -24.79  -24.73  -24.58  -24.69  -24.68  -24.91  -24.88  -24.69  -24.55  -24.80  -24.54  -24.99  -25.03  -24.75  -24.93  -25.20  -24.91  -24.72  -24.70  -24.45  -23.66  -22.79  -22.54
  500.00  -18.58  -18.37  -18.47  -18.55  -19.07  -19.18  -19.25  -19.70  -19.11  -18.76  -19.42  -18.84  -20.13  -20.45  -20.29  -20.38  -20.63  -20.91  -20.76  -21.12  -21.33  -21.07  -20.53  -20.01
  550.00  -13.95  -13.78  -14.23  -14.32  -14.46  -14.44  -14.78  -14.86  -15.60  -14.90  -14.78  -14.95  -16.96  -17.28  -17.68  -18.04  -17.86  -18.13  -18.14  -18.25  -18.26  -17.97  -17.82  -17.44
  600.00  -10.93  -10.84  -11.04  -10.72  -10.56  -10.37  -10.77  -10.81  -11.17  -11.86  -11.51  -11.52  -13.52  -15.16  -15.84  -16.59  -16.73  -17.66  -17.39  -17.37  -17.39  -16.73  -16.28  -14.81
  650.00   -6.53   -6.89   -7.17   -7.31   -7.54   -7.27   -7.53   -7.24   -7.30   -7.97   -8.48   -9.15  -11.34  -11.99  -12.69  -13.76  -14.55  -15.46  -15.73  -15.48  -15.57  -15.38  -15.27  -14.08
  700.00   -4.67   -5.21   -5.33   -4.98   -5.50   -4.48   -4.61   -4.39   -4.29   -4.57   -6.56   -7.56   -8.50   -8.45   -9.63  -10.94  -12.02  -12.07  -12.53  -12.48  -12.44  -12.44  -12.25  -12.38
  750.00   -2.63   -2.92   -2.97   -2.75   -2.90   -2.19   -1.98   -1.78   -2.07   -3.03   -4.98   -5.52   -5.59   -5.31   -6.87   -8.00   -8.98   -8.70   -8.88   -9.10   -9.03   -9.14   -8.88   -8.82
  775.00   -1.25   -1.34   -1.40   -1.21   -1.55   -1.12   -1.53   -1.70   -2.22   -2.85   -3.68   -4.43   -4.27   -3.98   -5.60   -6.53   -7.26   -7.27   -7.26   -7.55   -7.53   -7.52   -7.16   -7.07
  800.00    0.14    0.23    0.19    0.29   -0.09   -0.08   -0.92   -1.43   -1.73   -2.10   -2.26   -3.16   -2.84   -2.81   -4.38   -5.12   -5.62   -5.85   -5.77   -6.07   -6.07   -6.01   -5.56   -5.60
  825.00    1.58    1.68    1.70    1.75    1.28    0.99    0.46    0.01   -0.32   -0.86   -0.91   -1.75   -1.21   -1.77   -3.22   -3.86   -4.12   -4.38   -4.30   -4.60   -4.60   -4.49   -4.02   -3.98
  850.00    3.25    3.34    3.18    3.11    2.64    2.28    2.08    1.69    1.13    0.63    0.44   -0.10    0.34   -0.79   -1.98   -2.50   -2.61   -2.83   -2.82   -3.13   -3.12   -2.99   -2.31   -2.24
  875.00    5.09    5.12    4.66    4.57    4.12    3.77    3.59    3.18    2.62    2.19    1.97    1.82    2.00    0.35   -0.77   -1.16   -1.14   -1.25   -1.41   -1.67   -1.80   -1.70   -0.62   -0.53
  900.00    6.80    6.79    6.41    6.11    5.62    5.26    5.00    4.61    4.13    3.75    3.92    3.79    3.72    1.61    0.47    0.12    0.26    0.27   -0.03   -0.15   -0.37   -0.29    0.93    0.90
  925.00    8.47    8.69    8.41    7.97    7.57    7.06    6.72    6.34    5.83    5.48    5.83    5.54    5.02    3.67    1.79    1.41    1.70    1.84    1.45    1.40    1.30    1.34    2.55    2.52
  950.00   10.48   10.85   10.64   10.26    9.73    9.13    8.60    8.10    7.64    7.16    7.37    7.00    6.76    5.88    4.07    3.49    3.68    3.69    3.27    2.98    3.00    3.14    4.06    4.32
  975.00    8.57    8.49    8.26    8.04    8.09    9.39    9.13    9.09    8.81    8.47    8.54    8.41    8.43    7.68    6.03    5.55    5.52    5.54    5.10    4.91    4.94    5.05    5.83    6.10
 1000.00   12.06   12.36   12.39   12.24   11.83   11.25   10.60   10.21   10.02    9.84    9.93    9.87    9.98    9.24    7.61    7.12    7.09    7.12    6.67    6.47    6.55    6.59    7.62    7.72
