#  level#  00:00#  01:00#  02:00#  03:00#  04:00#  05:00#  06:00#  07:00#  08:00#  09:00#  10:00#  11:00#  12:00#  13:00#  14:00#  15:00#  16:00#  17:00#  18:00#  19:00#  20:00#  21:00#  22:00#  23:00
    1.00  -13.75  -15.24  -15.55  -16.41  -17.16  -17.96  -18.68  -17.86  -17.13  -15.58  -14.35  -14.34  -13.87  -13.80  -11.83  -10.51   -9.32   -8.49   -8.29   -8.83  -10.36  -11.69  -13.46  -15.00
    2.00   -6.40   -6.77   -7.12   -6.71   -8.32   -9.16   -9.88  -11.10  -11.80  -12.40  -10.90  -10.68  -10.48  -11.29  -10.56   -7.97   -6.89   -5.25   -3.76   -2.04   -1.16   -1.56   -1.62   -1.79
    3.00  -13.42  -14.74  -15.74  -14.09  -13.24  -13.21  -12.16  -11.93  -11.00  -10.43   -9.92  -10.32  -10.52  -12.02  -14.10  -14.78  -15.25  -16.35  -15.54  -13.34  -11.38   -9.05   -8.22  -10.05
   10.00  -36.99  -36.29  -34.85  -33.22  -32.31  -31.72  -31.56  -31.75  -31.97  -32.22  -32.57  -33.85  -35.16  -36.01  -38.03  -40.43  -42.83  -44.12  -44.67  -44.33  -44.33  -44.43  -46.82  -47.05
   20.00  -51.98  -53.47  -55.36  -57.08  -58.06  -58.34  -59.16  -60.18  -60.42  -59.74  -58.73  -58.13  -58.50  -58.90  -59.46  -59.59  -59.75  -59.86  -59.96  -60.80  -61.39  -61.39  -61.30  -60.93
   30.00  -63.55  -63.23  -63.51  -64.07  -64.65  -64.65  -64.92  -65.64  -66.23  -67.08  -67.43  -67.73  -67.50  -67.64  -66.83  -66.63  -66.22  -66.12  -66.70  -66.30  -65.60  -65.65  -66.15  -66.75
   50.00  -71.06  -72.09  -72.59  -72.75  -73.49  -74.21  -74.24  -73.67  -73.51  -73.24  -72.09  -72.14  -72.10  -71.87  -71.83  -72.12  -72.82  -72.88  -72.87  -72.98  -72.92  -72.80  -72.78  -72.28
   70.00  -71.08  -71.18  -71.48  -71.68  -72.27  -72.93  -73.76  -74.23  -74.15  -73.52  -72.50  -72.28  -72.30  -72.73  -72.63  -72.63  -72.56  -72.80  -73.45  -73.50  -73.27  -72.85  -72.23  -71.99
  100.00  -68.22  -67.87  -68.11  -68.62  -68.67  -68.74  -68.91  -69.20  -69.21  -69.11  -69.77  -70.04  -69.96  -70.31  -70.56  -70.39  -69.94  -69.46  -69.53  -69.47  -68.75  -68.08  -68.08  -67.92
  125.00  -66.40  -66.76  -66.93  -66.28  -65.60  -65.75  -66.19  -66.11  -66.38  -66.98  -66.07  -66.17  -66.71  -67.06  -66.71  -66.61  -66.56  -67.08  -67.02  -66.54  -66.81  -67.17  -67.73  -67.60
  150.00  -72.94  -72.95  -72.99  -72.84  -73.29  -73.30  -72.56  -73.06  -73.65  -73.60  -73.39  -72.33  -72.29  -72.41  -73.26  -73.39  -72.66  -70.96  -69.59  -69.37  -69.69  -70.01  -70.29  -70.01
  175.00  -74.04  -74.23  -74.28  -74.50  -74.68  -74.23  -73.87  -73.48  -73.79  -73.61  -73.39  -73.34  -73.40  -73.01  -72.43  -72.24  -72.25  -72.12  -72.35  -72.03  -71.56  -70.98  -71.05  -70.84
  200.00  -68.49  -68.51  -68.49  -68.77  -68.72  -68.33  -68.14  -67.84  -67.47  -67.64  -67.71  -67.14  -67.01  -66.84  -66.38  -65.97  -65.90  -66.18  -66.59  -66.72  -66.75  -66.61  -66.58  -66.67
  225.00  -62.00  -61.99  -62.08  -62.20  -62.15  -62.09  -62.14  -61.92  -61.11  -61.14  -61.24  -60.95  -60.45  -60.33  -60.29  -60.22  -59.97  -60.23  -60.71  -61.10  -61.11  -61.11  -61.25  -61.23
  250.00  -56.20  -56.12  -56.10  -56.21  -56.24  -56.30  -56.46  -56.28  -55.58  -55.00  -55.09  -55.05  -54.68  -54.43  -54.39  -54.25  -54.44  -55.09  -55.34  -55.51  -55.62  -55.69  -55.78  -55.81
  300.00  -45.66  -45.50  -45.57  -45.74  -45.82  -45.82  -45.76  -45.53  -45.12  -44.85  -44.19  -44.31  -44.35  -44.42  -44.06  -43.98  -44.92  -45.22  -45.19  -45.35  -45.46  -45.57  -45.81  -46.25
  350.00  -36.30  -36.55  -36.90  -37.05  -36.93  -36.81  -36.43  -36.22  -36.11  -35.89  -35.73  -35.47  -35.21  -34.96  -35.18  -35.84  -36.02  -36.18  -36.34  -35.91  -35.96  -36.14  -36.82  -37.08
  400.00  -29.25  -29.33  -29.27  -29.29  -29.42  -29.05  -28.54  -28.54  -28.82  -28.82  -28.23  -27.82  -27.73  -27.76  -28.50  -29.00  -28.40  -28.17  -28.62  -28.82  -28.10  -28.32  -29.06  -29.05
  450.00  -23.74  -23.37  -23.18  -22.96  -22.71  -22.36  -22.40  -22.42  -22.83  -22.83  -22.85  -22.43  -22.31  -22.45  -23.15  -23.69  -23.48  -23.21  -23.14  -23.27  -22.77  -22.59  -22.71  -22.76
  500.00  -18.42  -17.88  -17.82  -17.57  -16.95  -16.90  -16.97  -17.10  -17.54  -17.89  -18.66  -18.70  -18.43  -18.27  -18.12  -18.10  -18.41  -18.80  -18.28  -17.99  -18.08  -17.77  -17.49  -17.45
  550.00  -13.35  -13.24  -12.83  -12.26  -12.50  -12.79  -12.98  -12.77  -12.96  -13.13  -13.46  -13.67  -13.52  -13.06  -12.68  -12.55  -12.85  -13.25  -13.12  -13.08  -13.38  -13.30  -12.70  -12.81
  600.00   -8.87   -8.58   -8.11   -7.97   -8.39   -8.86   -9.50   -9.53   -8.83   -7.67   -7.65   -7.74   -7.66   -7.56   -7.40   -7.38   -7.54   -7.77   -7.98   -8.21   -8.74   -8.90   -8.80   -8.85
  650.00   -5.12   -4.99   -4.85   -5.20   -5.12   -5.18   -5.55   -5.56   -4.57   -3.44   -2.92   -2.51   -2.78   -2.77   -2.74   -2.73   -2.88   -2.88   -3.10   -3.34   -4.12   -4.50   -4.85   -4.75
  700.00   -2.63   -2.34   -2.20   -2.39   -1.85   -1.43   -1.40   -1.31   -0.98   -0.65    0.35    1.04    1.11    1.31    1.34    1.48    1.36    1.47    1.31    1.00    0.14   -0.42   -0.88   -0.63
  750.00   -0.69   -0.61   -0.05    0.67    1.30    1.94    2.55    2.67    2.84    2.74    3.43    4.13    4.65    5.01    5.01    5.24    5.17    5.32    5.02    4.46    3.91    3.40    2.90    3.14
  775.00    0.87    0.92    1.10    1.92    2.73    3.10    4.11    4.52    4.67    4.52    5.02    5.78    6.43    6.79    6.69    6.85    6.78    6.96    6.64    6.00    5.57    5.23    4.80    4.88
  800.00    2.81    3.01    2.88    3.40    4.19    4.38    5.40    6.08    6.38    6.32    6.79    7.58    8.27    8.61    8.33    8.32    8.35    8.50    8.32    7.68    7.28    7.13    6.86    6.79
  825.00    4.87    5.28    4.95    5.17    5.83    6.02    6.60    7.32    7.86    8.03    8.67    9.39   10.05   10.32    9.88    9.65    9.80    9.99   10.12    9.52    9.20    9.13    9.06    8.81
  850.00    6.82    7.36    7.10    7.11    7.66    7.91    8.12    8.64    9.30    9.59   10.40   10.94   11.39   11.51   11.12   10.71   10.97   11.36   11.86   11.43   11.10   11.08   11.44   11.16
  875.00    8.23    8.76    8.70    8.83    9.27    9.54    9.62   10.01   10.54   10.66   11.47   11.52   11.23   10.76   10.38    9.96   10.17   11.09   12.21   12.29   11.99   12.03   12.75   12.36
  900.00    8.50    8.85    9.04    9.44   10.00   10.18   10.41   10.54   10.74   10.31   11.03   10.22    9.84    9.44    9.24    9.15    9.51   10.13   10.99   11.33   11.16   11.12   12.23   11.79
  925.00    9.31    9.36    9.44    9.66   10.01   10.21   10.45   10.40   10.33   10.07   10.41   10.07   10.18    9.85    9.79    9.61    9.80   10.32   10.90   11.19   11.10   11.05   12.29   11.83
  950.00   10.27   10.11   10.15   10.33   10.58   10.72   10.88   10.82   10.75   10.49   10.93   10.76   10.94   10.99   10.97   10.77   10.81   11.08   11.23   11.54   11.49   11.43   12.55   12.26
  975.00   11.39   11.16   11.07   11.11   11.14   11.10   11.21   11.06   10.99   10.91   11.85   11.96   12.29   12.46   12.44   12.26   12.18   12.26   12.22   12.22   12.12   12.13   13.20   13.04
 1000.00   12.92   12.63   12.48   12.46   12.39   12.23   12.21   12.13   12.14   12.20   13.27   13.42   13.76   13.98   13.99   13.82   13.72   13.75   13.65   13.58   13.50   13.51   14.49   14.37
