#  level#  00:00#  01:00#  02:00#  03:00#  04:00#  05:00#  06:00#  07:00#  08:00#  09:00#  10:00#  11:00#  12:00#  13:00#  14:00#  15:00#  16:00#  17:00#  18:00#  19:00#  20:00#  21:00#  22:00#  23:00
    1.00   -9.22  -11.16  -13.03  -13.61  -14.82  -15.43  -15.05  -12.90   -9.59   -8.22   -7.95  -10.01   -9.85   -9.78   -8.42   -8.95   -9.08   -8.19   -7.02   -5.69   -5.86   -7.00   -7.77   -7.68
    2.00   -7.28   -6.76   -5.59   -5.30   -7.00   -9.67  -11.22  -12.42  -14.24  -14.52  -12.11   -9.03   -6.47   -5.07   -4.70   -4.28   -4.62   -5.36   -5.80   -6.76   -8.29   -8.44   -8.59   -9.04
    3.00  -12.42  -12.89  -11.56  -12.22  -11.87  -12.90  -15.31  -17.32  -17.98  -19.15  -20.14  -19.21  -16.15  -14.54  -11.42   -9.46   -9.33  -10.66  -11.67  -12.59  -13.19  -13.82  -14.09  -15.25
   10.00  -33.43  -34.26  -34.89  -35.61  -37.25  -37.55  -37.14  -37.00  -36.76  -36.19  -34.84  -33.90  -33.25  -33.44  -33.68  -35.01  -35.89  -36.27  -36.01  -35.85  -36.15  -36.42  -36.55  -37.38
   20.00  -49.10  -48.47  -48.88  -49.65  -50.22  -50.65  -50.35  -49.94  -49.72  -49.95  -50.23  -49.89  -49.11  -48.87  -49.16  -49.71  -50.00  -50.22  -50.30  -50.09  -49.48  -48.90  -49.44  -50.23
   30.00  -55.92  -56.04  -55.73  -55.93  -56.30  -57.10  -57.54  -57.14  -56.15  -55.39  -54.30  -53.95  -53.81  -54.05  -54.87  -55.77  -56.45  -56.53  -56.15  -55.69  -55.51  -55.28  -55.30  -55.21
   50.00  -59.96  -60.65  -61.27  -61.94  -62.25  -62.39  -62.48  -62.38  -61.82  -61.07  -60.56  -60.11  -60.20  -60.49  -60.95  -61.43  -61.72  -62.12  -62.40  -62.36  -62.08  -61.52  -60.92  -60.97
   70.00  -64.19  -64.05  -63.97  -64.16  -64.21  -64.07  -64.00  -63.91  -63.73  -63.44  -62.54  -62.80  -63.02  -63.11  -63.08  -63.14  -62.98  -62.92  -62.94  -63.01  -63.15  -63.25  -62.92  -63.10
  100.00  -59.04  -58.92  -58.66  -58.51  -58.47  -58.46  -58.82  -59.50  -60.11  -60.59  -60.97  -61.17  -61.30  -61.31  -61.16  -61.23  -61.18  -61.13  -61.35  -61.53  -61.73  -61.83  -62.38  -62.15
  125.00  -56.51  -56.78  -56.59  -56.30  -56.13  -56.16  -56.19  -56.32  -56.56  -56.85  -57.71  -57.64  -57.62  -57.64  -57.65  -57.67  -57.66  -57.53  -57.55  -57.54  -57.50  -57.63  -58.07  -58.23
  150.00  -54.13  -54.18  -54.35  -54.46  -54.21  -53.85  -53.56  -53.31  -53.12  -53.10  -53.26  -53.22  -53.26  -53.26  -53.33  -53.46  -53.61  -53.26  -52.71  -52.47  -52.54  -52.69  -52.98  -53.19
  175.00  -55.26  -55.67  -55.66  -55.40  -55.02  -54.27  -53.61  -53.47  -53.27  -53.35  -52.96  -53.19  -53.13  -53.20  -53.05  -52.75  -52.64  -52.84  -52.96  -52.96  -52.77  -52.45  -52.00  -51.95
  200.00  -58.27  -58.48  -58.97  -59.42  -59.54  -59.50  -59.24  -58.89  -58.92  -59.11  -58.68  -59.09  -59.35  -59.27  -58.92  -58.68  -58.43  -58.22  -58.19  -57.81  -57.21  -56.88  -57.02  -56.82
  225.00  -56.62  -57.03  -57.29  -57.51  -57.80  -58.16  -58.29  -58.22  -58.06  -57.95  -58.10  -58.24  -58.29  -58.54  -58.84  -58.85  -58.39  -58.15  -57.83  -58.04  -57.96  -57.65  -57.92  -57.95
  250.00  -53.42  -53.75  -53.85  -53.93  -54.02  -54.16  -54.41  -54.68  -54.93  -55.06  -54.99  -54.83  -54.51  -54.32  -54.31  -54.33  -54.32  -54.38  -54.24  -54.18  -54.49  -54.36  -54.22  -54.24
  300.00  -45.49  -45.10  -44.95  -45.02  -45.20  -45.37  -45.47  -45.46  -45.38  -45.28  -44.90  -44.82  -44.68  -44.57  -44.47  -44.42  -44.52  -44.89  -45.14  -44.91  -44.83  -45.06  -45.12  -45.23
  350.00  -37.24  -36.90  -36.50  -36.33  -36.32  -36.40  -36.38  -36.27  -36.21  -36.21  -36.19  -36.13  -36.06  -35.99  -35.94  -35.90  -35.89  -35.92  -36.09  -36.23  -36.20  -36.31  -36.58  -36.73
  400.00  -29.12  -28.95  -28.87  -28.62  -28.45  -28.42  -28.41  -28.38  -28.42  -28.49  -28.38  -28.29  -28.23  -28.18  -28.14  -28.15  -28.15  -28.17  -28.36  -28.51  -28.51  -28.44  -28.62  -28.68
  450.00  -22.52  -22.43  -22.21  -22.13  -22.07  -22.00  -21.95  -21.80  -21.67  -21.69  -21.64  -21.56  -21.55  -21.55  -21.62  -21.82  -21.95  -21.91  -21.88  -21.95  -22.06  -22.16  -22.25  -22.15
  500.00  -16.44  -16.59  -16.50  -16.39  -16.28  -16.18  -16.17  -16.11  -15.96  -15.93  -16.06  -15.97  -15.95  -15.95  -16.01  -16.23  -16.41  -16.40  -16.33  -16.51  -16.65  -16.65  -16.41  -16.20
  550.00  -10.59  -10.86  -10.99  -11.09  -11.18  -11.23  -11.33  -11.29  -11.15  -11.00  -11.12  -10.94  -10.82  -10.78  -10.83  -10.99  -11.11  -11.17  -11.27  -11.45  -11.50  -11.29  -10.83  -10.68
  600.00   -5.39   -5.49   -5.73   -6.05   -6.31   -6.55   -6.83   -6.95   -6.74   -6.51   -6.47   -6.22   -6.07   -6.04   -6.11   -6.31   -6.42   -6.39   -6.40   -6.52   -6.58   -6.38   -5.63   -5.57
  650.00   -1.47   -1.24   -1.26   -1.54   -1.89   -2.27   -2.67   -2.95   -2.91   -2.63   -2.28   -2.07   -1.95   -1.98   -2.10   -2.22   -2.26   -2.32   -2.38   -2.36   -2.28   -2.06   -1.50   -1.81
  700.00    0.77    1.32    1.60    1.47    1.22    0.93    0.63    0.35    0.30    0.48    0.77    0.85    0.71    0.54    0.58    0.92    1.45    1.55    1.39    1.33    1.28    1.37    1.41    1.12
  750.00    1.89    1.80    1.78    1.49    1.10    1.08    1.13    1.19    1.66    2.26    2.52    2.67    2.47    2.17    2.15    2.49    3.36    3.88    3.96    4.24    4.24    4.20    3.66    3.71
  775.00    1.79    1.12    0.95    0.74    0.66    0.64    0.53    0.39    0.92    1.90    2.15    2.24    2.23    2.27    2.56    3.11    3.93    4.38    4.45    4.99    5.17    5.19    4.79    5.07
  800.00    1.99    1.34    0.98    0.50    0.38    0.25    0.12   -0.01   -0.09    0.35    0.48    0.43    0.42    0.42    0.93    1.91    3.41    3.75    3.79    4.71    5.39    5.57    5.78    6.38
  825.00    2.36    1.91    1.43    1.01    0.80    0.63    0.50    0.39    0.17    0.13   -0.08   -0.37   -0.25   -0.17    0.06    0.46    1.56    2.43    3.03    4.02    4.88    5.37    6.46    7.39
  850.00    2.71    2.58    2.17    1.87    1.73    1.60    1.39    1.20    1.10    1.06    0.84    0.89    1.15    1.34    1.39    1.52    1.65    2.14    2.81    3.88    4.69    5.05    6.44    7.60
  875.00    3.71    3.51    3.20    3.07    2.94    2.80    2.77    2.64    2.47    2.46    2.47    2.71    2.82    2.92    3.01    3.04    3.33    3.48    3.59    3.86    4.45    5.16    6.70    7.47
  900.00    5.02    4.80    4.59    4.41    4.35    4.33    4.26    4.21    4.09    4.23    4.30    4.43    4.49    4.59    4.76    4.88    4.91    4.93    4.90    4.86    4.91    4.97    5.56    6.46
  925.00    6.52    6.32    6.26    6.08    5.97    5.92    5.83    5.85    5.85    5.89    5.80    6.24    6.41    6.47    6.52    6.38    6.47    6.46    6.43    6.31    6.21    6.18    6.27    6.68
  950.00    8.30    8.14    8.11    7.90    7.76    7.71    7.53    7.51    7.55    7.70    7.57    8.13    8.29    8.29    8.34    8.17    8.21    8.20    8.08    7.98    7.87    7.72    7.73    7.93
  975.00    9.91    9.73    9.70    9.53    9.41    9.33    9.18    9.21    9.32    9.51    9.48   10.13   10.32   10.29   10.44   10.09   10.03    9.88    9.75    9.67    9.57    9.50    9.47    9.56
 1000.00   11.59   11.42   11.37   11.21   11.10   11.01   10.87   10.88   11.01   11.20   11.14   11.74   11.88   11.79   11.84   11.58   11.58   11.52   11.39   11.29   11.20   11.14   11.12   11.22
