#  level#  00:00#  01:00#  02:00#  03:00#  04:00#  05:00#  06:00#  07:00#  08:00#  09:00#  10:00#  11:00#  12:00#  13:00#  14:00#  15:00#  16:00#  17:00#  18:00#  19:00#  20:00#  21:00#  22:00#  23:00
    1.00  -21.78  -21.57  -23.60  -23.88  -24.79  -24.03  -23.11  -22.93  -22.86  -22.97  -23.39  -24.24  -22.95  -22.31  -21.05  -20.08  -19.47  -18.85  -18.95  -19.60  -20.53  -20.83  -20.59  -20.68
    2.00  -31.40  -29.82  -29.75  -31.07  -32.52  -32.76  -32.90  -32.88  -32.41  -30.94  -29.44  -30.16  -30.38  -30.71  -30.69  -28.83  -28.29  -27.31  -26.15  -25.78  -25.31  -25.78  -26.62  -27.46
    3.00  -40.78  -40.24  -39.96  -38.97  -39.71  -39.71  -40.27  -40.52  -40.66  -40.09  -38.29  -37.58  -37.47  -38.53  -38.71  -38.42  -37.04  -37.70  -38.24  -36.98  -35.13  -33.92  -33.81  -34.93
   10.00  -49.22  -47.47  -47.37  -48.54  -48.92  -49.05  -49.19  -50.06  -50.22  -50.45  -49.58  -50.18  -50.04  -49.12  -48.52  -48.18  -48.48  -49.04  -49.92  -49.98  -50.14  -49.69  -49.56  -49.46
   20.00  -53.11  -52.76  -53.17  -53.77  -54.01  -53.27  -52.52  -51.84  -51.61  -51.35  -52.15  -52.90  -52.77  -52.67  -52.75  -52.83  -52.68  -52.22  -52.01  -52.52  -52.58  -52.73  -52.52  -52.59
   30.00  -57.13  -57.28  -56.90  -56.68  -57.85  -58.33  -57.88  -57.23  -56.63  -56.83  -56.13  -56.12  -56.33  -56.56  -56.91  -56.94  -57.51  -57.04  -55.96  -55.36  -55.59  -55.62  -55.49  -55.97
   50.00  -62.19  -61.89  -62.98  -63.19  -62.01  -61.70  -62.15  -62.84  -63.37  -62.95  -63.02  -63.21  -63.10  -62.88  -63.02  -62.95  -62.57  -62.99  -63.09  -62.60  -62.12  -62.36  -62.91  -63.19
   70.00  -66.57  -65.83  -64.80  -65.52  -66.30  -66.36  -66.31  -66.03  -65.95  -66.20  -65.74  -65.66  -65.78  -65.68  -65.53  -66.03  -66.07  -65.54  -65.69  -65.97  -65.88  -65.47  -64.99  -65.15
  100.00  -66.45  -66.58  -66.87  -66.48  -66.20  -66.09  -66.12  -66.55  -66.38  -66.39  -66.55  -66.98  -67.33  -67.63  -67.15  -66.57  -67.17  -67.89  -68.09  -68.15  -67.92  -67.50  -66.64  -66.59
  125.00  -66.45  -66.56  -66.64  -66.97  -66.87  -66.38  -66.04  -66.30  -66.78  -66.83  -67.23  -67.35  -67.66  -68.17  -68.60  -68.06  -66.98  -66.67  -66.67  -66.52  -66.30  -66.16  -66.04  -65.86
  150.00  -65.67  -65.83  -65.87  -65.74  -66.08  -66.15  -65.28  -64.22  -63.83  -63.88  -64.24  -63.93  -63.67  -63.73  -64.17  -64.31  -63.66  -63.23  -63.43  -63.67  -63.84  -64.07  -64.23  -64.13
  175.00  -64.83  -64.36  -64.22  -63.90  -63.65  -63.92  -64.07  -63.82  -63.23  -62.59  -62.45  -62.30  -61.88  -61.40  -61.68  -62.25  -62.14  -61.85  -62.17  -63.00  -63.78  -64.42  -65.46  -65.92
  200.00  -62.73  -62.61  -62.42  -62.30  -62.24  -62.28  -62.29  -62.12  -61.90  -61.65  -61.44  -60.91  -60.45  -59.84  -59.23  -59.17  -59.31  -59.20  -59.20  -59.90  -60.65  -61.41  -62.25  -62.59
  225.00  -56.92  -57.04  -57.12  -57.21  -57.44  -57.87  -58.10  -58.23  -58.22  -58.08  -57.53  -57.10  -56.79  -56.40  -55.76  -55.34  -55.37  -55.30  -55.07  -55.28  -55.96  -56.47  -56.42  -56.24
  250.00  -51.19  -51.31  -51.47  -51.63  -51.85  -51.96  -51.93  -51.84  -51.78  -51.74  -51.29  -51.33  -51.36  -51.32  -51.08  -50.84  -50.81  -50.71  -50.36  -50.17  -50.32  -50.44  -50.34  -50.34
  300.00  -41.20  -41.23  -41.10  -40.99  -41.03  -41.15  -41.32  -41.41  -41.41  -41.43  -41.09  -41.14  -41.26  -41.43  -41.67  -41.90  -42.09  -42.06  -41.71  -40.95  -40.18  -39.78  -39.46  -39.63
  350.00  -31.61  -31.62  -31.77  -31.92  -32.06  -32.12  -32.27  -32.52  -32.74  -32.97  -33.11  -33.25  -33.27  -33.38  -33.69  -34.09  -34.42  -34.52  -34.23  -33.62  -33.02  -32.44  -31.63  -31.13
  400.00  -25.34  -25.52  -25.60  -25.62  -25.51  -25.37  -25.74  -26.04  -26.06  -26.16  -26.49  -26.41  -26.34  -26.24  -26.23  -26.39  -26.59  -26.70  -26.65  -26.38  -25.97  -25.51  -25.18  -24.93
  450.00  -18.97  -19.17  -19.33  -19.39  -19.38  -19.43  -19.70  -20.07  -20.30  -20.28  -20.40  -20.28  -20.23  -20.19  -20.07  -19.94  -19.91  -19.88  -19.75  -19.50  -19.24  -19.00  -18.93  -19.01
  500.00  -12.81  -13.05  -13.30  -13.54  -13.62  -13.68  -13.90  -14.27  -14.52  -14.59  -14.65  -14.65  -14.60  -14.52  -14.35  -14.17  -14.12  -14.12  -14.08  -13.90  -13.61  -13.36  -13.15  -13.21
  550.00   -7.49   -7.80   -8.08   -8.48   -8.77   -8.88   -8.97   -9.24   -9.50   -9.49   -9.44   -9.46   -9.52   -9.52   -9.40   -9.31   -9.25   -9.20   -9.25   -9.22   -9.07   -8.97   -8.71   -8.69
  600.00   -3.32   -3.65   -3.90   -4.23   -4.55   -4.75   -4.73   -4.76   -4.97   -4.95   -4.91   -4.76   -4.79   -4.87   -4.89   -5.00   -5.07   -4.98   -5.05   -5.08   -4.97   -4.97   -4.87   -4.80
  650.00    0.93    0.75    0.60    0.46    0.31    0.10   -0.03   -0.05   -0.22   -0.34   -0.50   -0.29   -0.25   -0.36   -0.39   -0.50   -0.63   -0.63   -0.71   -0.85   -0.92   -0.96   -0.85   -0.74
  700.00    5.48    5.34    5.22    5.11    4.99    4.81    4.70    4.64    4.50    4.30    4.30    4.22    4.20    4.12    4.05    3.97    3.95    3.97    3.91    3.74    3.55    3.40    3.54    3.54
  750.00    9.19    9.27    9.14    8.94    8.79    8.66    8.75    8.88    8.81    8.69    9.06    8.92    8.72    8.54    8.48    8.49    8.55    8.60    8.46    8.15    7.87    7.69    7.98    7.88
  775.00   10.69   10.84   10.73   10.53   10.38   10.29   10.40   10.61   10.62   10.60   10.86   10.87   10.83   10.66   10.56   10.57   10.66   10.71   10.51   10.16    9.89    9.71    9.81    9.77
  800.00   11.94   12.21   12.16   12.00   11.91   11.82   11.91   12.08   12.11   12.20   12.18   12.30   12.51   12.55   12.58   12.59   12.61   12.65   12.45   12.13   11.84   11.63   11.37   11.32
  825.00   12.75   13.22   13.33   13.32   13.33   13.28   13.33   13.42   13.40   13.49   13.34   13.47   13.79   14.06   14.32   14.46   14.51   14.49   14.29   14.01   13.73   13.48   13.11   12.94
  850.00   13.96   14.13   14.25   14.37   14.51   14.58   14.65   14.68   14.57   14.59   14.64   14.68   14.87   15.24   15.32   15.42   15.66   15.84   15.82   15.68   15.51   15.32   15.08   14.87
  875.00   15.96   15.86   15.72   15.60   15.62   15.66   15.82   15.84   15.73   15.59   15.48   15.57   15.54   15.28   15.85   16.31   16.54   16.86   17.13   17.28   17.29   17.17   16.92   16.78
  900.00   17.27   17.13   16.92   16.71   16.49   16.28   16.12   15.96   15.82   15.74   15.49   15.31   16.16   17.32   18.14   18.59   18.65   18.55   18.49   18.50   18.50   18.39   18.03   17.88
  925.00   18.27   18.01   17.67   17.26   16.95   16.65   16.45   16.21   15.97   15.69   15.87   17.15   18.57   19.79   20.65   21.05   21.04   20.84   20.63   20.41   20.21   19.96   19.42   19.11
  950.00   19.52   19.16   18.63   18.43   17.92   17.45   16.49   16.19   16.09   16.67   17.38   19.00   20.45   21.39   22.16   22.57   22.57   22.33   22.00   21.63   21.00   20.55   20.03   19.64
  975.00   21.14   20.84   20.47   20.04   19.62   19.24   18.93   18.67   18.47   18.41   18.65   20.27   21.69   22.86   23.69   24.10   24.08   23.81   23.55   23.29   23.07   22.82   22.30   21.98
 1000.00   22.54   22.25   21.88   21.48   21.08   20.71   20.41   20.14   19.91   19.82   20.03   21.67   23.11   24.28   25.11   25.53   25.54   25.28   25.02   24.77   24.54   24.29   23.78   23.46
