#  level#  00:00#  01:00#  02:00#  03:00#  04:00#  05:00#  06:00#  07:00#  08:00#  09:00#  10:00#  11:00#  12:00#  13:00#  14:00#  15:00#  16:00#  17:00#  18:00#  19:00#  20:00#  21:00#  22:00#  23:00
    1.00  -23.21  -23.42  -22.72  -21.89  -22.42  -25.29  -27.75  -28.54  -28.63  -27.30  -25.11  -22.17  -20.96  -22.75  -24.39  -23.87  -23.33  -23.94  -23.97  -22.56  -22.63  -23.16  -23.31  -23.56
    2.00  -30.29  -31.82  -32.29  -32.82  -31.32  -29.63  -30.13  -32.13  -33.91  -34.27  -34.27  -34.09  -33.30  -32.76  -30.97  -29.31  -28.14  -28.02  -29.49  -29.38  -29.57  -30.79  -30.93  -31.04
    3.00  -35.28  -37.56  -38.58  -39.09  -39.27  -38.21  -36.39  -36.34  -37.47  -38.57  -39.90  -40.70  -39.82  -37.88  -36.12  -35.14  -35.31  -36.11  -38.17  -40.33  -39.76  -35.63  -33.56  -34.59
   10.00  -53.68  -54.36  -54.93  -54.99  -54.46  -53.80  -53.42  -53.77  -53.82  -53.40  -52.52  -52.79  -53.45  -55.01  -55.57  -55.52  -55.53  -56.02  -56.03  -54.77  -53.66  -54.04  -54.68  -54.56
   20.00  -56.48  -57.51  -58.55  -59.83  -60.59  -60.47  -59.91  -59.33  -59.20  -59.06  -58.56  -58.34  -58.23  -58.71  -59.11  -59.00  -58.90  -58.52  -58.80  -59.75  -60.55  -60.67  -60.34  -60.88
   30.00  -55.95  -56.32  -56.67  -56.98  -57.21  -57.57  -57.88  -58.03  -58.19  -58.34  -57.76  -57.80  -57.56  -57.36  -57.87  -58.84  -59.72  -60.11  -60.14  -60.13  -60.40  -60.79  -60.35  -60.48
   50.00  -58.69  -58.85  -58.65  -58.44  -58.20  -58.36  -58.89  -59.64  -60.18  -60.08  -59.66  -59.38  -59.57  -59.97  -60.11  -60.27  -60.26  -60.05  -60.16  -60.50  -61.04  -61.25  -60.81  -59.48
   70.00  -62.14  -62.23  -62.31  -62.34  -62.38  -62.40  -62.17  -61.68  -61.41  -61.23  -60.95  -60.67  -60.50  -60.79  -61.10  -61.20  -61.25  -61.06  -60.65  -60.01  -59.77  -60.02  -61.02  -61.69
  100.00  -62.37  -62.37  -62.32  -62.39  -62.58  -62.62  -62.33  -61.99  -61.67  -61.47  -61.38  -61.75  -62.20  -62.79  -63.38  -63.79  -63.84  -63.59  -63.32  -62.92  -62.56  -62.27  -61.82  -61.87
  125.00  -62.99  -63.02  -63.17  -63.37  -63.56  -63.75  -63.68  -63.43  -62.99  -62.52  -61.88  -61.75  -61.45  -61.30  -61.39  -61.75  -62.04  -62.03  -62.03  -62.00  -61.84  -61.63  -61.22  -61.23
  150.00  -65.07  -64.73  -64.56  -64.65  -64.69  -64.89  -65.01  -64.99  -64.86  -64.59  -63.59  -63.12  -62.44  -61.84  -61.38  -61.35  -61.68  -62.03  -62.43  -62.78  -62.85  -62.59  -61.38  -60.79
  175.00  -69.83  -69.84  -69.75  -69.64  -69.32  -69.03  -68.93  -68.78  -68.51  -68.24  -68.35  -67.94  -67.51  -67.19  -66.94  -66.75  -66.44  -65.94  -65.49  -65.05  -64.68  -64.55  -64.43  -64.38
  200.00  -65.53  -65.56  -65.61  -65.78  -65.78  -65.56  -65.36  -65.23  -65.12  -65.03  -64.98  -64.97  -64.88  -64.68  -64.42  -64.25  -64.22  -64.22  -64.33  -64.49  -64.57  -64.60  -64.79  -64.74
  225.00  -59.96  -60.10  -60.05  -59.92  -59.87  -59.83  -59.82  -59.98  -60.26  -60.60  -60.87  -60.99  -61.04  -61.05  -61.03  -61.03  -61.07  -61.09  -61.07  -61.00  -60.94  -60.91  -61.24  -61.37
  250.00  -54.32  -54.45  -54.46  -54.55  -54.70  -54.78  -54.91  -55.15  -55.40  -55.56  -55.50  -55.46  -55.48  -55.65  -55.92  -56.06  -56.05  -55.93  -55.80  -55.73  -55.76  -55.93  -56.32  -56.54
  300.00  -44.40  -44.59  -44.71  -44.87  -45.06  -45.18  -45.21  -45.16  -45.15  -45.26  -45.12  -45.31  -45.51  -45.67  -45.77  -45.82  -45.83  -45.87  -45.95  -46.09  -46.20  -46.30  -46.31  -46.41
  350.00  -36.51  -36.49  -36.61  -36.72  -36.63  -36.55  -36.54  -36.62  -36.73  -36.88  -37.00  -37.09  -37.17  -37.29  -37.35  -37.46  -37.47  -37.47  -37.51  -37.56  -37.60  -37.65  -37.55  -37.49
  400.00  -28.84  -28.87  -29.08  -29.29  -29.42  -29.52  -29.65  -29.85  -29.96  -29.98  -30.06  -30.04  -30.01  -29.97  -29.97  -29.97  -29.98  -30.01  -30.05  -30.06  -30.11  -30.18  -30.20  -30.22
  450.00  -22.43  -22.15  -22.09  -22.24  -22.46  -22.67  -22.89  -23.10  -23.23  -23.26  -23.20  -23.20  -23.24  -23.25  -23.24  -23.22  -23.22  -23.28  -23.36  -23.35  -23.36  -23.39  -23.46  -23.52
  500.00  -17.82  -17.75  -17.61  -17.55  -17.58  -17.61  -17.63  -17.62  -17.52  -17.39  -17.30  -17.25  -17.23  -17.18  -17.08  -16.96  -16.93  -16.99  -17.10  -17.18  -17.25  -17.29  -17.73  -17.77
  550.00  -12.77  -12.73  -12.68  -12.67  -12.65  -12.60  -12.55  -12.52  -12.45  -12.30  -12.12  -11.96  -11.89  -11.81  -11.68  -11.52  -11.48  -11.53  -11.61  -11.65  -11.74  -11.84  -12.36  -12.38
  600.00   -7.88   -7.80   -7.68   -7.59   -7.48   -7.37   -7.31   -7.34   -7.42   -7.44   -7.44   -7.36   -7.34   -7.31   -7.23   -7.07   -6.97   -6.94   -6.86   -6.65   -6.49   -6.45   -6.76   -6.83
  650.00   -3.07   -3.01   -2.95   -2.89   -2.78   -2.65   -2.59   -2.65   -2.77   -2.88   -3.22   -3.11   -3.09   -3.10   -3.12   -3.14   -3.21   -3.30   -3.28   -3.07   -2.72   -2.33   -1.96   -1.74
  700.00    1.56    1.58    1.60    1.62    1.66    1.71    1.70    1.56    1.37    1.20    0.49    0.64    0.69    0.74    0.78    0.76    0.66    0.55    0.47    0.49    0.62    0.83    1.32    1.56
  750.00    5.59    5.64    5.63    5.60    5.62    5.64    5.60    5.47    5.29    5.12    4.46    4.42    4.43    4.48    4.55    4.59    4.55    4.46    4.36    4.27    4.22    4.24    4.44    4.52
  775.00    7.36    7.39    7.32    7.25    7.25    7.26    7.23    7.13    7.02    6.92    6.60    6.50    6.46    6.44    6.46    6.47    6.41    6.34    6.23    6.13    6.02    5.97    6.01    6.04
  800.00    8.53    8.53    8.36    8.24    8.28    8.33    8.33    8.25    8.21    8.22    8.38    8.42    8.41    8.40    8.40    8.38    8.30    8.21    8.10    7.97    7.82    7.68    7.67    7.64
  825.00    8.52    8.50    8.34    8.34    8.53    8.70    8.78    8.79    8.86    8.96    9.45    9.68    9.82    9.91   10.00   10.04    9.99    9.92    9.84    9.70    9.50    9.30    9.31    9.28
  850.00    7.92    7.96    7.96    8.16    8.52    8.78    8.94    9.03    9.20    9.39    9.95   10.26   10.46   10.63   10.77   10.90   10.92   10.98   11.05   10.98   10.77   10.54   10.57   10.68
  875.00    7.47    7.56    7.71    8.03    8.45    8.78    8.97    9.09    9.32    9.58   10.00   10.33   10.46   10.63   10.80   11.01   11.09   11.26   11.44   11.52   11.37   11.12   11.06   11.30
  900.00    7.72    7.83    8.00    8.28    8.65    8.88    9.05    9.17    9.44    9.67    9.78    9.96   10.07   10.26   10.60   10.95   11.13   11.19   11.31   11.50   11.43   11.13   10.86   11.09
  925.00    8.19    8.25    8.36    8.58    8.87    9.05    9.19    9.25    9.39    9.59    9.60    9.84   10.08   10.26   10.19   10.44   10.88   11.17   11.30   11.44   11.44   11.17   10.70   10.69
  950.00    9.06    9.17    9.33    9.50    9.62    9.70    9.76    9.74    9.77    9.93    9.55    9.96    9.89   10.51   10.88   10.99   10.77   10.73   10.91   11.31   11.49   11.34   10.62   10.57
  975.00   10.40   10.31   10.26   10.17   10.14   10.05    9.99    9.92    9.94    9.98    9.06   10.20   11.27   11.93   12.19   12.16   11.71   11.11   10.75   10.76   10.85   10.73   10.10   10.04
 1000.00   11.85   11.70   11.60   11.52   11.48   11.48   11.48   11.45   11.44   11.46   10.49   10.98   12.00   12.60   12.73   12.60   12.14   11.55   11.29   11.42   11.70   11.81   11.38   11.40
