#  level#  00:00#  01:00#  02:00#  03:00#  04:00#  05:00#  06:00#  07:00#  08:00#  09:00#  10:00#  11:00#  12:00#  13:00#  14:00#  15:00#  16:00#  17:00#  18:00#  19:00#  20:00#  21:00#  22:00#  23:00
    1.00   -7.06   -7.45   -7.22   -7.59   -9.27  -10.22   -9.42   -8.30   -7.50   -5.79   -5.64   -5.98   -5.86   -4.91   -3.75   -4.33   -5.65   -6.75   -6.17   -5.77   -5.07   -4.77   -6.23   -7.11
    2.00  -10.82  -11.79  -11.48  -10.49  -11.13  -13.95  -17.45  -19.31  -20.52  -19.71  -19.05  -18.78  -17.81  -17.50  -16.27  -14.76  -13.23  -11.67  -10.31   -9.62   -9.17   -8.67   -9.69  -10.07
    3.00  -25.09  -25.56  -26.44  -27.03  -26.56  -25.46  -25.75  -26.80  -28.83  -30.12  -31.98  -33.03  -32.06  -31.43  -31.32  -30.87  -30.24  -28.76  -27.63  -26.05  -24.86  -23.22  -24.02  -24.86
   10.00  -65.21  -65.40  -66.00  -66.59  -67.36  -67.28  -67.30  -67.46  -67.70  -67.86  -68.18  -68.28  -68.16  -68.35  -68.73  -68.54  -68.54  -68.83  -69.37  -69.54  -68.91  -68.94  -69.14  -68.92
   20.00  -66.58  -66.59  -66.79  -67.00  -67.03  -67.21  -67.59  -68.02  -68.23  -68.05  -67.34  -67.65  -67.66  -67.99  -68.57  -69.42  -69.82  -69.79  -69.65  -70.12  -70.69  -70.90  -71.19  -70.93
   30.00  -67.56  -67.67  -67.69  -67.41  -67.32  -67.45  -67.61  -67.78  -67.96  -68.25  -68.34  -68.33  -67.93  -67.38  -66.77  -66.40  -66.30  -66.24  -66.22  -66.45  -66.81  -66.99  -67.32  -67.36
   50.00  -66.36  -66.38  -66.12  -65.93  -65.87  -66.09  -66.20  -66.34  -66.40  -66.29  -66.11  -65.62  -65.47  -65.72  -65.73  -65.35  -65.16  -65.48  -65.68  -65.35  -64.88  -64.46  -64.28  -64.29
   70.00  -65.74  -65.64  -65.67  -65.80  -65.83  -65.62  -65.26  -65.04  -65.12  -64.98  -64.77  -64.41  -64.19  -64.51  -64.88  -64.88  -64.68  -64.62  -64.50  -64.33  -64.22  -64.14  -63.66  -63.32
  100.00  -63.60  -64.00  -64.30  -64.37  -64.47  -64.59  -64.86  -64.91  -64.83  -64.77  -64.83  -64.98  -64.85  -64.74  -64.87  -65.13  -65.15  -65.11  -65.08  -64.78  -64.15  -63.67  -63.67  -63.46
  125.00  -62.26  -62.49  -62.45  -62.39  -62.41  -62.54  -62.83  -63.18  -63.35  -63.68  -63.98  -64.10  -64.16  -64.20  -64.38  -64.83  -64.99  -64.76  -64.54  -64.39  -64.02  -63.63  -63.98  -63.88
  150.00  -59.46  -60.32  -61.05  -61.72  -62.13  -62.38  -62.33  -62.44  -62.44  -62.49  -62.66  -62.82  -62.79  -62.59  -62.26  -62.10  -62.16  -62.16  -62.07  -62.13  -62.08  -61.77  -61.67  -61.37
  175.00  -61.54  -61.68  -62.40  -63.27  -64.34  -65.73  -66.03  -65.10  -64.95  -65.32  -64.23  -62.52  -62.16  -62.09  -61.70  -61.34  -61.19  -61.17  -60.91  -60.70  -60.68  -60.46  -59.68  -58.88
  200.00  -66.20  -67.51  -67.93  -67.95  -67.73  -67.24  -66.75  -66.40  -65.40  -64.16  -63.92  -65.55  -66.32  -66.21  -65.98  -65.71  -65.33  -64.72  -64.08  -62.92  -62.15  -61.50  -61.03  -60.51
  225.00  -62.56  -62.71  -62.78  -62.69  -62.43  -62.22  -62.17  -62.44  -62.82  -63.05  -63.49  -63.64  -63.14  -63.17  -63.19  -63.19  -62.90  -62.86  -62.77  -62.66  -62.44  -61.85  -61.39  -60.96
  250.00  -58.03  -57.24  -57.03  -57.13  -57.27  -57.39  -57.47  -57.44  -57.23  -57.52  -57.66  -57.66  -57.24  -56.90  -56.91  -56.87  -56.96  -56.83  -56.80  -56.97  -57.13  -57.41  -57.46  -57.65
  300.00  -47.83  -47.36  -47.17  -46.99  -47.05  -46.94  -46.70  -46.99  -47.23  -47.04  -46.41  -46.27  -46.11  -46.10  -45.95  -45.85  -45.75  -46.07  -46.29  -46.33  -46.44  -46.67  -46.55  -46.90
  350.00  -38.04  -37.95  -37.92  -37.86  -37.72  -37.64  -37.79  -37.80  -38.04  -37.99  -37.72  -37.28  -37.05  -37.02  -37.14  -37.32  -37.28  -37.45  -37.49  -37.37  -37.39  -37.49  -37.93  -38.12
  400.00  -30.60  -30.25  -30.10  -30.09  -30.43  -30.64  -30.74  -30.77  -30.78  -30.81  -31.16  -30.91  -30.70  -30.63  -30.52  -30.42  -30.56  -30.66  -30.65  -30.80  -31.14  -31.50  -32.61  -32.64
  450.00  -25.04  -24.34  -23.51  -23.45  -23.77  -24.02  -24.17  -24.14  -24.05  -24.09  -24.33  -24.28  -24.34  -24.41  -24.36  -24.39  -24.40  -24.28  -24.43  -24.74  -24.98  -25.12  -25.78  -25.79
  500.00  -20.15  -19.81  -18.82  -18.28  -18.00  -18.23  -18.63  -18.89  -18.87  -18.78  -18.80  -18.69  -18.78  -18.87  -18.91  -19.07  -19.26  -19.09  -19.05  -19.17  -19.24  -19.26  -19.57  -19.82
  550.00  -15.93  -16.03  -15.69  -15.29  -14.53  -13.91  -13.94  -14.07  -14.23  -14.32  -14.15  -13.99  -14.03  -14.10  -14.12  -14.17  -14.22  -14.08  -14.06  -14.19  -14.26  -14.47  -14.90  -15.16
  600.00  -11.99  -12.06  -12.49  -12.09  -11.35  -10.76  -10.16   -9.83   -9.78   -9.87   -9.60   -9.56   -9.54   -9.58   -9.70   -9.81   -9.88   -9.87   -9.86   -9.82   -9.74   -9.83  -10.12  -10.39
  650.00   -9.28   -8.82   -8.61   -8.42   -8.32   -8.11   -7.51   -6.49   -5.83   -5.84   -5.37   -5.40   -5.34   -5.36   -5.49   -5.59   -5.66   -5.77   -5.88   -5.94   -5.86   -5.85   -5.90   -5.96
  700.00   -7.06   -6.74   -6.60   -6.03   -5.62   -5.41   -5.10   -4.68   -3.95   -3.61   -2.65   -2.33   -1.97   -1.86   -2.03   -2.26   -2.43   -2.54   -2.61   -2.43   -2.14   -2.14   -1.99   -2.05
  750.00   -4.34   -4.11   -4.08   -3.89   -3.72   -3.52   -3.18   -2.78   -2.36   -2.21   -1.68   -1.23   -0.49   -0.14   -0.22   -0.27   -0.23   -0.20   -0.15    0.16    0.74    1.14    1.72    1.54
  775.00   -2.67   -2.51   -2.45   -2.33   -2.25   -2.13   -1.87   -1.52   -1.16   -1.00   -0.90   -0.48    0.16    0.54    0.65    0.79    0.95    1.01    1.07    1.39    1.97    2.41    2.98    2.88
  800.00   -0.76   -0.66   -0.59   -0.48   -0.45   -0.41   -0.27    0.01    0.32    0.52    0.26    0.67    1.25    1.61    1.78    1.95    2.08    2.11    2.10    2.39    3.04    3.54    3.90    3.95
  825.00    1.16    1.21    1.25    1.32    1.33    1.33    1.37    1.53    1.80    2.00    1.60    2.00    2.52    2.76    2.90    3.13    3.24    3.17    3.09    3.18    3.74    4.36    4.78    4.98
  850.00    3.06    3.06    3.09    3.14    3.12    3.08    3.07    3.13    3.29    3.44    3.15    3.45    3.79    3.96    4.21    4.49    4.46    4.30    4.18    4.16    4.44    4.79    5.34    5.77
  875.00    4.98    4.96    5.00    5.06    5.04    4.99    4.93    4.89    4.93    4.99    4.93    5.11    5.32    5.50    5.63    5.55    5.39    5.33    5.33    5.41    5.63    5.81    6.64    6.99
  900.00    6.75    6.73    6.74    6.79    6.78    6.72    6.65    6.61    6.61    6.62    6.80    6.85    6.89    6.78    6.76    6.87    6.87    6.87    6.92    7.01    7.19    7.37    8.39    8.57
  925.00    8.25    8.21    8.18    8.23    8.21    8.19    8.19    8.17    8.18    8.13    8.50    8.37    8.24    8.29    8.53    8.72    8.75    8.79    8.83    8.83    8.86    8.95   10.04   10.07
  950.00    9.87    9.76    9.59    9.51    9.45    9.40    9.38    9.29    9.36    9.25    9.66    9.63    9.77   10.13   10.40   10.63   10.74   10.77   10.71   10.63   10.58   10.60   11.69   11.70
  975.00   10.69   10.64   10.53   10.41   10.34   10.28   10.25   10.24   10.26   10.26   10.78   10.84   11.13   11.58   12.01   12.31   12.44   12.46   12.39   12.29   12.21   12.18   13.23   13.23
 1000.00   11.81   11.78   11.71   11.55   11.46   11.42   11.42   11.48   11.48   11.55   11.90   11.79   12.17   12.92   13.50   13.82   13.95   13.96   13.89   13.79   13.73   13.79   14.79   14.81
