#  level#  00:00#  01:00#  02:00#  03:00#  04:00#  05:00#  06:00#  07:00#  08:00#  09:00#  10:00#  11:00#  12:00#  13:00#  14:00#  15:00#  16:00#  17:00#  18:00#  19:00#  20:00#  21:00#  22:00#  23:00
    1.00  -14.64  -12.73  -11.22  -11.66  -12.48  -13.29  -13.90  -15.03  -15.62  -14.47  -12.88  -11.50   -9.49   -7.36   -5.84   -6.59   -7.77   -9.86  -12.13  -13.22  -13.41  -13.23  -12.16  -12.24
    2.00    1.43   -0.23   -1.38   -1.75   -2.68   -4.00   -5.53   -8.29  -11.50  -14.13  -17.03  -17.78  -15.07  -10.48   -4.23   -1.98   -1.31    0.28    2.91    4.55    4.97    4.28    2.54    1.07
    3.00  -17.20  -16.44  -15.74  -14.25  -12.82  -12.25  -11.38  -11.82  -13.40  -14.61  -16.88  -18.31  -18.65  -18.59  -16.97  -15.96  -16.08  -15.70  -14.37  -12.54  -10.86   -8.67   -7.47   -8.28
   10.00  -64.09  -65.10  -66.17  -66.40  -66.26  -66.36  -66.37  -65.93  -64.77  -63.65  -62.59  -61.59  -60.62  -61.20  -62.14  -61.91  -61.80  -61.24  -60.36  -59.70  -59.68  -59.96  -60.05  -60.22
   20.00  -69.49  -69.87  -69.75  -69.58  -70.20  -71.07  -71.07  -70.95  -71.03  -70.33  -69.90  -69.27  -69.36  -69.63  -70.11  -70.46  -69.57  -68.82  -69.17  -69.15  -68.71  -68.27  -68.12  -68.21
   30.00  -69.44  -69.60  -68.93  -68.43  -68.23  -69.04  -69.54  -69.31  -69.02  -68.59  -68.80  -68.85  -68.76  -68.77  -68.79  -69.07  -69.06  -68.72  -68.41  -68.14  -67.90  -67.73  -67.53  -67.94
   50.00  -67.50  -67.86  -68.19  -68.32  -68.17  -67.60  -67.06  -67.29  -67.99  -68.00  -67.73  -67.35  -67.23  -67.16  -66.75  -66.85  -67.16  -67.42  -67.62  -67.76  -67.53  -67.29  -66.70  -66.61
   70.00  -66.66  -66.15  -66.10  -66.73  -67.02  -66.76  -66.21  -66.06  -66.38  -66.66  -66.60  -67.00  -66.76  -66.49  -66.35  -66.22  -66.13  -66.31  -66.23  -66.23  -66.42  -66.69  -66.67  -66.18
  100.00  -65.60  -65.73  -65.81  -65.86  -65.91  -66.10  -66.34  -66.28  -65.88  -65.70  -65.17  -65.16  -65.04  -65.79  -66.37  -66.29  -66.02  -65.80  -65.68  -65.60  -65.38  -65.34  -65.84  -66.11
  125.00  -64.85  -65.10  -65.11  -65.14  -65.20  -65.33  -65.48  -65.48  -65.61  -65.79  -65.90  -65.99  -66.05  -65.66  -65.28  -65.34  -65.56  -65.77  -65.52  -65.48  -65.52  -65.41  -65.43  -65.02
  150.00  -62.79  -63.13  -63.07  -62.96  -63.08  -63.60  -64.39  -64.85  -64.72  -64.52  -65.00  -65.13  -65.89  -66.62  -66.43  -66.13  -66.07  -66.10  -65.86  -65.36  -64.71  -64.26  -63.52  -63.34
  175.00  -60.85  -61.22  -61.74  -62.31  -62.61  -62.84  -63.31  -63.84  -64.09  -64.12  -64.97  -64.75  -64.82  -65.48  -65.91  -66.02  -66.10  -66.75  -67.67  -68.30  -68.23  -67.83  -67.00  -66.30
  200.00  -60.63  -60.78  -61.05  -61.47  -61.78  -61.98  -62.17  -62.37  -62.49  -62.59  -62.92  -62.68  -62.38  -62.48  -62.79  -63.19  -63.63  -64.00  -64.36  -64.70  -64.94  -65.26  -65.77  -65.67
  225.00  -60.19  -59.98  -59.92  -59.92  -59.82  -59.61  -59.39  -59.25  -59.18  -59.10  -59.25  -59.18  -58.95  -58.71  -58.74  -58.73  -58.71  -58.79  -59.09  -59.58  -59.82  -59.75  -59.81  -60.08
  250.00  -56.94  -56.82  -56.74  -56.68  -56.58  -56.44  -56.24  -56.02  -55.78  -55.48  -55.42  -55.15  -54.95  -54.87  -54.81  -54.69  -54.65  -54.64  -54.54  -54.62  -54.74  -54.73  -54.50  -54.67
  300.00  -47.76  -47.66  -47.61  -47.58  -47.53  -47.49  -47.49  -47.50  -47.49  -47.41  -47.21  -47.05  -46.75  -46.35  -46.10  -46.02  -45.97  -45.82  -45.62  -45.41  -45.31  -45.32  -45.39  -45.49
  350.00  -39.17  -39.20  -39.24  -39.28  -39.21  -39.06  -38.93  -38.87  -38.85  -38.77  -38.41  -38.36  -38.31  -38.25  -38.21  -38.15  -37.99  -37.75  -37.49  -37.24  -37.11  -37.19  -37.28  -37.39
  400.00  -31.97  -31.76  -31.67  -31.69  -31.68  -31.63  -31.54  -31.47  -31.44  -31.34  -31.03  -31.01  -30.99  -30.95  -30.90  -30.78  -30.57  -30.42  -30.39  -30.35  -30.26  -30.28  -30.24  -30.41
  450.00  -26.07  -25.80  -25.54  -25.43  -25.42  -25.38  -25.27  -25.17  -25.18  -25.14  -25.01  -25.05  -25.08  -25.05  -25.00  -24.83  -24.62  -24.61  -24.67  -24.77  -24.88  -25.01  -25.09  -25.18
  500.00  -20.48  -20.32  -20.07  -19.93  -19.93  -19.96  -19.92  -19.85  -19.87  -19.87  -19.87  -19.88  -19.87  -19.78  -19.67  -19.66  -19.82  -20.02  -20.01  -19.98  -20.00  -20.03  -20.02  -20.06
  550.00  -15.25  -15.18  -14.99  -14.82  -14.78  -14.81  -14.82  -14.80  -14.83  -14.83  -14.91  -14.86  -14.83  -14.79  -14.79  -14.94  -15.10  -15.09  -14.95  -14.92  -14.93  -14.82  -14.61  -14.68
  600.00  -10.29  -10.30  -10.22  -10.12  -10.10  -10.15  -10.18  -10.15  -10.13  -10.05   -9.97   -9.83   -9.77   -9.78   -9.85   -9.99  -10.07  -10.05  -10.04  -10.12  -10.11   -9.94   -9.75   -9.84
  650.00   -5.94   -5.90   -5.81   -5.75   -5.77   -5.83   -5.85   -5.79   -5.72   -5.61   -5.08   -4.94   -4.93   -4.97   -5.01   -5.07   -5.07   -5.04   -5.06   -5.11   -5.12   -5.06   -5.34   -5.58
  700.00   -2.05   -1.92   -1.75   -1.66   -1.66   -1.69   -1.71   -1.64   -1.58   -1.50   -0.62   -0.60   -0.65   -0.70   -0.70   -0.74   -0.74   -0.76   -0.86   -0.91   -0.86   -0.90   -1.53   -1.92
  750.00    1.43    1.69    1.98    2.17    2.23    2.20    2.13    2.11    2.08    2.08    2.76    2.57    2.34    2.24    2.20    2.05    1.92    1.77    1.63    1.74    1.93    1.73    1.03    0.70
  775.00    3.06    3.34    3.65    3.84    3.87    3.82    3.70    3.62    3.52    3.39    3.88    3.50    3.18    3.08    3.02    2.78    2.54    2.36    2.32    2.56    2.76    2.47    1.90    1.66
  800.00    4.55    4.80    5.07    5.20    5.18    5.10    4.98    4.86    4.65    4.36    4.66    4.04    3.66    3.60    3.48    3.14    2.78    2.63    2.77    3.12    3.29    2.94    2.55    2.44
  825.00    5.75    5.88    6.07    6.12    6.06    6.02    5.98    5.86    5.54    5.05    5.07    4.21    3.86    3.84    3.65    3.15    2.70    2.67    3.03    3.48    3.55    3.19    3.07    3.12
  850.00    6.53    6.59    6.69    6.74    6.70    6.75    6.85    6.73    6.28    5.54    5.10    4.18    3.97    3.97    3.67    3.09    2.69    2.74    3.23    3.69    3.69    3.38    3.39    3.76
  875.00    6.81    6.97    7.23    7.30    7.30    7.52    7.73    7.59    6.99    6.08    5.17    4.51    4.40    4.32    3.96    3.53    3.02    2.84    3.08    3.45    3.55    3.40    3.46    4.14
  900.00    6.63    7.09    7.56    7.77    7.98    8.23    8.37    8.24    7.65    6.75    5.59    5.24    5.17    5.15    4.90    4.14    3.83    3.86    3.83    3.74    3.64    3.56    3.23    3.82
  925.00    6.41    7.13    7.57    8.03    8.35    8.60    8.69    8.43    7.89    7.24    6.25    6.21    6.21    5.92    5.41    5.38    5.38    5.39    5.30    5.13    4.92    4.81    4.14    4.27
  950.00    5.74    6.57    7.28    7.95    8.48    8.73    8.85    8.69    8.32    7.92    7.24    7.15    6.97    7.03    7.27    7.40    7.38    7.16    6.93    6.76    6.62    6.46    5.83    5.75
  975.00    5.44    5.87    6.29    6.74    6.80    6.89    7.08    7.25    7.55    7.96    7.09    7.18    8.23    8.89    9.28    9.52    9.39    9.01    8.68    8.46    8.32    8.14    7.48    7.29
 1000.00    6.55    6.83    7.36    8.23    9.05    9.66    9.96   10.14   10.17   10.11    9.34    9.08    9.54   10.18   10.73   11.03   10.88   10.43   10.06    9.88    9.83    9.72    9.02    8.89
