#  level#  00:00#  01:00#  02:00#  03:00#  04:00#  05:00#  06:00#  07:00#  08:00#  09:00#  10:00#  11:00#  12:00#  13:00#  14:00#  15:00#  16:00#  17:00#  18:00#  19:00#  20:00#  21:00#  22:00#  23:00
    1.00  -23.12  -25.03  -25.68  -25.79  -25.83  -25.41  -24.85  -25.01  -25.26  -24.88  -25.19  -23.52  -22.46  -21.86  -21.28  -20.50  -19.80  -20.35  -21.49  -21.80  -21.52  -20.62  -20.33  -20.73
    2.00  -25.43  -26.82  -28.06  -29.06  -29.60  -30.66  -31.13  -31.00  -30.64  -31.01  -31.47  -31.40  -30.76  -29.42  -27.84  -26.21  -25.13  -24.72  -24.35  -23.57  -23.07  -23.20  -22.79  -22.32
    3.00  -31.72  -32.10  -31.96  -31.62  -31.59  -32.50  -33.83  -34.99  -35.20  -34.48  -33.05  -33.35  -34.14  -35.04  -35.86  -35.37  -34.17  -32.97  -31.55  -29.92  -28.12  -26.61  -26.22  -26.62
   10.00  -57.65  -58.36  -58.42  -58.24  -58.40  -59.04  -59.60  -59.79  -60.23  -59.84  -58.74  -58.13  -58.48  -58.79  -58.38  -58.44  -58.88  -59.06  -58.64  -57.83  -57.82  -58.87  -59.99  -60.67
   20.00  -61.97  -62.45  -62.28  -62.30  -62.03  -61.83  -61.59  -62.08  -62.47  -62.19  -60.97  -60.70  -60.99  -61.13  -61.00  -61.14  -61.38  -61.38  -61.25  -61.10  -61.18  -61.02  -59.90  -59.05
   30.00  -60.75  -61.15  -61.22  -61.37  -61.94  -61.98  -61.53  -61.21  -61.11  -60.99  -60.84  -60.78  -60.76  -60.71  -60.76  -61.10  -61.58  -61.55  -61.13  -60.80  -60.29  -60.11  -59.76  -59.82
   50.00  -57.87  -57.64  -58.08  -58.77  -59.20  -59.70  -59.78  -59.10  -58.53  -58.37  -58.08  -57.98  -58.02  -57.96  -57.85  -57.87  -57.96  -58.32  -58.38  -58.02  -57.82  -57.86  -58.11  -58.48
   70.00  -58.61  -58.99  -59.38  -59.73  -59.68  -59.08  -58.87  -59.11  -59.32  -59.51  -59.54  -59.16  -58.81  -58.74  -58.58  -58.41  -58.24  -58.26  -58.48  -58.54  -58.37  -58.24  -58.51  -58.33
  100.00  -59.87  -59.83  -59.92  -60.06  -60.27  -60.39  -60.23  -59.97  -59.72  -59.35  -59.62  -59.80  -59.68  -59.47  -59.28  -59.14  -58.95  -59.00  -59.16  -59.43  -59.52  -59.39  -58.99  -59.04
  125.00  -59.57  -59.15  -58.69  -58.35  -58.10  -58.00  -58.09  -58.07  -57.81  -57.45  -56.92  -56.86  -56.80  -56.72  -56.66  -56.67  -56.59  -56.46  -56.29  -56.43  -56.87  -57.12  -57.33  -57.42
  150.00  -57.40  -57.03  -56.35  -55.79  -55.54  -55.36  -55.26  -55.42  -55.54  -55.47  -55.03  -54.98  -54.98  -54.97  -54.91  -54.96  -55.14  -55.23  -55.22  -55.24  -55.70  -56.08  -56.35  -56.48
  175.00  -55.21  -55.60  -55.50  -54.88  -54.45  -54.38  -54.26  -54.52  -54.88  -55.11  -54.63  -54.44  -54.32  -54.43  -54.56  -54.70  -55.00  -55.26  -55.55  -55.50  -55.49  -55.56  -55.47  -55.92
  200.00  -56.01  -56.48  -56.51  -56.25  -55.71  -55.36  -54.71  -54.15  -53.93  -54.00  -53.97  -54.17  -54.42  -54.81  -55.32  -55.77  -56.21  -56.48  -56.82  -57.31  -57.60  -57.96  -58.20  -58.46
  225.00  -54.06  -54.42  -54.78  -55.15  -55.17  -55.15  -54.96  -54.56  -54.48  -54.82  -55.24  -55.87  -56.34  -56.81  -57.39  -57.98  -58.38  -58.66  -59.02  -59.69  -60.44  -61.27  -62.68  -63.38
  250.00  -52.31  -52.68  -52.91  -53.37  -53.93  -54.68  -55.53  -55.89  -56.13  -56.20  -56.53  -56.55  -56.70  -57.27  -57.92  -58.46  -58.92  -59.33  -59.63  -59.86  -60.16  -60.57  -61.34  -61.91
  300.00  -50.05  -50.20  -50.84  -51.48  -51.93  -51.91  -51.87  -51.95  -51.76  -51.59  -51.91  -52.05  -52.09  -52.23  -52.53  -52.91  -53.17  -53.16  -53.05  -53.13  -53.07  -52.89  -52.77  -52.70
  350.00  -43.93  -44.19  -44.30  -44.35  -44.54  -44.82  -45.12  -45.17  -44.96  -44.58  -43.84  -43.84  -44.19  -44.68  -45.15  -45.35  -45.29  -45.25  -45.25  -45.07  -44.89  -44.74  -44.33  -44.14
  400.00  -37.17  -37.28  -37.42  -37.55  -37.71  -37.84  -37.68  -37.61  -37.64  -37.55  -36.98  -36.89  -37.34  -37.78  -38.11  -38.27  -38.34  -38.29  -38.09  -37.86  -37.69  -37.51  -37.08  -36.80
  450.00  -30.51  -30.64  -30.79  -31.07  -31.29  -31.34  -31.23  -31.26  -31.44  -31.65  -31.31  -31.48  -31.74  -31.78  -31.53  -31.30  -31.28  -31.26  -31.14  -30.93  -30.67  -30.38  -30.15  -29.96
  500.00  -24.18  -24.38  -24.65  -24.93  -25.14  -25.26  -25.43  -25.67  -25.98  -26.17  -27.20  -27.39  -26.51  -25.99  -25.65  -25.23  -24.99  -24.90  -24.79  -24.60  -24.37  -24.14  -24.00  -23.88
  550.00  -18.68  -18.62  -18.75  -18.95  -19.12  -19.37  -19.80  -20.32  -20.94  -21.62  -22.66  -22.68  -22.11  -21.16  -20.51  -20.04  -19.73  -19.68  -19.56  -19.26  -18.89  -18.66  -18.58  -18.63
  600.00  -14.84  -14.66  -14.58  -14.72  -14.98  -15.45  -15.94  -16.35  -16.66  -16.98  -17.58  -17.61  -17.61  -17.04  -16.29  -15.51  -14.81  -14.61  -14.55  -14.40  -14.06  -13.71  -13.19  -13.31
  650.00  -12.43  -12.30  -12.13  -12.26  -12.50  -12.73  -12.84  -12.82  -12.81  -12.87  -12.94  -12.98  -13.12  -12.95  -12.42  -11.64  -10.65  -10.43  -10.56  -10.58  -10.50  -10.23   -9.30   -9.30
  700.00   -9.27   -9.27   -9.22   -9.28   -9.34   -9.32   -9.21   -9.06   -8.96   -8.93   -9.23   -9.29   -9.23   -9.05   -8.65   -8.46   -7.88   -7.82   -7.90   -7.75   -7.76   -7.67   -7.48   -7.43
  750.00   -5.70   -5.72   -5.66   -5.65   -5.69   -5.64   -5.52   -5.41   -5.37   -5.37   -5.78   -5.76   -5.69   -5.51   -5.43   -5.15   -4.95   -5.02   -4.98   -4.92   -4.91   -4.93   -5.34   -5.42
  775.00   -4.05   -4.02   -3.91   -3.86   -3.84   -3.81   -3.74   -3.64   -3.63   -3.65   -4.01   -3.99   -3.85   -3.86   -3.93   -3.51   -3.36   -3.21   -3.20   -3.12   -3.19   -3.30   -3.88   -3.87
  800.00   -2.49   -2.37   -2.22   -2.13   -2.09   -2.09   -2.06   -1.99   -1.99   -1.99   -2.28   -2.36   -1.96   -2.42   -1.97   -1.67   -1.59   -1.53   -1.54   -1.48   -1.63   -1.74   -2.13   -2.13
  825.00   -0.76   -0.66   -0.53   -0.44   -0.49   -0.51   -0.46   -0.53   -0.55   -0.51   -0.78   -0.85   -1.17   -1.12   -0.57    0.03    0.17    0.17    0.08    0.06   -0.05   -0.17   -0.33   -0.29
  850.00    1.08    1.18    1.23    1.07    0.92    0.86    0.76    0.69    0.56    0.55    0.43   -0.14   -0.00    0.48    1.11    1.42    1.78    1.73    1.71    1.74    1.61    1.48    1.62    1.53
  875.00    2.75    2.69    2.49    2.16    1.88    1.67    1.43    1.24    1.04    1.04    0.85    1.11    1.68    2.61    2.88    3.09    3.26    3.31    3.31    3.31    3.26    3.17    3.42    3.25
  900.00    4.14    3.80    3.43    2.98    2.75    2.63    2.37    2.16    1.97    1.71    2.45    3.39    4.12    4.34    4.70    4.95    5.14    5.14    5.01    4.84    4.68    4.52    4.60    4.38
  925.00    4.00    3.63    3.37    3.09    2.94    2.80    2.85    2.83    2.88    3.43    4.78    5.63    6.25    6.50    7.01    7.21    7.30    6.94    6.35    5.80    5.35    4.99    5.06    4.73
  950.00    5.80    5.50    5.21    4.91    4.72    4.59    4.45    4.33    4.31    4.68    6.01    6.88    7.49    7.75    8.26    8.47    8.61    8.43    8.03    7.57    7.14    6.79    6.84    6.57
  975.00    7.22    6.91    6.61    6.31    6.11    5.99    5.83    5.69    5.67    6.06    7.39    8.26    8.87    9.14    9.65    9.85    9.98    9.80    9.40    8.95    8.52    8.17    8.21    7.92
 1000.00    8.56    8.24    7.94    7.64    7.45    7.32    7.17    7.04    7.01    7.37    8.71    9.59   10.21   10.47   10.99   11.20   11.33   11.18   10.80   10.35    9.92    9.56    9.59    9.31
