#  level#  00:00#  01:00#  02:00#  03:00#  04:00#  05:00#  06:00#  07:00#  08:00#  09:00#  10:00#  11:00#  12:00#  13:00#  14:00#  15:00#  16:00#  17:00#  18:00#  19:00#  20:00#  21:00#  22:00#  23:00
    1.00  -12.63  -14.39  -16.14  -16.11  -15.65  -15.03  -14.40  -14.23  -13.43  -13.06  -13.76  -15.34  -15.22  -14.40  -11.97  -11.01  -11.74  -12.26  -11.60   -9.39  -10.31  -10.28  -12.37  -12.89
    2.00  -12.98  -12.75  -11.22  -12.21  -15.36  -18.30  -19.24  -18.14  -17.97  -15.72  -12.12  -11.86  -12.44  -13.13  -13.87  -12.97  -11.52  -10.43  -11.15  -10.79  -10.49  -10.58   -9.11  -12.49
    3.00  -18.98  -20.53  -21.21  -19.73  -19.07  -21.36  -23.81  -24.03  -23.98  -25.07  -24.98  -22.03  -19.91  -19.31  -20.00  -21.03  -22.05  -21.86  -22.09  -22.91  -21.73  -22.39  -21.89  -20.19
   10.00  -41.75  -41.21  -41.41  -41.53  -42.78  -43.35  -43.13  -42.33  -42.06  -42.72  -43.24  -43.27  -42.45  -42.39  -42.25  -41.90  -41.82  -42.27  -42.74  -43.19  -43.55  -43.83  -43.55  -43.08
   20.00  -47.89  -47.87  -47.68  -47.97  -48.58  -49.22  -49.64  -49.63  -49.19  -48.09  -47.27  -47.59  -48.81  -49.47  -49.31  -49.32  -49.65  -49.51  -49.26  -48.75  -48.70  -48.71  -48.64  -49.02
   30.00  -52.28  -52.08  -52.20  -52.18  -52.17  -52.53  -52.70  -52.74  -52.86  -52.89  -52.35  -51.73  -51.71  -51.92  -51.99  -52.10  -52.52  -53.01  -53.07  -52.82  -52.71  -52.83  -52.80  -53.20
   50.00  -55.98  -56.61  -57.11  -57.46  -57.29  -56.99  -56.50  -55.81  -55.67  -56.15  -56.30  -56.35  -56.09  -56.25  -56.83  -57.06  -57.05  -57.05  -57.52  -58.22  -57.82  -57.28  -57.02  -56.72
   70.00  -58.62  -58.74  -58.60  -58.84  -59.19  -59.33  -59.85  -60.44  -60.65  -60.66  -60.17  -60.06  -59.98  -59.88  -60.28  -60.42  -60.24  -59.82  -59.33  -59.65  -60.31  -60.55  -60.66  -60.96
  100.00  -61.60  -61.95  -62.18  -62.18  -62.47  -62.55  -62.48  -62.55  -62.73  -62.87  -63.34  -63.38  -63.49  -63.42  -63.38  -63.68  -64.10  -64.68  -64.94  -65.15  -65.96  -66.72  -66.26  -67.04
  125.00  -61.33  -61.73  -62.83  -63.38  -63.75  -64.11  -64.33  -64.75  -65.13  -65.62  -66.34  -66.91  -67.26  -67.43  -67.23  -67.12  -67.09  -67.25  -67.55  -67.47  -67.66  -68.13  -68.92  -69.55
  150.00  -63.53  -63.18  -62.39  -61.91  -61.76  -61.92  -61.83  -62.15  -62.72  -63.16  -63.87  -64.35  -65.32  -66.71  -67.29  -67.40  -67.31  -67.23  -67.26  -67.20  -67.09  -66.96  -67.19  -67.11
  175.00  -60.98  -60.60  -60.16  -59.67  -58.92  -58.37  -58.29  -58.16  -58.60  -59.11  -60.17  -60.47  -60.45  -60.57  -60.72  -60.75  -60.68  -60.54  -60.40  -60.34  -60.34  -60.30  -60.59  -60.53
  200.00  -56.83  -56.56  -56.48  -56.49  -56.38  -56.13  -55.38  -54.51  -53.99  -54.13  -54.45  -54.39  -54.21  -54.13  -54.11  -54.00  -54.08  -54.15  -54.28  -54.35  -54.36  -54.41  -54.60  -54.73
  225.00  -51.34  -51.55  -51.65  -51.67  -51.67  -51.78  -51.84  -51.01  -49.56  -48.72  -48.67  -48.78  -48.75  -48.60  -48.73  -48.75  -48.67  -48.48  -48.37  -48.41  -48.45  -48.47  -48.46  -48.55
  250.00  -45.83  -45.79  -45.76  -45.76  -45.84  -45.94  -46.22  -46.50  -45.91  -44.57  -43.53  -43.30  -43.17  -43.11  -43.28  -43.43  -43.47  -43.41  -43.26  -43.14  -43.11  -43.12  -43.02  -43.06
  300.00  -36.71  -36.58  -36.48  -36.39  -36.18  -36.00  -35.90  -35.81  -35.91  -36.03  -35.51  -34.99  -34.17  -33.55  -33.13  -32.84  -32.86  -33.02  -33.17  -33.08  -32.78  -32.58  -32.53  -32.53
  350.00  -27.56  -27.59  -27.78  -28.04  -28.25  -28.35  -28.44  -28.38  -28.16  -27.77  -27.22  -26.96  -26.73  -26.58  -26.38  -25.97  -25.50  -25.13  -24.92  -24.53  -24.08  -23.88  -23.98  -23.98
  400.00  -21.02  -21.07  -21.26  -21.46  -21.46  -21.45  -21.58  -21.56  -21.41  -21.21  -20.57  -20.30  -19.88  -19.48  -19.15  -18.90  -18.75  -18.56  -18.36  -18.01  -17.58  -17.34  -17.24  -17.22
  450.00  -14.99  -15.16  -15.38  -15.60  -15.71  -15.63  -15.47  -15.47  -15.45  -15.17  -14.55  -14.43  -14.25  -14.03  -13.76  -13.51  -13.32  -13.10  -12.98  -12.84  -12.34  -11.87  -11.24  -11.02
  500.00   -9.23   -9.41   -9.61   -9.78   -9.90   -9.97   -9.94   -9.97  -10.05  -10.06   -9.85   -9.79   -9.56   -9.20   -8.78   -8.55   -8.47   -8.47   -8.58   -8.73   -8.73   -8.73   -8.55   -8.42
  550.00   -5.15   -5.09   -5.07   -5.13   -5.27   -5.35   -5.30   -5.31   -5.30   -5.20   -4.89   -4.97   -5.00   -4.88   -4.63   -4.43   -4.25   -4.13   -4.12   -4.15   -4.15   -4.23   -4.02   -4.13
  600.00   -1.86   -1.82   -1.74   -1.66   -1.67   -1.66   -1.49   -1.37   -1.28   -1.16   -0.73   -0.75   -0.77   -0.70   -0.58   -0.49   -0.20    0.07    0.15    0.20    0.39    0.51    0.91    0.89
  650.00    2.14    2.10    2.09    2.05    1.94    1.83    1.92    2.04    2.14    2.28    2.65    2.73    2.78    2.93    3.10    3.15    3.48    3.87    4.04    4.08    4.28    4.54    4.96    4.93
  700.00    6.16    6.12    6.10    6.04    5.88    5.67    5.60    5.62    5.64    5.69    5.86    6.00    6.10    6.30    6.51    6.52    6.72    7.06    7.29    7.44    7.64    7.80    7.97    7.80
  750.00    9.39    9.42    9.51    9.64    9.62    9.47    9.40    9.35    9.27    9.20    9.20    9.33    9.47    9.72   10.00   10.06   10.16   10.31   10.47   10.62   10.80   10.94   10.89   10.75
  775.00   10.96   10.97   11.08   11.22   11.23   11.06   10.99   10.97   10.87   10.76   10.69   10.81   10.99   11.20   11.55   11.66   11.76   11.87   12.04   12.20   12.36   12.46   12.38   12.30
  800.00   12.19   12.30   12.39   12.56   12.63   12.43   12.30   12.29   12.22   12.09   11.95   12.16   12.32   12.59   12.98   13.13   13.17   13.20   13.36   13.57   13.73   13.80   13.79   13.71
  825.00   12.44   12.68   12.95   13.25   13.37   13.13   13.02   13.06   13.12   13.13   12.95   13.31   13.59   13.75   14.07   14.22   14.35   14.39   14.43   14.60   14.72   14.72   14.92   14.84
  850.00   12.11   12.43   12.72   13.16   13.25   12.83   12.59   12.76   12.98   13.24   13.03   13.75   14.45   14.80   15.12   15.22   15.17   15.08   15.19   15.31   15.32   15.16   15.53   15.52
  875.00   11.78   12.02   12.09   12.39   12.42   12.11   11.74   11.73   11.79   11.95   11.83   12.29   12.61   13.22   14.57   15.74   15.66   15.52   15.53   15.64   15.53   15.21   15.57   15.69
  900.00   11.46   11.48   11.59   11.80   11.89   11.97   12.08   12.09   12.02   12.03   11.52   11.76   12.56   12.88   13.38   13.72   14.68   15.52   15.49   15.66   15.41   14.92   15.09   15.00
  925.00   12.26   12.41   12.60   12.64   12.76   12.89   13.01   13.00   13.28   13.08   12.66   13.39   13.67   14.11   14.25   14.45   14.65   14.34   14.24   14.81   14.45   13.85   13.74   13.57
  950.00   13.91   14.18   14.28   14.34   14.41   14.47   14.69   14.64   14.50   15.01   14.82   15.15   15.69   16.05   16.13   16.11   15.92   15.66   15.25   14.69   14.24   14.08   14.29   14.31
  975.00   15.57   15.71   15.81   15.83   15.88   15.97   16.08   16.02   16.31   16.72   16.56   17.06   17.44   17.58   17.52   17.46   17.23   16.92   16.55   16.21   15.96   15.77   15.82   16.01
 1000.00   17.30   17.37   17.40   17.44   17.52   17.63   17.65   17.64   17.83   18.30   18.08   18.58   18.93   19.14   19.16   19.09   18.89   18.63   18.24   17.92   17.70   17.54   17.61   17.66
