#  level#  00:00#  01:00#  02:00#  03:00#  04:00#  05:00#  06:00#  07:00#  08:00#  09:00#  10:00#  11:00#  12:00#  13:00#  14:00#  15:00#  16:00#  17:00#  18:00#  19:00#  20:00#  21:00#  22:00#  23:00
    1.00  -24.79  -26.18  -26.57  -25.26  -25.25  -25.60  -26.64  -27.52  -28.12  -27.53  -23.93  -22.74  -22.22  -21.81  -22.55  -23.48  -23.19  -22.65  -22.24  -21.26  -19.22  -17.81  -18.46  -18.45
    2.00  -20.90  -23.38  -26.18  -28.50  -28.19  -27.67  -27.18  -26.59  -26.46  -25.53  -25.14  -24.71  -24.25  -22.03  -20.11  -19.79  -18.45  -17.72  -17.75  -17.96  -16.98  -16.79  -18.06  -20.71
    3.00  -33.96  -34.97  -36.62  -38.07  -39.19  -40.09  -39.73  -39.76  -40.60  -39.86  -40.36  -39.77  -39.48  -39.33  -38.92  -39.30  -38.55  -37.17  -35.43  -35.30  -34.36  -31.69  -30.71  -30.63
   10.00  -51.80  -52.18  -53.05  -53.93  -54.55  -55.23  -55.35  -54.66  -54.15  -53.45  -53.78  -53.91  -54.32  -55.10  -55.27  -55.20  -55.69  -55.67  -55.03  -54.61  -54.26  -55.08  -55.53  -55.20
   20.00  -52.99  -54.04  -54.45  -54.97  -55.20  -54.90  -54.67  -54.66  -54.76  -54.31  -53.92  -53.31  -53.32  -53.70  -54.27  -54.67  -54.54  -54.92  -55.87  -56.07  -56.06  -55.45  -54.90  -54.94
   30.00  -55.45  -54.60  -54.76  -55.30  -55.87  -56.32  -56.06  -55.59  -55.66  -55.92  -56.28  -56.73  -57.01  -56.50  -55.87  -56.11  -56.52  -56.04  -55.02  -54.90  -54.49  -54.70  -55.68  -56.15
   50.00  -59.13  -59.45  -59.11  -58.47  -58.50  -58.62  -58.72  -58.92  -59.33  -59.52  -59.21  -59.34  -59.19  -59.12  -59.14  -58.71  -58.05  -57.97  -58.11  -58.29  -58.96  -59.20  -58.53  -58.29
   70.00  -59.51  -59.72  -60.05  -60.59  -60.72  -60.53  -60.52  -60.50  -60.11  -59.64  -59.70  -59.44  -59.31  -59.49  -60.05  -60.47  -60.35  -59.81  -59.42  -59.28  -59.39  -59.55  -59.49  -59.33
  100.00  -58.05  -58.03  -58.14  -58.27  -58.17  -58.20  -58.16  -57.92  -57.67  -57.66  -58.01  -58.30  -58.33  -58.24  -58.14  -58.03  -58.06  -58.42  -58.69  -58.36  -57.93  -57.91  -57.93  -57.96
  125.00  -55.78  -55.66  -55.69  -55.99  -56.28  -56.50  -56.40  -56.09  -55.88  -55.89  -56.15  -56.54  -56.77  -56.83  -56.92  -57.01  -56.87  -56.80  -56.98  -56.96  -56.73  -56.78  -57.09  -57.39
  150.00  -54.20  -54.14  -54.01  -54.02  -54.16  -54.49  -54.85  -54.88  -54.59  -54.23  -53.99  -54.13  -54.27  -54.25  -54.19  -54.32  -54.48  -54.45  -54.45  -54.44  -54.12  -53.92  -54.10  -54.40
  175.00  -53.22  -53.18  -52.91  -52.64  -52.52  -52.59  -52.93  -53.26  -53.36  -53.14  -52.45  -52.65  -53.06  -53.46  -53.51  -53.37  -53.39  -53.28  -53.21  -53.43  -53.38  -53.11  -52.93  -52.85
  200.00  -53.50  -53.69  -53.69  -53.55  -53.58  -53.66  -53.95  -54.40  -54.79  -54.72  -54.35  -54.30  -54.30  -54.45  -54.62  -54.37  -54.14  -54.12  -54.01  -54.12  -54.17  -53.89  -53.44  -53.44
  225.00  -53.69  -54.05  -54.46  -54.58  -54.76  -54.94  -55.10  -55.37  -55.76  -55.97  -56.07  -56.14  -56.15  -56.11  -56.16  -56.20  -56.04  -55.85  -55.69  -55.69  -55.80  -55.73  -55.42  -55.25
  250.00  -54.91  -54.83  -55.07  -55.27  -55.40  -55.47  -55.38  -55.23  -55.14  -54.86  -54.49  -54.44  -54.47  -54.64  -54.96  -55.37  -55.64  -55.63  -55.44  -55.37  -55.51  -55.64  -55.84  -55.88
  300.00  -53.30  -53.03  -52.58  -52.12  -51.90  -51.70  -51.21  -50.59  -50.26  -50.05  -50.08  -50.26  -50.50  -50.66  -50.92  -51.17  -51.42  -51.78  -52.02  -52.20  -52.41  -52.64  -52.79  -52.76
  350.00  -46.53  -46.45  -46.23  -45.85  -45.38  -44.81  -44.47  -44.40  -44.28  -44.22  -44.19  -44.17  -44.06  -43.96  -44.04  -44.28  -44.57  -44.90  -45.20  -45.43  -45.63  -45.86  -46.00  -46.19
  400.00  -39.33  -39.31  -39.41  -39.42  -39.11  -38.66  -37.99  -37.61  -37.62  -37.74  -37.70  -37.69  -37.58  -37.48  -37.41  -37.44  -37.50  -37.73  -38.09  -38.49  -38.84  -39.09  -39.17  -39.32
  450.00  -33.28  -33.01  -32.91  -33.09  -33.11  -32.93  -32.49  -31.76  -31.40  -31.41  -31.36  -31.55  -31.64  -31.75  -31.66  -31.49  -31.34  -31.25  -31.33  -31.52  -31.75  -31.97  -32.04  -32.16
  500.00  -27.80  -27.64  -27.24  -26.97  -26.97  -27.12  -27.26  -27.00  -26.56  -26.19  -25.69  -25.74  -25.92  -26.11  -26.23  -26.24  -26.17  -26.02  -25.83  -25.68  -25.57  -25.50  -25.53  -25.56
  550.00  -22.42  -22.41  -22.16  -21.77  -21.58  -21.67  -22.16  -22.73  -22.97  -22.71  -21.78  -20.84  -20.86  -20.91  -20.93  -21.01  -21.14  -21.28  -21.33  -21.30  -21.25  -21.24  -21.44  -21.42
  600.00  -17.82  -17.76  -18.27  -19.02  -19.58  -19.48  -19.65  -20.42  -20.92  -20.98  -21.50  -20.49  -19.86  -19.64  -19.23  -19.06  -19.00  -18.98  -18.86  -18.58  -18.22  -17.98  -18.07  -17.84
  650.00  -14.56  -15.01  -15.67  -16.23  -16.74  -17.19  -17.79  -18.11  -18.41  -18.65  -18.64  -19.11  -19.40  -19.46  -19.39  -19.33  -19.21  -19.30  -19.16  -19.00  -18.64  -17.70  -18.29  -16.30
  700.00  -12.04  -12.61  -12.84  -12.99  -13.28  -13.80  -14.30  -14.87  -15.30  -15.73  -15.75  -15.79  -16.14  -16.41  -16.47  -16.53  -16.59  -16.50  -16.44  -16.45  -16.65  -16.65  -16.75  -16.83
  750.00   -9.78   -9.85   -9.62   -9.71   -9.88  -10.40  -10.90  -11.32  -11.77  -12.24  -13.07  -12.97  -12.85  -12.71  -12.73  -12.73  -12.86  -12.97  -13.11  -13.21  -13.43  -13.63  -13.83  -13.92
  775.00   -8.35   -8.28   -8.05   -8.18   -8.26   -8.77   -9.25   -9.70  -10.03  -10.51  -11.58  -11.56  -11.45  -11.12  -11.10  -11.02  -11.11  -11.24  -11.45  -11.61  -11.86  -12.04  -12.41  -12.48
  800.00   -6.79   -6.63   -6.49   -6.57   -6.58   -6.98   -7.50   -8.06   -8.38   -8.87   -9.88   -9.99   -9.96   -9.65   -9.57   -9.43   -9.48   -9.62   -9.87  -10.06  -10.30  -10.60  -10.88  -10.96
  825.00   -5.14   -5.04   -4.94   -4.87   -4.92   -5.33   -5.86   -6.45   -6.81   -7.32   -8.08   -8.27   -8.37   -8.19   -8.06   -7.87   -7.98   -8.13   -8.36   -8.54   -8.84   -9.05   -9.07   -9.36
  850.00   -3.47   -3.55   -3.42   -3.30   -3.38   -3.83   -4.33   -4.92   -5.28   -5.77   -6.26   -6.54   -6.68   -6.75   -6.61   -6.44   -6.53   -6.68   -6.88   -7.09   -7.35   -7.48   -7.08   -7.58
  875.00   -2.08   -2.19   -2.09   -2.00   -2.05   -2.47   -2.84   -3.36   -3.72   -4.18   -4.50   -4.94   -5.11   -5.12   -5.09   -5.02   -5.18   -5.38   -5.52   -5.70   -5.91   -6.05   -5.36   -5.97
  900.00   -0.96   -0.98   -0.85   -0.82   -0.84   -1.10   -1.39   -1.84   -2.34   -2.76   -2.91   -3.30   -3.40   -3.55   -3.55   -3.60   -3.78   -4.10   -4.16   -4.19   -4.43   -4.69   -4.12   -4.70
  925.00    0.58    0.49    0.47    0.38    0.31    0.14   -0.02   -0.30   -0.69   -1.14   -1.52   -1.73   -1.85   -1.99   -2.13   -2.26   -2.49   -2.68   -2.69   -2.75   -2.95   -3.25   -2.70   -3.43
  950.00    2.46    2.34    2.13    1.94    1.58    1.46    1.33    1.19    0.80    0.45   -0.15   -0.15   -0.29   -0.44   -0.44   -0.74   -0.92   -1.01   -1.05   -1.12   -1.40   -1.61   -1.64   -1.94
  975.00    4.15    4.05    3.89    3.77    3.34    3.17    3.09    2.99    2.45    2.05    1.40    1.20    1.03    0.87    0.86    0.69    0.63    0.54    0.46    0.36    0.08   -0.07   -0.20   -0.41
 1000.00    5.84    5.76    5.61    5.47    5.11    4.92    4.80    4.73    4.25    3.78    3.01    2.75    2.48    2.35    2.49    2.34    2.33    2.19    2.06    1.86    1.53    1.42    1.22    1.13
