#  level#  00:00#  01:00#  02:00#  03:00#  04:00#  05:00#  06:00#  07:00#  08:00#  09:00#  10:00#  11:00#  12:00#  13:00#  14:00#  15:00#  16:00#  17:00#  18:00#  19:00#  20:00#  21:00#  22:00#  23:00
    1.00   -1.62   -3.03   -4.76   -6.99  -10.20  -12.59  -12.67  -12.60  -11.80  -10.31   -7.11   -4.62   -2.92   -2.99   -3.32   -4.26   -6.72   -7.36   -7.16   -5.72   -4.73   -3.75   -2.15   -1.22
    2.00  -16.98  -16.00  -16.21  -16.46  -18.18  -19.48  -19.71  -19.99  -18.78  -18.64  -19.60  -19.75  -18.29  -18.18  -17.14  -16.34  -15.21  -16.79  -17.59  -17.77  -17.74  -20.16  -22.32  -21.54
    3.00  -28.62  -28.45  -28.09  -27.21  -25.84  -27.21  -29.40  -30.30  -30.25  -29.79  -30.08  -30.48  -30.27  -29.83  -28.46  -27.57  -25.20  -24.89  -24.60  -25.44  -25.04  -24.12  -25.98  -27.31
   10.00  -47.10  -47.53  -47.08  -47.34  -48.19  -47.37  -46.61  -46.76  -46.94  -47.15  -47.25  -47.67  -47.96  -48.18  -47.32  -46.04  -45.71  -45.67  -45.00  -45.51  -46.24  -46.02  -45.38  -46.04
   20.00  -56.62  -56.76  -57.08  -56.99  -57.05  -57.82  -57.90  -57.52  -56.62  -55.78  -56.08  -55.95  -56.01  -56.90  -57.56  -57.39  -56.67  -56.52  -55.95  -54.86  -54.48  -55.03  -54.14  -53.65
   30.00  -60.79  -59.88  -59.43  -59.58  -59.38  -59.29  -60.44  -61.66  -62.36  -62.60  -61.75  -61.72  -60.81  -59.85  -59.45  -59.56  -59.65  -59.58  -59.54  -59.57  -59.37  -59.16  -60.19  -60.95
   50.00  -64.23  -64.00  -64.42  -64.56  -64.81  -65.33  -65.61  -65.54  -65.30  -65.20  -65.01  -64.76  -64.38  -64.05  -63.92  -64.06  -64.44  -64.49  -64.38  -64.50  -64.59  -64.65  -64.67  -65.27
   70.00  -67.68  -67.55  -67.05  -66.53  -66.19  -65.74  -65.61  -65.64  -65.59  -65.69  -66.12  -66.23  -66.13  -65.79  -65.85  -66.02  -66.14  -66.39  -66.50  -66.46  -66.35  -66.40  -66.30  -66.39
  100.00  -67.89  -68.09  -68.32  -68.43  -68.27  -67.95  -67.37  -66.76  -66.41  -66.23  -66.34  -66.28  -66.58  -66.78  -66.09  -65.58  -65.04  -64.73  -64.54  -64.29  -64.14  -63.99  -63.60  -63.23
  125.00  -67.66  -67.37  -67.14  -67.43  -67.72  -67.59  -67.37  -67.12  -66.79  -66.48  -66.30  -65.96  -65.97  -66.67  -66.91  -66.79  -66.74  -66.46  -66.31  -66.07  -65.74  -65.49  -65.14  -64.96
  150.00  -67.62  -67.43  -67.22  -67.06  -67.29  -67.55  -67.50  -67.25  -67.07  -66.97  -66.90  -66.67  -66.24  -66.18  -66.26  -66.09  -65.74  -65.42  -65.09  -64.68  -64.17  -63.93  -63.77  -64.01
  175.00  -65.85  -65.70  -65.55  -65.41  -65.36  -65.32  -65.30  -65.32  -65.34  -65.37  -65.61  -65.54  -65.09  -64.56  -64.18  -63.90  -63.68  -63.61  -63.71  -63.88  -63.89  -63.59  -62.98  -62.83
  200.00  -61.36  -61.43  -61.37  -61.14  -60.92  -60.82  -60.82  -60.84  -60.83  -60.86  -60.69  -60.81  -60.77  -60.53  -60.22  -60.04  -59.99  -60.02  -60.16  -60.48  -60.82  -61.08  -61.21  -61.41
  225.00  -55.53  -55.64  -55.68  -55.71  -55.78  -55.91  -56.10  -56.20  -56.17  -56.03  -55.63  -55.87  -56.11  -56.33  -56.48  -56.62  -56.78  -56.87  -56.93  -57.11  -57.35  -57.54  -57.57  -57.67
  250.00  -50.14  -50.26  -50.30  -50.27  -50.36  -50.58  -50.84  -51.05  -51.22  -51.40  -51.26  -51.51  -51.70  -51.85  -52.00  -52.14  -52.31  -52.39  -52.43  -52.49  -52.65  -52.84  -53.03  -53.11
  300.00  -40.11  -40.38  -40.62  -40.80  -40.92  -41.00  -41.07  -41.18  -41.30  -41.37  -41.32  -41.51  -41.58  -41.65  -41.73  -41.85  -42.03  -42.20  -42.48  -42.73  -42.95  -43.11  -43.24  -43.36
  350.00  -31.63  -31.77  -31.93  -32.10  -32.27  -32.43  -32.63  -32.82  -32.96  -33.08  -33.30  -33.52  -33.73  -33.91  -34.05  -33.99  -33.85  -33.87  -33.87  -33.99  -34.13  -34.27  -34.72  -34.90
  400.00  -24.38  -24.46  -24.57  -24.73  -24.92  -25.06  -25.13  -25.23  -25.34  -25.46  -25.84  -25.98  -26.13  -26.31  -26.53  -26.75  -26.96  -27.10  -27.13  -27.15  -27.22  -27.29  -27.82  -27.93
  450.00  -18.07  -18.25  -18.50  -18.76  -19.05  -19.22  -19.24  -19.19  -19.15  -19.18  -19.55  -19.56  -19.59  -19.62  -19.74  -19.88  -20.04  -20.20  -20.26  -20.34  -20.48  -20.62  -20.94  -21.07
  500.00  -12.57  -12.70  -12.88  -13.06  -13.30  -13.52  -13.69  -13.79  -13.80  -13.78  -14.17  -14.20  -14.22  -14.12  -14.11  -14.15  -14.23  -14.35  -14.35  -14.35  -14.42  -14.50  -14.73  -14.88
  550.00   -7.45   -7.53   -7.69   -7.83   -8.02   -8.25   -8.48   -8.70   -8.85   -8.90   -8.94   -8.91   -8.92   -8.84   -8.80   -8.86   -8.97   -9.10   -9.14   -9.15   -9.21   -9.28   -9.45   -9.53
  600.00   -2.55   -2.67   -2.86   -2.99   -3.13   -3.35   -3.62   -3.86   -3.99   -4.00   -3.87   -3.79   -3.76   -3.70   -3.73   -3.86   -3.98   -4.09   -4.17   -4.23   -4.33   -4.44   -4.35   -4.43
  650.00    1.72    1.71    1.58    1.51    1.44    1.30    1.06    0.83    0.68    0.65    0.49    0.56    0.60    0.69    0.75    0.73    0.68    0.60    0.55    0.54    0.52    0.48    0.50    0.37
  700.00    5.33    5.38    5.33    5.30    5.29    5.24    5.17    5.02    4.80    4.65    4.35    4.45    4.57    4.66    4.73    4.74    4.73    4.72    4.73    4.73    4.73    4.70    4.26    4.31
  750.00    8.43    8.38    8.33    8.40    8.51    8.65    8.67    8.66    8.55    8.46    8.24    8.37    8.50    8.54    8.49    8.50    8.50    8.48    8.43    8.35    8.33    8.24    7.83    7.92
  775.00    9.93    9.80    9.73    9.87   10.05   10.23   10.31   10.31   10.32   10.31   10.25   10.35   10.41   10.41   10.41   10.39   10.29   10.21   10.22   10.19   10.14   10.07    9.95    9.94
  800.00   11.36   11.25   11.23   11.36   11.57   11.82   11.89   11.85   11.95   12.01   12.14   12.27   12.29   12.23   12.21   12.02   11.81   11.79   11.86   11.93   11.93   11.90   11.95   11.93
  825.00   12.76   12.68   12.70   12.85   13.09   13.33   13.33   13.36   13.51   13.61   13.85   14.05   14.10   13.98   13.60   13.42   13.32   13.40   13.50   13.56   13.58   13.54   13.74   13.72
  850.00   14.02   13.99   14.02   14.16   14.40   14.59   14.63   14.72   14.88   15.05   15.44   15.64   15.68   15.05   14.84   15.07   15.24   15.22   15.20   15.18   15.13   15.02   15.37   15.35
  875.00   15.25   15.26   15.30   15.45   15.56   15.62   15.61   15.65   15.85   16.07   16.29   16.62   16.33   16.12   16.75   17.21   17.46   17.36   17.22   17.11   17.01   16.86   17.15   17.09
  900.00   16.02   16.02   16.16   16.25   16.22   16.14   16.08   16.08   16.25   16.55   16.82   16.58   16.99   18.01   19.04   19.65   19.80   19.61   19.32   19.04   18.81   18.62   18.69   18.58
  925.00   16.22   15.99   15.93   15.99   15.75   15.49   15.08   14.76   14.67   14.61   14.97   16.82   18.88   20.42   21.50   22.09   22.16   21.88   21.44   20.91   20.46   20.11   19.97   19.68
  950.00   16.34   15.93   15.70   15.53   15.22   14.86   14.51   14.21   14.06   14.76   15.90   18.58   20.63   22.21   23.30   23.86   23.73   23.12   22.24   21.41   20.81   20.21   20.02   19.47
  975.00   18.57   18.21   18.07   18.00   17.66   17.19   16.76   16.47   16.36   16.53   17.22   19.88   21.95   23.52   24.62   25.20   25.23   24.89   24.38   23.86   23.43   23.07   22.94   22.71
 1000.00   19.99   19.64   19.51   19.44   19.12   18.65   18.23   17.93   17.79   17.91   18.62   21.31   23.40   24.96   26.05   26.64   26.68   26.34   25.85   25.33   24.92   24.56   24.43   24.18
