#  level#  00:00#  01:00#  02:00#  03:00#  04:00#  05:00#  06:00#  07:00#  08:00#  09:00#  10:00#  11:00#  12:00#  13:00#  14:00#  15:00#  16:00#  17:00#  18:00#  19:00#  20:00#  21:00#  22:00#  23:00
    1.00   -4.80   -3.86   -4.15   -5.52   -7.48   -9.31   -9.33   -6.76   -3.51   -4.06   -5.74   -6.03   -4.88   -2.02   -1.64   -4.10   -5.37   -4.00   -1.93   -1.00   -3.09   -6.04   -5.70   -4.12
    2.00   -0.88   -2.57   -5.37   -5.79   -6.34   -5.54   -4.52   -4.56   -4.21   -0.76    0.11   -2.15   -4.57   -6.01   -4.03   -0.13    1.74    1.40   -0.01   -1.14   -0.23    2.28    1.73   -0.25
    3.00  -12.93  -11.35  -10.44  -11.18  -13.30  -16.29  -17.77  -17.96  -16.95  -13.93  -10.21   -8.14   -7.49   -8.53  -11.52  -12.20  -10.15   -9.30   -8.40   -9.81  -11.73  -11.22   -8.61   -7.07
   10.00  -41.40  -41.33  -41.97  -43.68  -44.03  -42.09  -41.18  -40.90  -41.36  -42.06  -42.55  -42.56  -42.73  -40.69  -39.82  -40.86  -41.69  -40.80  -39.79  -39.66  -40.51  -40.31  -40.14  -40.19
   20.00  -53.23  -53.25  -54.01  -53.85  -52.85  -52.90  -53.25  -53.55  -53.55  -52.92  -51.97  -51.64  -52.16  -53.17  -54.61  -55.09  -53.46  -51.66  -51.04  -51.96  -52.36  -52.00  -52.45  -52.84
   30.00  -57.99  -58.02  -57.41  -56.49  -56.86  -57.66  -57.72  -56.63  -56.11  -56.85  -57.51  -57.52  -57.11  -56.88  -56.39  -56.32  -56.78  -57.40  -57.42  -56.09  -56.23  -56.63  -56.51  -55.99
   50.00  -56.39  -56.19  -56.22  -56.18  -55.94  -55.65  -55.81  -56.53  -57.28  -57.61  -57.15  -56.36  -55.74  -55.97  -56.74  -57.04  -56.61  -56.04  -55.79  -56.31  -56.71  -57.22  -57.13  -57.47
   70.00  -55.18  -55.39  -55.86  -56.02  -56.12  -55.94  -55.32  -55.14  -54.86  -54.67  -54.69  -55.51  -55.69  -55.16  -54.71  -54.64  -54.96  -55.34  -55.32  -55.50  -55.31  -55.36  -54.87  -54.59
  100.00  -54.16  -53.74  -53.66  -54.15  -54.67  -54.77  -54.33  -53.95  -54.17  -54.45  -54.36  -54.24  -54.39  -54.53  -54.59  -54.50  -54.66  -54.91  -55.05  -54.84  -54.73  -54.04  -54.17  -54.24
  125.00  -53.39  -53.28  -53.12  -52.91  -52.85  -53.12  -53.52  -53.48  -53.34  -53.46  -53.88  -53.76  -53.62  -53.56  -53.75  -53.67  -53.42  -53.20  -53.41  -53.66  -54.02  -54.13  -53.95  -53.91
  150.00  -51.27  -51.06  -50.97  -50.82  -50.81  -51.04  -51.40  -51.59  -51.55  -51.55  -51.80  -51.81  -51.68  -51.56  -51.71  -51.87  -52.08  -52.31  -52.29  -52.24  -52.34  -52.63  -52.30  -52.20
  175.00  -50.63  -50.80  -50.60  -50.20  -50.15  -50.35  -50.57  -50.78  -50.91  -51.11  -51.18  -51.35  -51.29  -51.25  -51.30  -51.23  -51.14  -51.37  -51.37  -51.31  -51.21  -51.44  -51.44  -51.58
  200.00  -51.83  -52.58  -52.74  -52.05  -51.53  -51.44  -51.60  -51.91  -51.90  -51.76  -51.10  -51.57  -51.95  -52.16  -52.21  -52.24  -51.86  -51.97  -52.00  -52.04  -51.92  -51.87  -51.60  -51.91
  225.00  -58.79  -59.01  -60.30  -60.85  -59.93  -58.58  -57.64  -57.36  -57.18  -56.89  -55.84  -55.40  -55.37  -55.74  -55.81  -55.90  -55.65  -55.59  -55.53  -55.30  -54.97  -54.79  -54.28  -54.21
  250.00  -59.03  -58.88  -58.88  -58.93  -58.96  -58.95  -58.89  -58.84  -58.74  -58.66  -58.85  -58.53  -57.81  -57.07  -56.68  -56.69  -56.71  -56.65  -56.57  -56.36  -55.94  -55.53  -55.09  -54.81
  300.00  -49.39  -49.46  -49.34  -49.24  -49.28  -49.38  -49.41  -49.42  -49.45  -49.52  -49.47  -49.50  -49.51  -49.44  -49.40  -49.35  -49.29  -49.28  -49.33  -49.41  -49.48  -49.54  -49.64  -49.77
  350.00  -40.08  -40.17  -40.22  -40.24  -40.26  -40.30  -40.32  -40.32  -40.30  -40.34  -40.30  -40.30  -40.33  -40.33  -40.39  -40.40  -40.42  -40.49  -40.61  -40.78  -40.96  -41.13  -41.46  -41.72
  400.00  -31.84  -31.72  -31.64  -31.72  -31.88  -32.04  -32.11  -32.23  -32.39  -32.55  -32.80  -32.87  -33.03  -33.11  -33.10  -33.00  -32.91  -32.88  -32.98  -33.21  -33.44  -33.64  -34.01  -34.27
  450.00  -25.52  -25.37  -25.43  -25.71  -25.89  -25.91  -25.83  -25.85  -25.99  -26.23  -26.55  -26.63  -26.73  -26.84  -26.93  -26.93  -26.85  -26.68  -26.67  -26.86  -27.07  -27.25  -27.78  -27.95
  500.00  -19.93  -19.81  -19.77  -19.91  -20.11  -20.24  -20.19  -20.16  -20.18  -20.28  -20.29  -20.30  -20.35  -20.44  -20.55  -20.64  -20.70  -20.68  -20.69  -20.82  -20.97  -21.10  -21.62  -21.75
  550.00  -14.93  -14.98  -15.01  -15.22  -15.53  -15.72  -15.64  -15.46  -15.25  -15.14  -15.09  -15.05  -15.05  -15.04  -15.06  -14.99  -15.00  -14.90  -14.90  -15.12  -15.39  -15.54  -15.80  -15.91
  600.00  -10.95  -11.02  -11.24  -11.53  -11.85  -12.13  -12.01  -11.83  -11.66  -11.31  -11.26  -11.04  -10.98  -10.96  -11.16  -11.17  -11.33  -11.22  -11.19  -11.32  -11.56  -11.58  -11.41  -11.36
  650.00   -7.60   -7.50   -7.81   -8.18   -8.33   -8.37   -8.30   -8.14   -8.11   -7.89   -8.11   -8.06   -7.99   -7.93   -7.99   -7.95   -8.07   -8.06   -8.05   -8.06   -8.18   -8.05   -7.79   -7.73
  700.00   -4.87   -4.64   -4.73   -5.00   -4.93   -4.97   -5.14   -4.88   -4.86   -4.79   -5.16   -5.37   -5.43   -5.19   -4.99   -4.70   -4.59   -4.41   -4.47   -4.57   -4.76   -4.72   -4.84   -4.93
  750.00   -1.87   -1.86   -2.01   -1.83   -1.76   -1.70   -1.75   -1.68   -1.73   -1.76   -1.86   -2.01   -2.30   -2.18   -1.79   -1.41   -1.22   -1.20   -1.48   -1.73   -1.90   -1.74   -1.88   -1.73
  775.00   -0.38   -0.39   -0.53   -0.27   -0.35   -0.05   -0.23   -0.28   -0.34   -0.30   -0.20   -0.44   -0.68   -0.65   -0.32    0.03    0.24    0.26    0.01   -0.24   -0.27   -0.07   -0.19   -0.10
  800.00    1.05    1.05    1.03    1.14    1.01    1.35    1.31    1.16    1.33    1.44    1.29    1.07    0.93    0.90    1.14    1.46    1.74    1.76    1.64    1.52    1.47    1.60    1.46    1.46
  825.00    2.52    2.55    2.55    2.62    2.64    2.92    2.89    2.78    2.95    3.05    2.82    2.68    2.49    2.50    2.66    2.86    3.22    3.30    3.28    3.20    3.01    2.98    2.97    3.07
  850.00    3.79    3.87    3.88    4.11    4.22    4.34    4.29    4.44    4.36    4.46    4.53    4.22    4.07    4.11    4.14    4.23    4.61    4.75    4.73    4.48    4.24    4.18    4.48    4.48
  875.00    4.77    4.92    5.07    5.27    5.23    5.25    5.40    5.78    5.75    5.99    5.82    5.56    5.57    5.55    5.40    5.53    5.70    5.80    5.79    5.35    5.28    5.33    5.52    5.41
  900.00    5.77    5.97    6.02    5.96    5.90    5.86    6.14    6.48    6.68    7.11    6.49    6.54    6.73    6.83    6.63    6.62    6.65    6.60    6.58    6.17    6.11    6.21    6.13    5.91
  925.00    6.79    6.95    6.88    6.83    6.72    6.79    6.99    7.26    7.48    7.68    7.05    7.28    7.67    7.72    7.73    7.66    7.63    7.57    7.41    7.14    6.93    7.02    6.73    6.47
  950.00    8.03    8.10    8.06    7.92    7.88    7.91    8.08    8.23    8.37    8.58    7.82    8.24    8.72    8.89    9.05    9.02    8.89    8.69    8.33    8.18    8.10    7.88    7.55    7.46
  975.00    9.39    9.45    9.44    9.31    9.27    9.26    9.29    9.42    9.55    9.72    9.03    9.60   10.09   10.18   10.42   10.58   10.29   10.05    9.68    9.56    9.45    9.18    8.87    8.81
 1000.00   10.84   10.91   10.99   10.91   10.86   10.74   10.73   10.79   10.93   11.10   10.40   11.09   11.60   11.65   11.87   12.08   11.85   11.69   11.30   11.17   11.05   10.72   10.44   10.38
