#  level#  00:00#  01:00#  02:00#  03:00#  04:00#  05:00#  06:00#  07:00#  08:00#  09:00#  10:00#  11:00#  12:00#  13:00#  14:00#  15:00#  16:00#  17:00#  18:00#  19:00#  20:00#  21:00#  22:00#  23:00
    1.00  -19.67  -21.16  -21.47  -22.48  -23.11  -23.13  -23.34  -23.13  -23.76  -23.09  -22.17  -20.49  -18.94  -17.16  -15.97  -15.88  -15.73  -15.04  -14.36  -14.82  -15.16  -14.99  -15.90  -17.04
    2.00  -28.00  -29.76  -31.09  -31.05  -31.18  -31.75  -31.53  -33.22  -34.56  -33.93  -31.30  -29.34  -28.53  -28.28  -28.90  -30.27  -29.79  -29.07  -28.02  -25.57  -24.14  -23.39  -23.40  -25.22
    3.00  -39.38  -42.33  -44.37  -44.09  -42.15  -41.39  -40.65  -40.01  -41.17  -43.43  -44.03  -44.84  -45.51  -44.52  -42.24  -40.70  -40.86  -40.85  -41.30  -41.83  -41.88  -41.58  -42.17  -41.54
   10.00  -59.24  -58.95  -59.25  -59.93  -60.13  -59.31  -58.44  -58.39  -59.20  -59.13  -58.43  -56.95  -56.58  -56.99  -57.54  -58.21  -59.08  -59.41  -59.66  -60.13  -60.39  -59.80  -58.90  -58.42
   20.00  -62.43  -61.22  -60.61  -59.87  -60.17  -61.00  -61.64  -61.74  -61.25  -60.92  -61.17  -61.63  -61.13  -60.32  -60.59  -60.96  -60.62  -60.35  -60.40  -60.35  -60.67  -60.95  -60.65  -60.14
   30.00  -60.34  -60.96  -61.31  -60.94  -60.71  -60.77  -60.79  -60.74  -60.59  -60.42  -60.41  -60.37  -60.68  -60.71  -60.27  -59.94  -60.03  -60.10  -59.98  -59.99  -60.26  -60.95  -62.06  -61.71
   50.00  -58.66  -58.82  -59.26  -59.60  -59.69  -59.72  -59.71  -59.63  -59.89  -60.35  -60.30  -60.02  -59.49  -59.16  -59.38  -59.53  -59.55  -59.71  -59.88  -60.07  -60.06  -60.03  -60.25  -60.84
   70.00  -59.13  -59.28  -58.98  -58.65  -58.70  -58.73  -58.70  -58.54  -58.51  -58.71  -59.30  -59.58  -59.38  -58.98  -59.11  -59.49  -59.55  -59.47  -59.32  -59.23  -59.02  -58.70  -58.13  -58.08
  100.00  -56.73  -56.25  -56.06  -56.15  -56.59  -56.94  -57.15  -57.27  -57.24  -57.21  -57.34  -57.71  -58.10  -58.12  -57.89  -57.66  -57.59  -57.36  -57.22  -57.45  -57.74  -57.93  -57.88  -57.63
  125.00  -56.44  -56.60  -56.59  -56.39  -56.33  -56.29  -56.28  -56.57  -56.75  -56.37  -55.49  -54.93  -55.06  -55.27  -55.42  -55.43  -55.58  -55.60  -55.35  -55.15  -55.29  -55.82  -56.45  -56.75
  150.00  -54.62  -54.84  -55.12  -55.20  -55.04  -54.90  -54.79  -55.00  -55.28  -55.45  -55.28  -55.21  -55.44  -55.61  -55.68  -55.58  -55.53  -55.51  -55.32  -54.73  -53.88  -53.30  -53.33  -53.50
  175.00  -55.72  -56.01  -56.40  -56.72  -56.63  -56.46  -56.06  -55.68  -55.17  -54.88  -54.20  -54.02  -54.05  -53.97  -53.98  -53.85  -53.83  -54.09  -54.43  -54.53  -54.25  -53.60  -52.77  -52.36
  200.00  -57.66  -58.27  -59.09  -59.87  -60.40  -60.94  -61.19  -61.45  -61.57  -61.54  -61.40  -60.70  -60.26  -59.74  -59.41  -59.12  -58.79  -58.57  -58.34  -58.04  -57.74  -57.28  -56.55  -56.02
  225.00  -60.27  -60.17  -60.15  -60.22  -60.27  -60.35  -60.39  -60.49  -60.54  -60.61  -60.97  -60.99  -60.90  -60.66  -60.27  -59.80  -59.29  -58.81  -58.41  -58.10  -57.91  -57.74  -57.63  -57.40
  250.00  -57.38  -57.32  -57.37  -57.40  -57.31  -57.16  -57.06  -57.01  -56.94  -56.82  -56.68  -56.49  -56.29  -56.09  -55.89  -55.79  -55.85  -55.99  -56.22  -56.45  -56.60  -56.60  -56.60  -56.55
  300.00  -48.97  -48.98  -49.11  -49.25  -49.35  -49.39  -49.30  -49.12  -48.95  -48.94  -49.18  -49.28  -49.35  -49.46  -49.55  -49.68  -49.80  -49.84  -49.84  -49.88  -50.01  -50.18  -50.21  -50.27
  350.00  -41.59  -41.15  -40.82  -40.73  -40.75  -40.86  -41.01  -41.18  -41.35  -41.50  -41.86  -42.10  -42.34  -42.57  -42.75  -42.91  -43.05  -43.12  -43.07  -42.92  -42.85  -42.93  -43.05  -43.20
  400.00  -34.87  -34.33  -33.94  -33.73  -33.68  -33.67  -33.61  -33.49  -33.47  -33.59  -33.60  -33.75  -33.94  -34.14  -34.37  -34.64  -34.92  -35.21  -35.50  -35.77  -35.99  -36.15  -36.28  -36.31
  450.00  -29.21  -28.94  -28.56  -28.20  -28.02  -27.97  -27.90  -27.71  -27.51  -27.42  -27.15  -27.09  -27.08  -27.15  -27.22  -27.30  -27.46  -27.69  -27.97  -28.26  -28.56  -28.85  -29.11  -29.30
  500.00  -23.04  -23.08  -23.06  -22.98  -22.86  -22.79  -22.75  -22.69  -22.53  -22.40  -22.28  -22.19  -22.10  -22.11  -22.14  -22.15  -22.16  -22.15  -22.14  -22.22  -22.43  -22.76  -23.12  -23.43
  550.00  -17.27  -17.30  -17.32  -17.36  -17.37  -17.40  -17.46  -17.52  -17.56  -17.56  -17.47  -17.40  -17.34  -17.34  -17.40  -17.47  -17.54  -17.58  -17.59  -17.63  -17.73  -17.85  -17.97  -18.17
  600.00  -12.13  -12.23  -12.25  -12.26  -12.25  -12.32  -12.47  -12.67  -12.86  -13.01  -12.99  -12.91  -12.74  -12.62  -12.59  -12.64  -12.72  -12.78  -12.85  -12.96  -13.11  -13.25  -13.39  -13.53
  650.00   -7.17   -7.28   -7.36   -7.43   -7.48   -7.59   -7.77   -8.00   -8.25   -8.47   -8.33   -8.41   -8.40   -8.30   -8.20   -8.18   -8.26   -8.35   -8.42   -8.47   -8.54   -8.65   -8.85   -9.05
  700.00   -2.66   -2.78   -2.84   -2.85   -2.93   -3.18   -3.54   -3.90   -4.16   -4.37   -3.89   -3.99   -4.00   -4.02   -4.03   -4.07   -4.23   -4.45   -4.67   -4.80   -4.88   -4.90   -4.96   -5.10
  750.00    0.65    0.38    0.15   -0.03   -0.19   -0.55   -0.96   -1.23   -1.27   -1.24   -0.67   -0.81   -0.82   -0.88   -0.87   -0.86   -1.02   -1.27   -1.53   -1.70   -1.81   -1.82   -1.86   -2.01
  775.00    1.85    1.50    1.21    0.95    0.72    0.38    0.05   -0.17   -0.16   -0.07    0.29    0.10    0.13    0.15    0.22    0.33    0.31    0.19    0.00   -0.16   -0.24   -0.23   -0.37   -0.47
  800.00    3.08    2.78    2.49    2.22    1.95    1.66    1.40    1.22    1.18    1.21    1.28    1.05    1.04    1.11    1.28    1.50    1.64    1.62    1.49    1.35    1.27    1.30    1.14    1.11
  825.00    4.62    4.37    4.13    3.87    3.61    3.35    3.12    2.96    2.86    2.84    2.62    2.40    2.39    2.51    2.64    2.91    3.09    3.12    3.01    2.85    2.73    2.69    2.65    2.68
  850.00    6.16    5.96    5.75    5.53    5.36    5.21    5.04    4.88    4.74    4.62    4.22    4.04    4.05    4.03    4.15    4.40    4.52    4.55    4.48    4.34    4.24    4.16    4.32    4.28
  875.00    7.54    7.43    7.34    7.17    7.01    6.85    6.67    6.50    6.33    6.19    5.85    5.60    5.42    5.51    5.26    5.00    5.21    5.49    5.63    5.61    5.56    5.53    5.94    5.90
  900.00    8.67    8.56    8.40    8.19    8.00    7.79    7.59    7.38    7.22    7.07    6.80    6.60    6.25    5.47    5.63    5.78    5.87    6.13    6.53    6.69    6.66    6.59    7.11    7.18
  925.00    9.13    8.77    8.52    8.30    7.96    7.59    7.41    7.27    7.08    6.94    6.62    5.98    6.36    6.60    6.73    7.14    7.31    7.23    7.30    7.52    7.56    7.45    7.83    8.04
  950.00    8.47    8.24    7.94    7.67    7.41    7.12    6.91    6.68    6.51    6.35    6.69    7.04    7.27    7.96    8.69    9.24    9.40    9.14    8.70    8.45    8.31    8.15    8.25    8.44
  975.00    7.55    7.28    7.01    6.85    6.62    6.48    6.28    6.07    6.00    6.53    7.37    8.40    9.46   10.35   10.92   11.38   11.46   10.95   10.04    9.25    8.73    8.33    8.15    7.88
 1000.00    8.68    8.41    8.17    7.97    7.79    7.57    7.32    7.13    7.04    7.42    8.57    9.65   10.68   11.56   12.29   12.78   12.91   12.55   11.83   11.11   10.57   10.12   10.02    9.79
