#  level#  00:00#  01:00#  02:00#  03:00#  04:00#  05:00#  06:00#  07:00#  08:00#  09:00#  10:00#  11:00#  12:00#  13:00#  14:00#  15:00#  16:00#  17:00#  18:00#  19:00#  20:00#  21:00#  22:00#  23:00
    1.00   -9.36  -11.48  -12.04   -9.43   -8.99  -10.25   -9.67   -8.99   -7.66   -5.60   -4.63   -3.81   -2.66   -4.02   -6.18   -6.27   -3.91   -2.87   -2.30   -3.84   -5.85   -5.01   -4.64   -3.27
    2.00   -4.34   -6.29  -10.09  -13.90  -14.12  -15.45  -15.70  -15.34  -15.35  -14.04  -11.84  -10.72   -9.34   -6.22   -5.30   -6.51   -7.25   -7.37   -9.06   -9.10  -10.25   -9.88   -7.67   -6.54
    3.00  -13.01  -10.02  -10.80  -13.17  -15.60  -19.19  -20.95  -21.05  -20.72  -20.94  -18.92  -17.26  -17.72  -17.89  -16.84  -15.28  -15.31  -14.11  -13.36  -13.83  -14.34  -16.46  -18.79  -18.17
   10.00  -37.94  -39.24  -39.43  -38.80  -38.07  -38.57  -38.56  -38.71  -38.95  -38.79  -39.05  -39.16  -38.96  -37.98  -37.43  -37.77  -37.66  -37.44  -38.05  -38.15  -38.34  -38.85  -38.75  -38.06
   20.00  -52.27  -51.69  -51.12  -50.75  -50.77  -51.19  -51.56  -51.65  -51.95  -52.52  -51.79  -51.63  -51.62  -51.18  -50.92  -50.47  -50.81  -50.59  -49.96  -50.30  -51.18  -51.35  -50.60  -50.48
   30.00  -56.24  -56.06  -56.50  -57.24  -57.52  -57.46  -56.83  -56.12  -55.06  -55.35  -55.38  -55.13  -55.32  -55.31  -55.49  -55.58  -55.62  -55.46  -54.45  -53.80  -54.17  -54.72  -54.93  -54.50
   50.00  -63.16  -63.57  -63.34  -62.97  -62.19  -61.73  -61.27  -61.27  -61.77  -61.99  -62.35  -62.47  -62.14  -62.08  -62.02  -61.86  -61.69  -61.84  -61.88  -61.48  -60.86  -60.50  -61.04  -61.42
   70.00  -62.38  -62.56  -63.01  -63.59  -64.02  -64.21  -64.20  -63.98  -63.96  -63.87  -63.96  -64.61  -64.54  -64.16  -63.77  -63.65  -63.56  -63.77  -64.21  -64.47  -64.60  -64.34  -63.70  -63.44
  100.00  -63.71  -63.91  -64.11  -64.17  -64.39  -64.46  -64.38  -64.37  -64.21  -64.27  -64.00  -63.97  -64.46  -64.85  -64.96  -64.75  -64.41  -64.18  -64.09  -64.09  -64.10  -64.17  -63.98  -63.70
  125.00  -62.99  -62.67  -62.59  -62.52  -62.73  -62.98  -62.96  -63.33  -63.52  -63.40  -63.58  -63.32  -63.25  -63.21  -63.32  -63.54  -63.66  -63.51  -63.35  -63.05  -62.72  -62.68  -62.85  -63.02
  150.00  -62.49  -62.32  -62.29  -62.36  -61.71  -61.58  -61.76  -61.56  -61.69  -61.62  -60.63  -60.66  -60.55  -60.92  -61.38  -61.41  -61.44  -61.63  -62.30  -62.72  -63.02  -63.20  -63.10  -62.83
  175.00  -64.39  -63.74  -63.59  -63.77  -64.61  -64.75  -64.02  -63.68  -64.27  -64.82  -64.78  -64.44  -64.04  -63.60  -63.21  -63.30  -63.67  -63.75  -63.66  -63.63  -63.29  -63.09  -63.92  -64.09
  200.00  -62.30  -62.14  -61.68  -61.15  -60.43  -59.75  -60.70  -61.02  -61.00  -61.08  -61.30  -61.46  -61.60  -61.30  -60.79  -60.33  -60.03  -60.04  -60.25  -60.73  -61.13  -61.18  -61.38  -61.26
  225.00  -56.83  -56.95  -57.03  -56.79  -56.28  -55.69  -54.77  -55.07  -55.30  -55.28  -55.46  -55.54  -55.70  -55.83  -56.01  -55.95  -55.58  -55.15  -54.97  -55.10  -55.21  -55.20  -55.28  -55.20
  250.00  -50.92  -50.99  -51.18  -51.28  -51.33  -51.22  -50.88  -50.05  -49.75  -49.76  -50.01  -50.11  -50.30  -50.29  -50.27  -50.44  -50.49  -50.43  -50.04  -49.70  -49.67  -49.72  -49.83  -49.85
  300.00  -40.40  -40.49  -40.53  -40.54  -40.53  -40.73  -41.01  -41.00  -40.54  -40.29  -40.40  -40.39  -40.45  -40.40  -40.23  -40.15  -40.32  -40.44  -40.51  -40.50  -40.37  -40.32  -40.22  -40.40
  350.00  -31.12  -31.23  -31.36  -31.45  -31.44  -31.33  -31.30  -31.41  -31.56  -31.64  -31.79  -31.48  -31.31  -31.51  -31.70  -31.77  -31.62  -31.56  -31.48  -31.40  -31.51  -31.69  -31.84  -31.99
  400.00  -24.26  -24.13  -23.97  -24.01  -24.13  -24.05  -24.02  -24.27  -24.01  -23.65  -23.95  -23.97  -23.70  -23.60  -23.54  -23.53  -23.58  -23.70  -23.84  -24.03  -24.15  -24.09  -24.04  -24.13
  450.00  -18.83  -18.75  -18.65  -18.68  -18.74  -18.62  -18.37  -18.45  -18.42  -17.92  -17.76  -17.80  -17.54  -17.41  -17.35  -17.24  -17.14  -17.03  -17.05  -17.13  -17.31  -17.41  -17.32  -17.44
  500.00  -13.65  -13.64  -13.59  -13.61  -13.71  -13.72  -13.44  -13.15  -13.00  -12.74  -12.29  -12.33  -12.42  -12.58  -12.66  -12.54  -12.61  -12.76  -12.64  -12.33  -12.11  -11.98  -12.08  -12.27
  550.00   -8.62   -8.64   -8.61   -8.66   -8.85   -9.03   -8.86   -8.49   -8.47   -8.53   -8.15   -7.90   -7.88   -8.09   -8.44   -8.59   -8.74   -8.78   -8.67   -8.41   -8.07   -7.79   -8.05   -8.08
  600.00   -3.84   -3.98   -4.07   -4.18   -4.40   -4.74   -4.77   -4.54   -4.80   -5.06   -4.87   -4.43   -4.26   -4.36   -4.69   -4.84   -4.82   -4.76   -4.80   -4.87   -4.79   -4.62   -4.89   -4.93
  650.00    0.53    0.34   -0.04   -0.39   -0.85   -1.25   -1.26   -1.16   -1.43   -1.69   -1.74   -1.23   -0.92   -0.64   -0.87   -1.56   -1.87   -1.89   -1.39   -1.10   -1.18   -1.20   -1.49   -1.57
  700.00    3.49    3.27    3.02    2.69    2.29    2.04    2.04    2.17    2.08    1.94    1.83    2.06    2.23    2.08    1.63    1.71    2.41    2.36    2.21    2.44    2.54    2.54    2.48    2.35
  750.00    7.18    6.91    6.65    6.44    6.29    6.19    6.16    6.18    6.14    6.06    5.96    6.06    6.00    5.92    6.54    7.11    7.34    7.37    7.34    7.39    7.31    7.21    7.17    6.97
  775.00    9.42    9.21    9.00    8.82    8.66    8.54    8.43    8.37    8.32    8.23    8.07    8.18    7.75    8.47    9.09    9.67    9.83    9.76    9.73    9.76    9.70    9.58    9.47    9.23
  800.00   11.73   11.48   11.23   11.08   11.00   10.91   10.81   10.73   10.63   10.52   10.30   10.09   10.10   11.03   11.70   12.28   12.41   12.22   12.07   12.06   11.96   11.83   11.66   11.46
  825.00   13.90   13.56   13.23   13.06   12.97   12.82   12.70   12.68   12.60   12.49   12.12   11.56   12.58   13.56   14.23   14.84   14.97   14.70   14.31   14.21   14.12   14.00   13.95   13.73
  850.00   15.89   15.53   15.09   14.82   14.62   14.32   14.10   14.04   13.93   13.73   12.72   13.80   15.05   16.04   16.74   17.41   17.48   17.15   16.53   16.17   16.11   16.02   16.25   15.89
  875.00   17.92   17.52   17.04   16.62   16.14   15.54   15.06   14.75   14.48   14.30   14.55   16.15   17.42   18.49   19.17   19.88   19.92   19.64   18.97   18.21   17.95   17.90   18.02   17.70
  900.00   19.61   19.21   18.64   17.98   17.32   16.68   16.08   15.56   15.34   16.51   16.85   18.53   19.83   20.84   21.51   22.23   22.29   21.92   21.34   20.50   19.93   19.60   18.84   18.54
  925.00   20.53   19.95   19.18   18.33   17.74   17.15   16.76   16.52   17.64   19.14   19.62   21.28   22.63   23.66   24.24   25.00   24.98   24.40   23.66   22.80   21.99   21.29   19.34   18.94
  950.00   22.15   21.71   21.09   20.41   19.73   19.10   18.54   17.95   19.10   20.62   21.05   22.72   24.02   25.02   25.62   26.37   26.40   25.86   25.15   24.29   23.52   22.88   20.83   20.46
  975.00   23.59   23.15   22.54   21.88   21.19   20.55   20.00   19.43   20.57   22.09   22.54   24.22   25.53   26.56   27.14   27.89   27.91   27.38   26.67   25.82   25.02   24.35   22.31   21.90
 1000.00   25.03   24.58   23.98   23.31   22.64   21.99   21.41   20.82   21.97   23.49   23.94   25.62   26.95   27.97   28.57   29.32   29.34   28.81   28.11   27.26   26.45   25.80   23.76   23.36
