#  level#  00:00#  01:00#  02:00#  03:00#  04:00#  05:00#  06:00#  07:00#  08:00#  09:00#  10:00#  11:00#  12:00#  13:00#  14:00#  15:00#  16:00#  17:00#  18:00#  19:00#  20:00#  21:00#  22:00#  23:00
    1.00  -19.10  -19.73  -19.59  -20.31  -21.54  -22.11  -22.77  -22.28  -20.29  -19.38  -18.92  -18.61  -17.95  -16.85  -15.83  -14.79  -15.05  -15.75  -17.43  -16.90  -14.92  -13.85  -13.83  -14.02
    2.00  -21.33  -22.72  -23.07  -23.70  -24.49  -25.43  -26.58  -28.30  -29.16  -28.87  -28.15  -28.11  -26.93  -25.30  -24.31  -23.87  -24.17  -23.50  -23.32  -25.24  -26.84  -26.29  -25.13  -24.40
    3.00  -20.54  -21.30  -20.96  -20.88  -21.39  -22.28  -23.67  -24.51  -24.90  -24.81  -24.16  -24.46  -25.09  -25.79  -25.40  -24.46  -24.63  -24.41  -22.90  -21.98  -23.04  -23.79  -23.83  -23.86
   10.00  -44.45  -44.72  -44.25  -43.91  -43.53  -43.56  -43.88  -43.94  -44.00  -44.52  -45.60  -45.44  -44.56  -43.48  -42.38  -42.64  -43.38  -42.94  -42.93  -43.24  -43.79  -43.58  -43.10  -43.10
   20.00  -54.70  -54.79  -55.08  -55.39  -55.37  -54.83  -54.04  -53.41  -53.11  -53.33  -53.76  -54.84  -56.37  -57.01  -56.31  -54.61  -53.28  -52.72  -52.22  -52.09  -52.43  -52.62  -53.25  -53.07
   30.00  -57.04  -57.20  -57.02  -57.01  -57.14  -57.27  -57.35  -57.25  -56.94  -56.45  -55.35  -54.84  -54.78  -55.46  -56.28  -56.86  -57.03  -57.10  -57.02  -56.43  -55.73  -55.34  -55.24  -55.67
   50.00  -59.15  -59.46  -59.31  -58.98  -58.73  -58.39  -58.37  -58.53  -58.74  -59.10  -60.38  -59.76  -58.93  -58.44  -58.52  -58.61  -58.72  -58.84  -59.26  -59.57  -59.74  -59.42  -59.45  -59.52
   70.00  -60.10  -60.87  -61.54  -62.05  -62.28  -62.34  -62.48  -62.62  -62.74  -63.07  -62.28  -62.86  -63.78  -64.44  -64.56  -64.14  -63.88  -63.66  -63.68  -63.98  -64.36  -64.76  -64.13  -64.32
  100.00  -59.34  -59.14  -59.10  -59.26  -59.64  -59.85  -59.94  -60.13  -60.25  -60.26  -61.40  -61.37  -61.37  -61.29  -61.26  -61.41  -61.58  -61.65  -61.80  -61.88  -61.85  -61.73  -61.84  -61.39
  125.00  -58.73  -58.65  -58.52  -58.58  -58.62  -58.54  -58.44  -58.53  -58.62  -58.65  -58.80  -58.70  -58.28  -58.21  -58.17  -58.03  -57.99  -57.93  -57.90  -58.10  -58.39  -58.63  -58.87  -59.25
  150.00  -56.60  -56.63  -56.64  -56.60  -56.48  -56.49  -56.53  -56.53  -56.38  -56.38  -56.21  -56.32  -56.18  -56.19  -56.31  -56.34  -56.30  -56.21  -56.02  -55.90  -55.83  -55.84  -55.72  -56.10
  175.00  -55.67  -55.53  -55.40  -55.24  -55.12  -55.08  -55.09  -55.13  -55.19  -55.34  -55.15  -54.94  -54.87  -55.09  -55.29  -55.36  -55.68  -55.95  -55.98  -55.86  -55.62  -55.34  -54.61  -54.61
  200.00  -58.40  -58.52  -58.50  -58.25  -57.94  -57.63  -57.35  -57.04  -56.80  -56.61  -56.16  -55.82  -55.59  -55.61  -55.77  -55.89  -56.31  -56.80  -57.21  -57.31  -57.15  -56.75  -55.82  -55.54
  225.00  -58.35  -58.10  -57.91  -57.73  -57.51  -57.32  -57.21  -57.07  -56.94  -56.98  -57.49  -57.71  -57.89  -57.99  -57.79  -57.33  -57.16  -57.71  -58.74  -59.52  -60.10  -60.40  -59.99  -59.52
  250.00  -56.27  -56.01  -55.77  -55.72  -55.98  -56.31  -56.52  -56.66  -56.99  -57.48  -58.48  -58.97  -59.21  -59.43  -59.41  -59.25  -58.99  -58.93  -58.97  -58.79  -58.98  -59.30  -59.90  -59.97
  300.00  -50.22  -50.35  -50.68  -51.23  -51.58  -51.73  -51.68  -51.79  -52.10  -52.35  -52.92  -53.06  -53.19  -53.21  -53.24  -53.32  -53.24  -53.04  -52.76  -52.77  -52.80  -52.77  -53.29  -53.34
  350.00  -42.34  -42.51  -42.98  -43.54  -43.97  -44.18  -44.33  -44.45  -44.54  -44.62  -44.66  -44.75  -45.01  -45.13  -45.09  -45.08  -45.09  -45.03  -45.07  -44.97  -44.82  -44.88  -45.34  -45.71
  400.00  -36.35  -36.49  -36.69  -36.78  -36.77  -36.91  -37.13  -37.23  -37.26  -37.51  -37.37  -37.39  -37.39  -37.42  -37.47  -37.42  -37.34  -37.38  -37.43  -37.60  -37.79  -37.91  -37.75  -37.91
  450.00  -31.19  -31.52  -31.63  -31.39  -30.87  -30.53  -30.60  -30.74  -30.77  -30.96  -30.69  -30.85  -30.81  -30.75  -30.77  -30.76  -30.72  -30.59  -30.47  -30.60  -30.85  -31.09  -30.88  -30.88
  500.00  -26.90  -27.21  -27.08  -26.79  -26.48  -25.99  -25.63  -25.65  -25.66  -25.28  -24.51  -25.00  -25.40  -25.57  -25.69  -25.79  -25.77  -25.78  -25.69  -25.53  -25.24  -25.00  -24.94  -25.17
  550.00  -23.01  -23.68  -23.78  -23.37  -23.19  -23.21  -23.32  -23.35  -22.98  -22.51  -20.94  -20.86  -21.41  -21.72  -21.86  -21.92  -21.94  -22.03  -22.22  -22.14  -21.93  -21.60  -21.50  -21.52
  600.00  -20.41  -20.29  -20.36  -20.47  -20.50  -20.60  -20.81  -21.01  -20.91  -20.39  -19.76  -19.07  -18.87  -18.82  -18.81  -18.91  -19.02  -19.23  -19.43  -19.28  -19.03  -18.75  -18.43  -18.20
  650.00  -17.09  -16.62  -16.42  -16.60  -16.79  -16.94  -17.08  -17.17  -17.17  -17.00  -17.33  -17.04  -16.99  -16.77  -16.71  -16.59  -16.36  -16.42  -16.56  -16.50  -16.37  -16.17  -15.81  -15.43
  700.00  -12.65  -12.45  -12.36  -12.46  -12.62  -12.75  -12.84  -12.89  -12.93  -12.83  -13.53  -13.89  -14.07  -13.63  -13.28  -12.87  -12.46  -12.27  -12.32  -12.40  -12.47  -12.55  -12.70  -12.56
  750.00   -9.03   -8.86   -8.64   -8.73   -8.89   -8.92   -9.03   -9.16   -9.19   -9.12  -10.32  -10.76   -9.78   -9.31   -8.57   -8.23   -8.41   -8.05   -8.15   -8.33   -8.49   -8.64   -8.91   -8.96
  775.00   -7.28   -7.14   -6.94   -7.04   -7.22   -7.25   -7.40   -7.58   -7.70   -7.78   -9.00   -8.44   -7.49   -6.99   -6.29   -6.02   -5.99   -5.98   -6.05   -6.25   -6.45   -6.60   -6.83   -7.06
  800.00   -5.68   -5.73   -5.64   -5.89   -6.14   -6.25   -6.56   -6.77   -6.83   -6.83   -7.30   -6.05   -5.19   -4.68   -3.94   -3.68   -3.62   -3.74   -3.91   -4.17   -4.41   -4.63   -4.76   -5.11
  825.00   -4.20   -4.45   -4.59   -4.89   -5.12   -5.22   -5.38   -5.56   -5.54   -5.27   -4.95   -3.88   -2.97   -2.33   -1.56   -1.33   -1.24   -1.47   -1.80   -2.18   -2.50   -2.81   -2.79   -3.16
  850.00   -2.36   -2.70   -2.87   -3.10   -3.32   -3.44   -3.45   -3.53   -3.54   -3.42   -2.97   -1.64   -0.73   -0.06    0.70    0.95    1.07    0.57    0.31   -0.18   -0.57   -0.95   -0.83   -1.22
  875.00   -0.19   -0.60   -0.88   -1.14   -1.36   -1.46   -1.53   -1.57   -1.55   -1.49   -0.70    0.69    1.64    2.33    3.10    3.36    3.50    3.02    2.63    2.05    1.60    1.21    1.15    0.79
  900.00    1.88    1.42    1.06    0.78    0.55    0.42    0.28    0.20    0.17    0.54    1.51    2.95    3.92    4.61    5.36    5.60    5.73    5.44    4.88    4.27    3.78    3.38    3.27    2.84
  925.00    3.51    3.05    2.58    2.27    2.05    1.89    1.83    1.79    1.96    2.79    3.81    5.33    6.35    7.03    7.79    7.94    8.03    7.66    6.99    6.24    5.62    5.14    4.94    4.44
  950.00    4.90    4.45    4.02    3.69    3.47    3.30    3.20    3.15    3.23    4.05    5.04    6.54    7.55    8.25    8.99    9.17    9.28    8.94    8.30    7.59    7.00    6.57    6.44    5.97
  975.00    6.28    5.82    5.40    5.07    4.86    4.69    4.58    4.53    4.59    5.39    6.40    7.90    8.91    9.61   10.37   10.56   10.66   10.32    9.69    8.98    8.39    7.96    7.84    7.37
 1000.00    7.65    7.19    6.76    6.43    6.20    6.03    5.92    5.87    5.92    6.72    7.73    9.24   10.26   10.96   11.72   11.90   12.02   11.68   11.05   10.35    9.76    9.34    9.20    8.74
