#  level#  00:00#  01:00#  02:00#  03:00#  04:00#  05:00#  06:00#  07:00#  08:00#  09:00#  10:00#  11:00#  12:00#  13:00#  14:00#  15:00#  16:00#  17:00#  18:00#  19:00#  20:00#  21:00#  22:00#  23:00
    1.00  -22.30  -22.53  -24.38  -23.97  -24.21  -22.89  -21.36  -22.89  -23.48  -20.72  -14.38  -12.89  -13.00  -14.78  -17.91  -19.85  -21.12  -21.31  -21.08  -20.19  -19.10  -16.18  -17.15  -18.13
    2.00  -34.50  -35.09  -35.30  -36.20  -36.89  -36.74  -35.59  -34.47  -34.66  -35.03  -34.45  -32.86  -31.52  -29.96  -28.37  -27.49  -28.05  -29.91  -30.50  -29.37  -28.61  -28.35  -28.63  -27.38
    3.00  -38.11  -39.04  -39.61  -40.11  -40.76  -40.29  -39.79  -39.60  -39.38  -40.13  -41.75  -41.12  -39.01  -37.38  -36.22  -35.41  -35.73  -38.39  -40.24  -40.98  -40.60  -39.41  -39.72  -39.44
   10.00  -58.99  -58.92  -58.45  -57.10  -57.28  -58.32  -58.44  -58.47  -58.61  -58.76  -60.24  -60.39  -59.71  -59.45  -58.68  -58.78  -58.02  -58.01  -58.56  -58.76  -58.92  -59.48  -59.46  -59.83
   20.00  -63.99  -64.38  -64.88  -65.60  -65.41  -64.17  -64.57  -65.41  -65.62  -65.21  -65.02  -65.26  -65.14  -65.34  -66.37  -66.92  -66.63  -66.67  -66.62  -66.49  -66.18  -65.86  -66.68  -66.65
   30.00  -66.39  -67.14  -66.98  -66.10  -65.55  -65.34  -66.04  -66.91  -66.78  -66.23  -66.00  -65.74  -65.09  -64.45  -65.06  -66.10  -66.92  -67.33  -67.28  -66.88  -66.31  -66.06  -66.20  -67.25
   50.00  -65.94  -65.89  -65.79  -65.67  -65.60  -65.82  -65.72  -65.45  -65.66  -65.93  -65.73  -66.06  -66.62  -66.97  -67.06  -67.26  -67.82  -67.55  -67.20  -68.21  -69.48  -69.59  -69.50  -68.38
   70.00  -64.13  -64.39  -65.08  -65.96  -66.75  -67.53  -67.63  -67.24  -67.01  -67.06  -66.48  -66.41  -66.36  -66.26  -66.80  -66.84  -67.47  -68.51  -68.58  -67.85  -67.10  -66.89  -67.28  -67.64
  100.00  -65.07  -64.66  -64.55  -64.47  -64.21  -64.26  -64.62  -64.96  -65.04  -64.93  -65.12  -65.15  -65.16  -65.23  -65.05  -64.47  -64.32  -64.41  -64.56  -65.08  -65.43  -65.21  -65.02  -65.13
  125.00  -65.04  -65.12  -64.79  -64.38  -63.91  -63.53  -63.40  -63.34  -63.18  -62.90  -63.55  -63.69  -63.59  -63.51  -63.83  -63.87  -63.24  -62.68  -62.65  -62.43  -62.41  -62.76  -62.62  -62.68
  150.00  -63.65  -64.09  -64.33  -64.44  -64.44  -64.15  -63.80  -63.73  -63.75  -63.47  -62.56  -62.42  -62.42  -62.30  -62.00  -62.00  -62.63  -63.15  -63.09  -62.99  -63.18  -63.20  -63.03  -63.06
  175.00  -65.33  -65.58  -65.68  -65.65  -65.59  -65.30  -64.82  -64.68  -64.96  -65.37  -65.74  -66.05  -66.20  -66.27  -66.23  -65.82  -65.57  -65.62  -65.72  -65.73  -65.67  -65.47  -65.65  -66.32
  200.00  -63.55  -63.64  -63.73  -63.82  -63.91  -63.96  -63.91  -63.80  -63.68  -63.42  -62.98  -62.84  -62.66  -62.60  -62.71  -62.74  -62.68  -62.55  -62.53  -62.67  -62.86  -62.94  -62.79  -62.67
  225.00  -58.88  -58.86  -58.89  -58.99  -59.14  -59.28  -59.39  -59.44  -59.45  -59.39  -59.12  -58.98  -58.79  -58.63  -58.60  -58.57  -58.42  -58.08  -57.76  -57.70  -57.84  -57.97  -57.77  -57.71
  250.00  -53.89  -53.92  -53.98  -54.07  -54.19  -54.28  -54.28  -54.21  -54.13  -54.08  -53.94  -53.94  -53.90  -53.84  -53.85  -53.88  -53.88  -53.76  -53.54  -53.41  -53.44  -53.48  -53.31  -53.13
  300.00  -45.03  -45.04  -45.04  -45.02  -45.01  -45.01  -44.98  -44.91  -44.84  -44.76  -44.51  -44.40  -44.34  -44.31  -44.35  -44.45  -44.55  -44.58  -44.58  -44.62  -44.71  -44.81  -44.92  -44.88
  350.00  -36.79  -36.80  -36.87  -36.87  -36.82  -36.77  -36.68  -36.56  -36.48  -36.45  -36.46  -36.46  -36.50  -36.55  -36.62  -36.72  -36.80  -36.83  -36.84  -36.84  -36.85  -36.84  -36.76  -36.73
  400.00  -29.74  -29.69  -29.74  -29.80  -29.82  -29.83  -29.85  -29.85  -29.84  -29.78  -29.66  -29.52  -29.51  -29.56  -29.58  -29.57  -29.56  -29.52  -29.50  -29.50  -29.47  -29.44  -29.35  -29.28
  450.00  -23.71  -23.61  -23.58  -23.58  -23.57  -23.56  -23.57  -23.60  -23.68  -23.77  -23.84  -23.80  -23.84  -23.93  -23.96  -23.91  -23.83  -23.70  -23.63  -23.59  -23.49  -23.40  -23.52  -23.51
  500.00  -17.50  -17.54  -17.61  -17.74  -17.89  -18.03  -18.11  -18.13  -18.21  -18.32  -18.37  -18.38  -18.44  -18.57  -18.65  -18.64  -18.61  -18.54  -18.49  -18.47  -18.41  -18.35  -18.54  -18.53
  550.00  -11.95  -12.01  -12.17  -12.41  -12.68  -12.92  -13.06  -13.12  -13.19  -13.27  -13.19  -13.20  -13.25  -13.33  -13.41  -13.43  -13.43  -13.40  -13.35  -13.32  -13.26  -13.20  -13.12  -13.09
  600.00   -8.08   -7.99   -7.99   -8.07   -8.20   -8.33   -8.39   -8.37   -8.37   -8.37   -8.23   -8.15   -8.14   -8.20   -8.28   -8.34   -8.44   -8.55   -8.63   -8.69   -8.71   -8.71   -8.61   -8.58
  650.00   -4.19   -4.13   -4.10   -4.08   -4.12   -4.22   -4.30   -4.30   -4.34   -4.37   -4.08   -3.85   -3.75   -3.81   -3.89   -3.94   -4.05   -4.19   -4.29   -4.36   -4.40   -4.41   -4.38   -4.37
  700.00   -0.71   -0.64   -0.63   -0.66   -0.76   -0.95   -1.14   -1.27   -1.43   -1.53   -1.00   -0.77   -0.60   -0.60   -0.60   -0.52   -0.54   -0.69   -0.77   -0.80   -0.81   -0.78   -0.74   -0.77
  750.00    1.70    1.85    1.91    1.92    1.85    1.68    1.51    1.41    1.29    1.23    1.63    1.72    1.81    1.78    1.76    1.89    1.85    1.64    1.54    1.55    1.60    1.71    1.64    1.63
  775.00    2.81    2.92    2.97    3.00    2.95    2.83    2.71    2.66    2.58    2.55    2.74    2.82    2.88    2.85    2.82    2.91    2.84    2.61    2.48    2.47    2.50    2.59    2.47    2.50
  800.00    4.05    4.10    4.11    4.10    4.06    3.95    3.86    3.83    3.79    3.80    3.77    3.86    3.93    3.90    3.85    3.90    3.80    3.53    3.39    3.35    3.32    3.38    3.17    3.18
  825.00    5.28    5.30    5.29    5.28    5.23    5.14    5.05    5.02    4.97    4.98    4.83    4.90    4.99    4.96    4.89    4.89    4.72    4.38    4.21    4.11    4.01    4.02    3.61    3.65
  850.00    6.50    6.48    6.45    6.42    6.33    6.22    6.10    6.08    6.08    6.09    5.85    5.90    5.97    5.90    5.77    5.67    5.43    5.06    4.86    4.71    4.47    4.48    3.89    4.04
  875.00    7.58    7.50    7.45    7.40    7.32    7.16    6.95    6.85    6.77    6.79    6.55    6.57    6.60    6.46    6.25    6.05    5.58    4.98    4.59    4.10    3.83    3.79    3.47    3.66
  900.00    8.62    8.47    8.35    8.27    8.14    7.89    7.61    7.47    7.37    7.38    6.88    6.91    6.83    6.67    6.33    5.86    5.19    4.38    3.56    3.03    2.62    2.41    2.51    2.29
  925.00    9.76    9.54    9.37    9.20    8.95    8.62    8.29    8.07    7.93    7.83    7.15    6.94    6.71    5.98    5.45    4.87    4.80    4.52    4.31    4.05    3.78    3.52    3.86    3.60
  950.00   10.57   10.33   10.07    9.85    9.59    9.27    8.91    8.63    8.40    8.25    7.24    7.00    6.85    6.88    6.71    6.55    6.16    5.82    5.52    5.30    5.04    4.81    5.38    5.18
  975.00    9.31    8.75    8.24    8.25    7.79    7.92    7.98    8.12    8.16    8.24    7.20    7.99    8.45    8.74    8.72    8.59    8.21    7.77    7.41    7.16    6.92    6.69    7.27    7.10
 1000.00   12.06   11.68   11.38   11.20   11.05   10.90   10.70   10.51   10.34   10.28    9.08    9.27    9.90   10.24   10.24   10.10    9.75    9.35    9.01    8.75    8.50    8.26    8.85    8.65
