#  level#  00:00#  01:00#  02:00#  03:00#  04:00#  05:00#  06:00#  07:00#  08:00#  09:00#  10:00#  11:00#  12:00#  13:00#  14:00#  15:00#  16:00#  17:00#  18:00#  19:00#  20:00#  21:00#  22:00#  23:00
    1.00   -7.62   -7.72   -8.31   -8.45   -9.06  -10.10  -11.65  -12.87  -13.37  -12.76  -13.02  -10.83   -8.94   -6.94   -5.06   -4.40   -4.16   -4.94   -5.51   -6.35   -6.79   -6.63   -9.09   -9.92
    2.00  -11.12  -13.06  -14.46  -14.24  -13.09  -12.00  -12.21  -13.19  -14.43  -14.52  -15.64  -14.84  -15.44  -16.50  -16.35  -14.65  -12.75  -11.54  -10.24   -8.93   -8.42   -8.20  -10.93  -12.23
    3.00  -25.45  -26.46  -27.75  -29.45  -29.69  -27.67  -26.54  -26.33  -27.04  -27.07  -27.27  -25.56  -25.22  -27.58  -29.46  -29.08  -27.49  -25.34  -23.27  -21.51  -20.97  -21.64  -23.20  -24.00
   10.00  -64.02  -63.70  -63.93  -63.52  -63.04  -63.63  -63.97  -64.07  -64.96  -65.12  -63.10  -62.63  -63.64  -65.01  -65.39  -64.58  -63.96  -62.84  -61.78  -62.57  -62.92  -62.56  -63.92  -65.34
   20.00  -69.28  -69.88  -70.96  -72.15  -72.97  -73.21  -73.10  -73.03  -72.52  -72.01  -72.24  -72.41  -72.01  -72.55  -74.01  -75.47  -75.24  -74.59  -73.44  -72.13  -71.77  -72.16  -71.50  -71.56
   30.00  -71.09  -71.48  -71.87  -72.25  -72.67  -72.96  -73.29  -73.46  -73.25  -72.43  -71.61  -71.16  -71.12  -71.29  -70.89  -70.54  -70.86  -71.66  -72.44  -72.39  -71.60  -71.25  -71.28  -72.04
   50.00  -62.76  -61.73  -60.91  -60.81  -61.19  -61.47  -61.69  -62.08  -62.49  -62.86  -63.14  -63.23  -63.10  -63.09  -63.30  -63.17  -62.39  -61.20  -60.43  -60.59  -61.07  -61.19  -61.94  -61.77
   70.00  -58.62  -58.86  -58.57  -57.78  -57.37  -57.24  -56.85  -56.16  -55.77  -55.70  -55.20  -55.68  -56.09  -56.09  -55.89  -55.91  -56.22  -56.67  -57.02  -57.09  -56.96  -56.63  -55.76  -55.08
  100.00  -54.28  -54.29  -54.67  -54.93  -54.67  -54.23  -54.06  -54.25  -53.94  -53.36  -52.83  -52.35  -52.02  -51.85  -51.74  -51.64  -51.52  -51.28  -51.10  -51.02  -51.13  -51.31  -50.96  -50.96
  125.00  -50.98  -51.21  -51.39  -51.63  -51.74  -51.51  -51.33  -51.34  -51.51  -51.46  -50.68  -50.25  -49.96  -49.70  -49.48  -49.24  -49.33  -49.35  -49.05  -48.60  -48.20  -47.99  -47.46  -47.68
  150.00  -50.41  -50.17  -50.10  -49.82  -49.78  -49.74  -49.61  -49.53  -49.43  -49.52  -49.09  -48.99  -48.75  -47.97  -46.97  -46.27  -45.93  -46.23  -46.63  -46.71  -46.53  -46.22  -45.46  -45.34
  175.00  -49.29  -48.76  -48.37  -48.17  -47.89  -47.47  -47.26  -47.41  -47.69  -47.88  -47.28  -46.98  -46.82  -46.80  -46.71  -46.48  -45.99  -45.37  -45.20  -45.54  -45.92  -46.11  -45.53  -44.95
  200.00  -49.39  -48.33  -47.41  -47.12  -46.99  -46.64  -45.89  -45.75  -45.90  -46.18  -45.88  -45.29  -45.14  -45.35  -46.02  -46.77  -47.01  -47.01  -46.86  -46.60  -46.46  -46.55  -45.87  -45.57
  225.00  -49.47  -49.10  -47.68  -47.05  -46.82  -46.48  -45.82  -44.98  -44.92  -45.27  -45.56  -45.54  -45.65  -45.93  -46.48  -47.09  -47.38  -47.57  -48.01  -48.40  -48.61  -48.97  -48.59  -48.13
  250.00  -48.65  -48.91  -48.77  -47.58  -47.23  -46.90  -46.47  -45.94  -45.23  -45.25  -46.00  -46.73  -47.41  -47.31  -46.92  -46.82  -47.16  -47.50  -47.86  -48.37  -48.86  -49.45  -49.61  -50.16
  300.00  -44.62  -44.69  -45.91  -47.32  -47.66  -47.61  -47.65  -47.47  -46.85  -46.56  -46.93  -46.65  -46.71  -46.97  -46.99  -47.05  -47.04  -47.07  -47.20  -47.54  -48.00  -48.53  -49.11  -49.56
  350.00  -45.11  -45.42  -45.37  -45.24  -45.75  -46.56  -47.18  -47.55  -47.66  -47.39  -46.93  -46.60  -46.26  -46.06  -45.71  -45.17  -44.88  -44.80  -44.72  -44.70  -44.61  -44.46  -44.58  -44.47
  400.00  -39.42  -40.13  -40.48  -40.67  -40.84  -40.97  -41.13  -41.34  -41.56  -41.67  -40.93  -40.89  -40.95  -41.10  -41.14  -40.95  -40.73  -40.57  -40.27  -40.02  -39.91  -39.80  -39.97  -39.78
  450.00  -33.77  -34.23  -34.30  -34.42  -34.53  -34.69  -34.82  -34.99  -35.16  -35.34  -35.19  -35.02  -35.12  -35.52  -36.07  -36.34  -36.46  -36.35  -36.14  -35.75  -35.49  -35.28  -35.13  -35.04
  500.00  -28.70  -28.64  -28.44  -28.44  -28.70  -28.90  -29.14  -29.51  -30.08  -30.64  -31.14  -31.18  -31.28  -31.39  -31.48  -31.62  -31.77  -31.82  -31.77  -31.61  -31.44  -31.19  -30.84  -30.71
  550.00  -24.08  -24.28  -24.41  -24.63  -25.00  -25.28  -25.40  -25.46  -25.77  -25.97  -26.46  -26.52  -26.66  -26.76  -26.72  -26.84  -27.05  -27.16  -27.38  -27.54  -27.67  -27.57  -27.71  -27.90
  600.00  -19.78  -20.26  -20.44  -20.75  -21.07  -21.38  -21.59  -21.61  -21.39  -21.20  -21.75  -21.65  -21.78  -21.81  -21.79  -22.11  -22.85  -23.23  -23.24  -23.24  -23.10  -23.22  -23.36  -23.76
  650.00  -15.64  -15.99  -16.26  -16.66  -16.99  -17.27  -17.53  -17.40  -17.41  -17.62  -17.86  -17.93  -17.63  -17.51  -17.64  -17.86  -18.48  -18.95  -19.30  -19.34  -19.22  -19.22  -19.06  -19.37
  700.00  -11.73  -12.05  -12.42  -12.76  -13.03  -13.35  -13.74  -13.91  -14.20  -14.41  -14.40  -15.05  -15.12  -14.88  -14.72  -14.78  -14.69  -15.33  -15.38  -15.43  -15.31  -15.16  -15.26  -15.52
  750.00   -8.40   -8.67   -9.00   -9.27   -9.42   -9.80  -10.40  -10.81  -11.19  -11.48  -11.09  -11.76  -11.94  -11.84  -11.75  -11.79  -11.29  -11.77  -11.83  -11.99  -11.87  -11.69  -11.73  -11.96
  775.00   -6.91   -7.13   -7.42   -7.71   -7.84   -8.29   -8.91   -9.37   -9.64   -9.84   -9.46  -10.15  -10.36  -10.33  -10.28  -10.35   -9.75  -10.09  -10.23  -10.45  -10.32  -10.12  -10.23  -10.29
  800.00   -5.47   -5.65   -5.85   -6.14   -6.28   -6.67   -7.25   -7.71   -8.00   -8.19   -7.79   -8.60   -8.79   -8.82   -8.77   -8.83   -8.22   -8.52   -8.71   -8.97   -8.84   -8.61   -8.77   -8.73
  825.00   -4.05   -4.21   -4.31   -4.57   -4.70   -5.01   -5.55   -5.97   -6.31   -6.55   -6.12   -6.91   -7.07   -7.18   -7.19   -7.25   -6.88   -7.01   -7.20   -7.46   -7.43   -7.19   -7.27   -7.13
  850.00   -2.59   -2.66   -2.76   -3.09   -3.24   -3.45   -3.95   -4.28   -4.60   -4.91   -4.45   -5.18   -5.35   -5.46   -5.50   -5.49   -5.45   -5.48   -5.67   -5.85   -5.90   -5.92   -5.66   -5.54
  875.00   -1.32   -1.39   -1.54   -1.86   -2.05   -2.18   -2.42   -2.67   -2.91   -3.25   -2.97   -3.41   -3.64   -3.69   -3.62   -3.56   -3.56   -3.73   -3.93   -4.06   -4.17   -4.36   -4.20   -4.10
  900.00   -0.20   -0.32   -0.41   -0.57   -0.73   -0.78   -0.78   -0.92   -1.13   -1.39   -1.45   -1.68   -1.71   -1.69   -1.61   -1.45   -1.55   -1.89   -2.08   -2.15   -2.27   -2.58   -2.61   -2.69
  925.00    1.17    1.05    1.00    1.08    1.05    1.00    1.08    0.98    0.74    0.41    0.14    0.12    0.18    0.25    0.44    0.49    0.32   -0.17   -0.37   -0.49   -0.54   -0.70   -0.86   -1.02
  950.00    3.12    3.03    2.87    2.87    3.00    3.02    2.97    3.01    2.77    2.46    1.85    2.38    2.35    2.43    2.70    2.66    2.18    1.66    1.36    1.10    0.92    0.81    0.52    0.32
  975.00    4.94    4.89    4.73    4.71    4.70    4.67    4.64    4.56    4.37    4.06    3.48    3.92    3.96    4.08    4.28    4.30    3.90    3.33    3.10    2.82    2.54    2.34    1.86    1.59
 1000.00    6.86    6.75    6.61    6.62    6.61    6.53    6.51    6.42    6.24    5.92    5.24    5.75    5.78    5.86    6.10    6.12    5.65    5.12    4.85    4.60    4.40    4.24    3.78    3.47
