#  level#  00:00#  01:00#  02:00#  03:00#  04:00#  05:00#  06:00#  07:00#  08:00#  09:00#  10:00#  11:00#  12:00#  13:00#  14:00#  15:00#  16:00#  17:00#  18:00#  19:00#  20:00#  21:00#  22:00#  23:00
    1.00  -19.39  -20.36  -22.34  -23.15  -23.50  -22.78  -21.64  -20.19  -18.75  -18.45  -15.18  -12.82  -11.36  -11.96  -15.20  -16.66  -16.82  -16.28  -16.49  -16.58  -16.98  -18.32  -19.94  -21.63
    2.00   -0.45   -1.99   -4.22   -6.27   -7.32   -8.33   -9.31   -9.82   -9.57   -8.91   -8.39   -7.95   -6.93   -5.76   -5.58   -6.42   -6.93   -6.13   -6.44   -7.30   -7.65   -8.07   -8.27   -9.24
    3.00   -4.25   -4.14   -5.97   -7.61   -9.21  -10.81  -12.51  -12.92  -11.17   -9.24   -9.10  -10.94  -11.99  -10.59   -9.27   -9.73   -9.27   -8.03   -6.49   -5.26   -3.54   -1.81   -2.19   -2.78
   10.00  -59.54  -60.35  -60.36  -60.23  -60.25  -59.06  -57.60  -57.88  -59.28  -59.31  -58.21  -57.75  -58.66  -59.28  -58.87  -58.00  -58.30  -58.38  -58.09  -57.39  -56.64  -56.94  -57.74  -59.35
   20.00  -63.92  -64.05  -64.24  -64.50  -64.82  -65.21  -65.31  -64.75  -63.84  -63.55  -62.75  -62.14  -61.76  -61.70  -62.15  -62.30  -62.82  -63.40  -63.86  -64.17  -63.80  -62.97  -63.23  -63.51
   30.00  -63.02  -63.84  -64.66  -65.15  -65.48  -65.17  -64.46  -64.23  -64.25  -64.26  -64.47  -64.43  -64.46  -64.57  -64.29  -63.56  -62.87  -62.79  -63.48  -63.55  -62.60  -62.78  -63.76  -63.61
   50.00  -63.11  -63.51  -64.19  -64.34  -64.10  -63.82  -63.60  -63.56  -63.83  -63.85  -63.30  -63.19  -63.45  -63.56  -63.65  -63.74  -64.16  -64.38  -63.81  -63.16  -63.03  -63.08  -62.36  -62.12
   70.00  -64.74  -63.84  -63.55  -63.75  -63.96  -64.05  -64.34  -64.66  -64.81  -64.95  -64.65  -64.42  -64.65  -64.76  -64.50  -63.88  -63.07  -62.55  -62.57  -62.87  -63.10  -63.15  -63.66  -64.12
  100.00  -64.59  -64.33  -64.06  -64.03  -64.31  -64.33  -64.04  -63.77  -63.52  -63.50  -63.65  -63.66  -63.51  -63.39  -63.15  -62.96  -62.95  -63.12  -63.08  -62.45  -61.88  -61.84  -61.94  -61.94
  125.00  -62.80  -62.71  -62.47  -62.19  -62.12  -62.11  -61.95  -61.66  -61.21  -60.69  -60.31  -60.29  -60.42  -60.61  -60.62  -60.38  -59.94  -59.53  -59.65  -59.90  -59.83  -59.70  -59.66  -59.54
  150.00  -59.51  -59.72  -59.59  -59.35  -59.33  -59.60  -59.98  -60.24  -60.06  -59.44  -58.84  -58.41  -58.21  -58.28  -58.53  -58.77  -58.64  -58.08  -57.64  -57.38  -57.23  -57.37  -57.70  -58.20
  175.00  -59.81  -60.26  -60.34  -60.36  -60.56  -60.92  -61.46  -62.07  -62.38  -62.29  -61.95  -61.89  -61.77  -61.70  -61.85  -62.20  -62.14  -61.82  -61.67  -61.42  -60.75  -59.94  -59.24  -59.14
  200.00  -62.68  -62.72  -62.52  -62.24  -62.03  -61.88  -61.86  -62.02  -62.39  -62.79  -63.28  -63.37  -63.40  -63.44  -63.36  -63.38  -63.52  -63.61  -63.63  -63.66  -63.78  -63.84  -64.38  -64.41
  225.00  -59.86  -59.63  -59.17  -58.77  -58.45  -58.16  -58.04  -58.10  -58.32  -58.63  -58.53  -58.58  -58.52  -58.48  -58.51  -58.71  -59.04  -59.41  -59.69  -59.93  -60.37  -61.00  -61.67  -61.75
  250.00  -53.85  -53.92  -54.02  -53.97  -53.80  -53.53  -53.21  -53.02  -53.02  -53.20  -53.15  -53.43  -53.50  -53.48  -53.49  -53.60  -53.91  -54.42  -54.91  -55.28  -55.75  -56.23  -56.40  -56.49
  300.00  -43.11  -43.19  -43.30  -43.48  -43.66  -43.77  -43.82  -43.84  -43.81  -43.76  -43.82  -43.91  -44.02  -44.17  -44.37  -44.63  -44.93  -45.24  -45.55  -45.82  -46.06  -46.31  -46.31  -46.48
  350.00  -35.06  -34.78  -34.62  -34.65  -34.85  -35.06  -35.14  -35.15  -35.19  -35.25  -35.23  -35.38  -35.51  -35.62  -35.74  -35.94  -36.22  -36.54  -36.81  -37.02  -37.07  -36.95  -36.98  -37.20
  400.00  -27.79  -27.82  -27.95  -27.97  -27.76  -27.46  -27.22  -27.04  -26.94  -26.90  -27.08  -27.25  -27.42  -27.65  -27.89  -28.11  -28.26  -28.43  -28.72  -29.05  -29.22  -29.11  -28.79  -28.70
  450.00  -21.56  -21.93  -22.38  -22.66  -22.69  -22.50  -22.21  -21.92  -21.70  -21.68  -22.24  -22.35  -22.30  -22.17  -22.17  -22.21  -22.21  -22.14  -22.15  -22.25  -22.36  -22.41  -22.33  -22.37
  500.00  -16.15  -16.31  -16.54  -16.77  -16.99  -17.16  -17.18  -17.16  -17.23  -17.45  -17.83  -17.89  -17.96  -18.01  -18.04  -18.01  -17.93  -17.84  -17.71  -17.55  -17.46  -17.38  -17.08  -16.86
  550.00   -9.96  -10.14  -10.43  -10.74  -11.11  -11.55  -11.96  -12.30  -12.60  -12.84  -12.49  -12.53  -12.62  -12.69  -12.68  -12.57  -12.37  -12.18  -12.05  -11.88  -11.69  -11.59  -11.48  -11.47
  600.00   -5.45   -5.45   -5.72   -6.17   -6.65   -7.13   -7.62   -8.03   -8.29   -8.43   -7.77   -7.86   -8.02   -8.01   -7.93   -7.82   -7.74   -7.71   -7.66   -7.48   -7.22   -7.03   -6.86   -6.75
  650.00   -2.59   -2.63   -2.88   -3.13   -3.28   -3.51   -3.92   -4.38   -4.69   -4.87   -4.53   -4.71   -4.75   -4.60   -4.46   -4.32   -4.24   -4.25   -4.26   -4.20   -4.18   -4.25   -4.42   -4.36
  700.00    0.07    0.15   -0.01   -0.17   -0.24   -0.45   -0.91   -1.46   -1.87   -2.10   -1.82   -1.81   -1.75   -1.72   -1.75   -1.59   -1.47   -1.51   -1.60   -1.58   -1.63   -1.78   -2.01   -1.91
  750.00    2.03    2.12    1.91    1.78    1.79    1.64    1.29    0.96    0.72    0.61    0.50    0.51    0.35    0.18    0.08    0.23    0.40    0.17   -0.19   -0.34   -0.53   -0.73   -0.93   -0.54
  775.00    2.76    2.80    2.56    2.43    2.46    2.39    2.24    2.11    1.96    1.84    1.57    1.62    1.48    1.36    1.32    1.39    0.88    0.21   -0.41   -0.73   -0.96   -1.06   -1.23   -0.76
  800.00    3.31    3.35    3.07    2.95    3.02    3.02    3.00    2.99    2.93    2.83    2.77    2.85    2.77    2.71    2.91    1.82    1.20    0.88    0.67    0.55    0.43    0.38    0.22    0.31
  825.00    3.41    3.40    3.17    3.15    3.31    3.45    3.59    3.65    3.64    3.64    4.02    4.04    4.08    4.29    3.18    2.51    2.64    2.85    3.00    2.95    2.84    2.74    2.54    2.56
  850.00    4.30    4.15    4.05    4.03    4.07    4.12    4.29    4.55    4.68    4.64    5.14    5.00    5.05    4.22    3.91    4.40    4.87    5.21    5.34    5.36    5.25    4.96    4.75    4.74
  875.00    6.64    6.42    6.22    6.00    5.74    5.42    5.25    5.23    5.26    5.29    5.53    5.24    3.84    4.48    5.30    6.06    6.82    7.34    7.60    7.66    7.59    7.09    6.25    5.99
  900.00    8.35    7.96    7.53    7.01    6.40    5.84    5.52    5.35    5.22    5.04    4.87    4.23    5.16    6.40    7.48    8.36    8.80    9.18    9.46    9.57    9.61    9.05    7.34    6.01
  925.00    9.65    8.70    7.82    7.14    6.70    6.42    6.21    5.95    5.70    5.40    4.78    5.71    7.37    8.67    9.76   10.62   11.01   11.01   11.12   11.21   11.36   11.02    9.33    7.36
  950.00   10.65    9.59    8.79    8.29    8.00    7.81    7.63    7.34    7.02    6.73    6.44    7.58    9.27   10.53   11.59   12.45   12.80   12.65   12.55   12.50   12.15   10.87    9.79    8.82
  975.00   12.36   11.30   10.37    9.78    9.44    9.22    9.00    8.76    8.48    8.22    7.77    8.92   10.59   11.86   12.94   13.81   14.18   14.06   13.99   13.95   13.96   13.76   12.19   10.32
 1000.00   13.72   12.65   11.73   11.15   10.83   10.59   10.38   10.13    9.85    9.58    9.11   10.27   11.95   13.23   14.30   15.18   15.55   15.45   15.39   15.34   15.35   15.13   13.56   11.67
