#  level#  00:00#  01:00#  02:00#  03:00#  04:00#  05:00#  06:00#  07:00#  08:00#  09:00#  10:00#  11:00#  12:00#  13:00#  14:00#  15:00#  16:00#  17:00#  18:00#  19:00#  20:00#  21:00#  22:00#  23:00
    1.00   -2.44   -2.90   -4.39   -4.81   -5.34   -6.55   -6.38   -4.41   -2.15   -0.53   -0.53   -2.51   -3.04   -1.31    0.41    0.45   -0.34    0.26    1.14   -0.19   -0.66    0.44    0.42    1.40
    2.00   -4.24   -5.43   -6.95   -9.73  -10.90  -10.76  -10.03  -10.07   -9.69   -7.19   -4.19   -3.13   -3.91   -4.61   -6.26   -3.10   -1.58   -2.38   -2.93   -2.70   -5.00   -5.15   -3.03   -3.25
    3.00  -14.55  -13.46  -13.40  -13.70  -15.50  -17.92  -18.87  -18.73  -19.27  -20.14  -17.22  -13.58  -12.21  -11.65  -13.89  -15.00  -13.66  -11.55  -11.59  -11.09  -11.87  -14.81  -15.92  -15.02
   10.00  -43.78  -43.77  -43.81  -43.74  -44.73  -45.23  -43.47  -42.53  -42.83  -42.70  -42.43  -43.32  -44.55  -44.03  -42.62  -41.03  -40.77  -41.38  -41.80  -42.79  -44.06  -44.51  -43.44  -41.67
   20.00  -51.21  -52.75  -53.28  -53.00  -52.18  -52.26  -52.80  -52.68  -52.06  -52.26  -51.92  -51.94  -52.11  -52.44  -52.74  -52.68  -52.41  -51.73  -51.20  -51.02  -51.63  -52.47  -52.61  -52.99
   30.00  -56.34  -55.43  -55.02  -55.51  -55.56  -55.01  -54.73  -54.88  -55.30  -55.57  -55.40  -55.74  -55.72  -55.69  -55.91  -56.00  -56.16  -56.21  -56.42  -55.94  -55.20  -54.67  -54.40  -54.78
   50.00  -57.06  -57.23  -57.17  -56.75  -56.93  -57.25  -57.77  -57.85  -57.95  -58.50  -59.12  -59.05  -58.36  -57.34  -56.56  -56.49  -56.40  -56.58  -57.34  -58.29  -58.57  -58.18  -58.15  -58.30
   70.00  -56.53  -56.74  -56.87  -56.94  -56.99  -56.85  -57.07  -57.59  -57.72  -57.69  -57.47  -57.46  -57.31  -57.45  -57.57  -57.76  -57.60  -57.09  -56.35  -56.48  -57.11  -57.51  -58.31  -58.49
  100.00  -54.04  -54.14  -54.18  -54.32  -54.53  -54.53  -54.11  -54.30  -54.62  -54.71  -54.78  -54.58  -54.16  -54.44  -54.90  -55.52  -56.15  -56.49  -56.46  -56.12  -56.06  -56.22  -56.02  -56.35
  125.00  -53.30  -53.26  -53.40  -53.70  -54.11  -54.74  -54.83  -54.82  -54.98  -54.99  -55.53  -56.15  -56.25  -56.10  -55.90  -55.78  -56.03  -56.28  -56.61  -56.82  -56.55  -56.18  -56.20  -56.04
  150.00  -53.33  -53.79  -53.81  -53.68  -53.67  -53.99  -54.32  -54.47  -54.65  -54.65  -54.86  -55.31  -56.25  -56.28  -55.86  -55.36  -55.33  -55.62  -55.87  -56.06  -56.43  -56.51  -56.49  -56.77
  175.00  -55.02  -55.54  -56.03  -56.12  -56.02  -55.97  -56.16  -56.16  -56.32  -56.79  -56.00  -56.69  -58.59  -60.05  -60.59  -60.86  -60.78  -61.03  -62.06  -62.47  -63.12  -63.77  -62.80  -62.32
  200.00  -56.70  -57.01  -57.36  -57.65  -57.87  -58.31  -58.75  -59.42  -60.58  -60.99  -61.17  -61.35  -59.86  -60.59  -60.86  -61.98  -62.78  -63.00  -62.97  -63.10  -62.83  -62.30  -62.26  -62.01
  225.00  -58.30  -57.95  -58.19  -58.54  -58.80  -58.06  -57.71  -58.24  -58.18  -58.36  -58.84  -58.58  -58.31  -58.33  -58.50  -58.54  -58.26  -57.94  -57.71  -57.76  -57.74  -57.52  -57.68  -57.69
  250.00  -56.45  -56.27  -56.24  -56.41  -56.53  -56.27  -55.87  -54.90  -54.01  -53.66  -53.80  -53.38  -53.57  -53.28  -53.30  -52.86  -52.60  -52.28  -52.05  -51.93  -51.93  -52.09  -51.85  -51.84
  300.00  -47.35  -47.17  -46.86  -46.77  -47.11  -47.38  -47.14  -46.75  -46.73  -46.38  -45.49  -45.24  -45.01  -44.27  -43.84  -42.94  -42.45  -42.29  -42.26  -41.68  -41.26  -41.31  -41.61  -41.66
  350.00  -38.93  -38.92  -38.62  -38.05  -37.71  -37.77  -37.69  -37.60  -37.43  -37.12  -36.57  -36.61  -36.70  -35.78  -34.77  -34.33  -34.18  -33.86  -33.39  -33.40  -33.47  -32.87  -32.75  -32.68
  400.00  -31.38  -31.43  -31.51  -31.19  -30.29  -29.64  -29.55  -29.60  -29.27  -28.88  -29.05  -28.86  -28.53  -28.44  -27.92  -27.27  -26.96  -26.56  -26.34  -26.07  -26.01  -26.23  -26.10  -25.65
  450.00  -25.43  -25.31  -25.35  -25.36  -25.05  -24.69  -24.32  -23.48  -23.03  -22.85  -23.01  -22.59  -21.72  -21.40  -21.44  -21.11  -20.73  -20.35  -20.01  -20.04  -19.97  -19.80  -20.23  -20.11
  500.00  -19.76  -19.57  -19.47  -19.42  -19.35  -19.41  -19.46  -19.02  -18.59  -18.51  -18.42  -17.76  -17.09  -16.73  -16.26  -15.85  -15.35  -15.17  -14.90  -14.79  -14.81  -14.74  -14.95  -15.01
  550.00  -14.36  -14.16  -14.03  -13.94  -13.89  -13.99  -14.17  -14.08  -13.99  -14.01  -14.11  -13.73  -13.34  -13.08  -12.26  -11.77  -11.25  -10.93  -10.85  -10.73  -10.55  -10.54  -10.40  -10.42
  600.00   -9.62   -9.45   -9.33   -9.11   -8.89   -8.98   -9.21   -9.18   -9.21   -9.36   -9.58   -9.66   -9.60   -9.61   -9.32   -9.03   -8.35   -7.45   -7.13   -7.15   -6.99   -6.78   -6.54   -6.86
  650.00   -5.85   -5.85   -5.83   -5.56   -5.25   -5.45   -5.88   -5.84   -5.68   -5.73   -5.87   -5.84   -5.69   -5.71   -5.97   -6.29   -5.92   -5.19   -4.14   -3.76   -3.74   -3.61   -3.34   -3.81
  700.00   -2.17   -2.24   -2.38   -2.34   -2.20   -2.35   -2.53   -2.29   -2.40   -2.44   -1.89   -1.87   -1.58   -1.43   -1.76   -2.41   -2.83   -2.86   -2.22   -1.47   -1.28   -1.04   -0.56   -1.10
  750.00    1.89    1.77    1.59    1.52    1.56    1.54    1.50    1.46    1.56    1.60    2.78    2.88    2.93    2.89    2.67    1.83    0.73    0.18    0.06    0.38    0.58    0.75    1.79    1.82
  775.00    4.10    3.98    3.85    3.78    3.74    3.73    3.68    3.55    3.66    3.74    5.15    5.27    5.16    5.09    4.67    3.95    2.99    2.25    1.81    2.13    2.23    2.45    3.01    3.52
  800.00    6.32    6.23    6.10    6.05    6.00    5.96    5.94    5.85    5.90    5.98    7.38    7.44    7.36    6.84    6.56    6.29    5.56    4.70    4.13    4.16    4.00    4.22    4.42    5.25
  825.00    8.25    8.16    8.08    8.10    8.12    8.10    8.15    8.05    8.09    8.19    9.31    9.47    9.37    8.75    8.65    8.55    8.07    7.21    6.47    6.11    5.79    5.92    6.03    6.87
  850.00    9.82    9.74    9.72    9.85    9.98   10.05   10.12   10.14   10.21   10.31   11.05   11.46   11.28   10.72   10.79   10.69   10.21    9.58    8.78    8.26    7.85    7.69    7.91    8.55
  875.00   11.15   11.08   11.14   11.37   11.57   11.70   11.86   11.99   12.13   12.27   12.83   13.38   12.97   12.82   12.84   12.65   12.08   11.63   11.08   10.50    9.94    9.61    9.81   10.24
  900.00   12.45   12.39   12.52   12.81   13.06   13.22   13.47   13.75   13.91   14.17   14.50   14.81   14.66   14.87   14.71   14.33   13.63   13.34   13.16   12.63   11.93   11.54   11.66   11.84
  925.00   13.66   13.68   13.86   14.13   14.36   14.60   14.89   15.23   15.43   15.69   15.63   15.77   16.45   16.62   16.27   15.57   14.80   14.72   14.77   14.34   13.57   13.12   13.40   13.44
  950.00   14.79   15.09   15.11   15.03   15.15   15.52   15.85   16.03   16.35   16.53   16.43   17.55   18.33   18.61   17.87   16.77   15.83   15.64   15.71   15.44   14.84   14.42   14.84   14.96
  975.00   14.97   15.30   15.55   15.73   15.87   16.02   16.21   16.54   16.92   17.23   17.63   18.84   19.96   20.29   19.44   18.02   16.88   16.56   16.55   16.27   15.80   15.49   15.87   16.13
 1000.00   15.81   16.19   16.43   16.47   16.50   16.61   16.84   17.21   17.63   17.77   18.23   19.75   20.81   21.08   20.34   18.93   17.56   16.94   16.80   16.52   16.22   16.06   16.44   16.82
