#  level#  00:00#  01:00#  02:00#  03:00#  04:00#  05:00#  06:00#  07:00#  08:00#  09:00#  10:00#  11:00#  12:00#  13:00#  14:00#  15:00#  16:00#  17:00#  18:00#  19:00#  20:00#  21:00#  22:00#  23:00
    1.00   -6.06   -5.99   -5.26   -5.84   -7.31   -8.54  -10.33  -11.81  -11.86   -8.72   -4.11   -2.00   -2.40   -4.32   -4.55   -4.10   -4.15   -5.37   -5.68   -7.46   -8.65   -7.64   -6.19   -6.54
    2.00   -7.84   -8.99   -9.53  -11.19  -12.33  -12.57  -12.39  -11.69  -11.85  -14.09  -15.86  -15.20  -11.82   -9.45   -8.32   -7.73   -6.71   -7.12   -7.63   -8.50   -9.36  -10.25  -10.30  -10.04
    3.00  -20.62  -20.20  -19.02  -19.26  -20.25  -21.31  -22.48  -23.25  -22.71  -22.59  -24.16  -24.86  -24.14  -23.12  -21.85  -21.84  -21.36  -21.02  -20.61  -20.65  -21.04  -21.62  -22.04  -21.81
   10.00  -44.29  -44.92  -45.78  -46.09  -45.70  -45.53  -45.89  -45.53  -45.09  -45.03  -44.49  -43.18  -42.85  -42.78  -42.98  -42.98  -42.67  -43.14  -43.47  -43.67  -43.49  -42.89  -41.85  -41.50
   20.00  -51.52  -51.50  -51.96  -52.57  -52.60  -52.15  -51.88  -51.89  -51.70  -51.18  -50.87  -50.72  -50.18  -49.65  -49.65  -50.36  -50.88  -50.88  -50.63  -50.75  -51.26  -51.89  -52.75  -53.25
   30.00  -56.52  -56.22  -55.55  -55.51  -55.86  -56.11  -56.26  -56.09  -55.56  -54.85  -53.66  -53.85  -54.42  -54.91  -55.20  -55.48  -55.68  -55.89  -55.70  -55.47  -55.37  -55.24  -54.96  -54.71
   50.00  -57.58  -57.92  -58.67  -59.09  -59.19  -59.06  -58.89  -58.64  -58.30  -57.98  -57.97  -57.63  -57.38  -57.55  -57.69  -57.55  -57.50  -57.90  -58.23  -58.39  -58.06  -57.87  -57.82  -57.88
   70.00  -60.41  -60.22  -60.11  -60.27  -60.60  -60.64  -60.25  -59.97  -60.06  -60.23  -60.96  -61.26  -61.26  -61.34  -61.53  -61.42  -60.88  -60.35  -60.04  -60.23  -60.39  -60.37  -60.69  -61.00
  100.00  -60.83  -60.99  -60.88  -60.64  -60.45  -60.40  -60.36  -60.23  -60.09  -59.82  -59.57  -59.74  -59.91  -60.09  -60.31  -60.46  -60.45  -60.32  -60.11  -60.10  -60.37  -60.59  -60.74  -61.05
  125.00  -58.30  -58.43  -58.47  -58.34  -58.15  -58.16  -58.37  -58.49  -58.61  -58.56  -57.67  -57.52  -57.42  -57.52  -57.89  -58.46  -58.95  -59.23  -59.32  -59.43  -59.70  -59.94  -59.40  -59.65
  150.00  -57.75  -57.96  -58.28  -58.48  -58.38  -58.22  -58.44  -58.75  -59.11  -59.49  -58.97  -59.09  -59.08  -59.04  -59.16  -59.47  -59.89  -60.39  -60.65  -60.75  -60.94  -61.27  -60.71  -61.37
  175.00  -62.60  -62.43  -62.78  -63.22  -63.07  -62.35  -61.80  -61.46  -61.39  -61.65  -62.23  -62.71  -62.53  -62.05  -61.72  -61.71  -62.08  -62.63  -62.87  -63.08  -63.52  -64.13  -65.65  -66.17
  200.00  -64.00  -63.41  -62.56  -61.96  -61.80  -61.85  -62.09  -62.01  -61.56  -61.33  -61.90  -61.75  -61.53  -61.54  -62.04  -62.55  -62.69  -62.79  -63.00  -63.27  -63.22  -63.03  -63.92  -63.85
  225.00  -58.60  -58.37  -58.38  -58.63  -58.84  -58.90  -59.01  -59.08  -58.94  -58.67  -59.00  -59.08  -59.47  -59.70  -59.68  -59.52  -59.21  -59.15  -59.12  -58.93  -58.77  -58.54  -58.86  -58.82
  250.00  -53.94  -54.14  -54.24  -54.37  -54.36  -54.17  -53.87  -53.79  -53.76  -53.78  -54.28  -54.48  -54.59  -54.63  -54.52  -54.38  -54.30  -54.26  -54.19  -53.95  -53.68  -53.54  -53.68  -53.71
  300.00  -44.40  -44.44  -44.36  -44.38  -44.65  -44.77  -44.42  -44.33  -44.47  -44.47  -44.46  -44.51  -44.65  -44.70  -44.54  -44.30  -44.26  -44.34  -44.39  -44.27  -44.11  -44.01  -43.99  -43.77
  350.00  -35.55  -35.59  -35.53  -35.54  -35.62  -35.74  -36.16  -36.28  -36.16  -36.27  -36.35  -36.33  -36.36  -36.43  -36.50  -36.56  -36.49  -36.22  -36.06  -36.16  -36.24  -36.27  -36.36  -36.28
  400.00  -28.10  -27.96  -27.81  -27.87  -28.22  -28.46  -28.45  -28.65  -28.91  -28.95  -28.80  -28.97  -29.04  -29.04  -29.04  -29.03  -29.06  -29.15  -29.25  -29.14  -28.97  -28.90  -28.73  -28.81
  450.00  -21.82  -21.68  -21.64  -21.80  -22.11  -22.42  -22.60  -22.73  -22.89  -22.91  -22.42  -22.35  -22.35  -22.35  -22.35  -22.33  -22.25  -22.11  -21.98  -22.03  -22.13  -22.20  -21.71  -21.72
  500.00  -16.35  -16.40  -16.61  -16.74  -16.75  -16.74  -16.80  -16.92  -16.96  -17.05  -17.01  -16.90  -16.72  -16.51  -16.39  -16.36  -16.45  -16.57  -16.58  -16.46  -16.09  -15.86  -15.41  -15.52
  550.00  -11.76  -12.10  -12.40  -12.41  -12.23  -12.17  -12.21  -12.12  -11.92  -11.88  -12.05  -11.99  -11.93  -11.91  -11.90  -11.86  -11.79  -11.72  -11.86  -12.20  -12.27  -12.04  -11.50  -11.42
  600.00   -7.25   -7.88   -8.35   -8.56   -8.57   -8.63   -8.76   -8.71   -8.49   -8.30   -8.32   -8.03   -7.86   -7.83   -7.80   -7.74   -7.74   -7.74   -7.74   -7.90   -8.13   -8.27   -8.21   -8.11
  650.00   -3.69   -4.14   -4.60   -5.13   -5.63   -6.13   -6.39   -6.30   -5.96   -5.62   -5.51   -5.17   -4.96   -4.95   -4.84   -4.53   -4.17   -3.96   -3.99   -4.11   -4.22   -4.28   -4.35   -4.25
  700.00   -0.80   -1.19   -1.53   -1.90   -2.26   -2.68   -3.02   -3.34   -3.55   -3.51   -3.06   -2.54   -2.10   -2.02   -2.12   -2.10   -1.87   -1.53   -1.33   -1.22   -1.07   -0.89   -0.87   -0.69
  750.00    1.24    0.89    0.61    0.48    0.30   -0.10   -0.39   -0.62   -0.93   -1.40   -2.05   -2.54   -2.23   -1.45   -0.49    0.12    0.30    0.38    0.64    0.83    0.90    1.10    1.33    1.56
  775.00    1.80    1.45    1.12    1.04    0.88    0.52    0.28    0.11   -0.09   -0.33   -0.69   -1.31   -1.77   -1.95   -1.31   -0.74   -0.36   -0.12    0.58    1.22    1.60    1.91    2.26    2.49
  800.00    2.12    1.86    1.48    1.39    1.21    0.88    0.73    0.61    0.46    0.31    0.22   -0.06   -0.39   -0.81   -1.03   -0.97   -0.93   -0.87   -0.49    0.23    0.99    1.53    2.25    2.97
  825.00    2.20    2.10    1.73    1.63    1.42    1.14    1.06    0.96    0.87    0.81    0.82    0.66    0.66    0.57    0.31    0.20   -0.12   -0.38   -0.68   -0.64   -0.36    0.03    0.42    1.72
  850.00    2.37    2.32    1.96    1.78    1.52    1.29    1.27    1.16    1.04    0.92    1.16    1.15    1.21    1.42    1.51    1.38    1.07    0.84    0.58    0.46    0.28    0.16   -0.12    0.23
  875.00    2.76    2.62    2.16    1.83    1.49    1.20    1.14    1.00    0.75    0.47    1.21    1.32    1.53    1.69    1.87    1.85    1.82    1.89    1.77    1.81    1.51    1.42    1.13    1.06
  900.00    2.98    2.80    2.37    2.04    1.71    1.45    1.30    1.11    0.91    0.74    1.22    1.63    1.98    2.26    2.44    2.75    2.78    2.77    2.91    3.16    2.98    2.88    2.81    2.68
  925.00    3.23    3.13    2.93    2.76    2.57    2.40    2.31    2.31    2.25    2.54    3.07    3.38    3.55    3.78    3.80    4.09    4.19    4.37    4.24    4.52    4.51    4.34    4.26    4.32
  950.00    4.51    4.53    4.51    4.43    4.33    4.24    4.16    4.06    4.06    4.65    5.06    5.43    5.64    5.86    5.99    6.19    6.23    6.17    6.11    6.08    6.05    5.81    5.86    5.83
  975.00    5.73    5.76    5.84    5.95    5.90    5.83    5.59    5.63    6.25    6.95    7.39    7.76    7.94    8.22    8.30    8.45    8.45    8.24    8.04    8.02    7.87    7.56    7.42    7.43
 1000.00    7.71    7.68    7.64    7.59    7.55    7.49    7.43    7.41    7.67    8.22    8.68    9.05    9.24    9.48    9.63    9.82    9.82    9.64    9.52    9.50    9.46    9.15    9.10    9.09
