#  level#  00:00#  01:00#  02:00#  03:00#  04:00#  05:00#  06:00#  07:00#  08:00#  09:00#  10:00#  11:00#  12:00#  13:00#  14:00#  15:00#  16:00#  17:00#  18:00#  19:00#  20:00#  21:00#  22:00#  23:00
    1.00  -17.43  -12.88   -8.81   -7.41   -7.80   -8.96   -9.35  -12.12  -13.87  -15.27  -11.75  -18.40  -17.54  -16.66  -16.25  -14.36  -14.10  -16.91  -18.12  -16.51  -15.65  -15.06  -15.28  -16.52
    2.00  -34.37  -35.67  -37.19  -36.09  -34.20  -31.71  -31.38  -32.95  -35.32  -35.69  -35.54  -33.43  -33.22  -33.98  -35.65  -36.21  -33.59  -31.81  -33.69  -35.66  -37.78  -39.30  -40.61  -40.68
    3.00  -45.93  -45.75  -45.88  -46.99  -48.17  -48.08  -47.73  -45.61  -46.09  -45.50  -46.79  -45.86  -44.28  -43.58  -44.96  -45.72  -47.22  -47.69  -48.08  -47.51  -45.70  -44.59  -46.10  -48.13
   10.00  -59.47  -60.29  -61.41  -61.88  -61.50  -60.44  -60.33  -60.70  -61.31  -61.82  -62.17  -62.13  -62.28  -61.91  -61.38  -61.95  -62.97  -63.69  -62.86  -62.96  -63.49  -63.96  -63.47  -63.06
   20.00  -63.09  -63.39  -64.07  -64.35  -64.50  -63.98  -62.49  -61.61  -61.25  -61.18  -62.07  -61.31  -61.04  -61.14  -60.87  -60.84  -60.75  -60.54  -60.51  -60.80  -60.15  -59.21  -59.32  -59.96
   30.00  -60.48  -59.65  -58.44  -57.89  -58.48  -59.73  -60.52  -60.86  -60.48  -59.74  -58.81  -58.53  -58.84  -59.21  -59.33  -59.12  -58.73  -58.75  -59.09  -59.47  -60.17  -60.24  -59.80  -60.40
   50.00  -59.23  -58.89  -58.53  -58.91  -59.08  -58.91  -58.22  -57.88  -57.92  -57.91  -57.82  -57.80  -57.70  -57.48  -57.50  -57.94  -58.32  -58.42  -58.50  -58.55  -58.35  -58.11  -57.85  -57.33
   70.00  -59.40  -59.68  -59.78  -59.79  -59.81  -59.64  -59.49  -59.60  -59.69  -59.58  -58.90  -58.89  -58.83  -59.39  -59.65  -59.72  -59.73  -59.59  -59.71  -59.85  -60.03  -60.23  -60.71  -60.72
  100.00  -58.97  -58.83  -58.65  -58.54  -58.15  -57.47  -56.81  -56.39  -56.17  -55.64  -55.45  -54.93  -54.93  -55.46  -55.92  -55.64  -55.45  -54.94  -54.80  -54.63  -54.60  -54.39  -53.92  -54.20
  125.00  -57.74  -57.40  -57.28  -56.82  -56.51  -56.52  -56.25  -55.87  -56.06  -56.42  -55.83  -56.06  -55.69  -55.87  -56.07  -55.82  -56.51  -56.49  -56.19  -56.47  -56.98  -57.02  -56.52  -55.83
  150.00  -59.33  -58.82  -59.28  -60.20  -59.30  -58.61  -58.66  -58.05  -57.52  -57.21  -56.15  -56.79  -57.18  -57.75  -58.26  -58.24  -58.32  -58.78  -58.82  -58.45  -58.33  -58.80  -58.88  -59.24
  175.00  -62.16  -61.37  -61.50  -59.71  -59.79  -59.87  -59.02  -57.83  -57.21  -57.00  -56.94  -56.28  -57.04  -57.70  -59.31  -60.44  -60.49  -60.95  -60.75  -60.17  -59.79  -59.92  -60.47  -61.92
  200.00  -65.21  -64.46  -62.62  -61.43  -61.05  -60.53  -59.44  -58.39  -57.91  -58.17  -59.36  -59.13  -58.93  -59.17  -59.29  -59.81  -60.65  -61.09  -61.25  -61.71  -62.15  -62.52  -63.87  -64.09
  225.00  -61.20  -60.59  -59.98  -59.85  -59.06  -58.13  -57.52  -57.26  -57.24  -57.43  -58.16  -58.56  -58.57  -59.00  -58.77  -58.53  -58.49  -58.83  -59.24  -59.59  -59.62  -59.37  -59.91  -59.65
  250.00  -56.84  -56.98  -56.83  -57.33  -57.37  -56.92  -56.36  -55.63  -54.95  -54.43  -54.18  -54.35  -54.42  -54.69  -54.83  -54.80  -54.60  -54.38  -54.46  -54.45  -54.32  -54.61  -54.79  -54.61
  300.00  -48.70  -49.12  -49.79  -50.02  -49.35  -48.70  -48.89  -49.38  -49.46  -48.92  -48.21  -47.49  -46.67  -45.67  -45.57  -45.60  -45.47  -45.49  -45.40  -45.18  -45.23  -45.01  -44.52  -44.58
  350.00  -40.10  -40.82  -41.36  -41.86  -41.92  -42.02  -42.62  -43.32  -43.83  -43.96  -43.77  -43.67  -43.13  -42.60  -41.71  -41.33  -41.34  -41.57  -41.44  -40.55  -39.62  -38.54  -37.68  -37.33
  400.00  -33.17  -33.65  -34.00  -34.66  -34.93  -35.37  -36.23  -37.17  -37.81  -37.76  -37.73  -38.44  -38.77  -38.64  -38.34  -37.93  -37.80  -37.72  -37.69  -37.90  -37.69  -36.82  -35.06  -33.82
  450.00  -26.87  -27.35  -27.56  -28.22  -28.84  -29.51  -30.36  -31.04  -31.72  -32.28  -32.64  -33.18  -33.46  -33.33  -32.93  -32.63  -32.41  -32.12  -31.86  -31.83  -32.07  -32.39  -32.87  -32.48
  500.00  -21.20  -21.70  -22.18  -22.44  -22.77  -23.84  -24.58  -25.24  -25.75  -26.28  -27.01  -27.47  -27.87  -28.12  -28.05  -27.64  -26.91  -26.56  -26.55  -26.63  -26.67  -26.81  -27.81  -28.28
  550.00  -16.58  -16.90  -17.28  -17.49  -17.62  -18.30  -19.00  -19.56  -20.04  -20.43  -21.34  -21.87  -22.33  -22.70  -23.05  -23.12  -22.79  -22.17  -21.55  -21.42  -21.54  -21.93  -22.59  -23.08
  600.00  -12.26  -12.50  -12.82  -13.46  -14.03  -14.10  -14.73  -15.42  -15.79  -15.84  -16.42  -16.80  -17.17  -17.38  -17.65  -17.81  -17.95  -17.92  -17.47  -17.05  -17.22  -17.92  -17.95  -18.20
  650.00   -8.39   -8.62   -8.86  -10.14  -11.20  -11.53  -12.07  -12.33  -12.87  -12.92  -13.07  -13.02  -13.49  -13.29  -13.11  -12.95  -13.07  -13.34  -13.56  -13.69  -14.04  -14.31  -13.84  -13.90
  700.00   -5.00   -4.96   -5.47   -6.65   -7.98   -9.05   -9.50   -9.55   -9.83  -10.16  -10.02   -9.94  -10.23  -10.13  -10.11   -9.91   -9.89   -9.97  -10.14  -10.65  -10.83  -10.84  -10.48  -10.51
  750.00   -1.92   -2.16   -2.98   -3.65   -4.87   -5.65   -6.27   -6.69   -6.87   -7.48   -7.18   -7.57   -7.10   -7.45   -7.13   -7.17   -7.16   -7.32   -7.45   -7.59   -7.59   -7.70   -7.63   -7.54
  775.00   -0.73   -1.35   -1.93   -2.58   -3.47   -4.20   -4.62   -5.05   -5.27   -5.91   -5.59   -6.14   -5.64   -5.97   -5.64   -5.66   -5.74   -5.83   -5.93   -5.98   -6.01   -6.13   -6.13   -6.08
  800.00    0.52   -0.18   -0.93   -1.43   -2.07   -2.71   -3.04   -3.38   -3.67   -4.43   -4.05   -4.61   -4.13   -4.40   -4.20   -4.02   -4.27   -4.33   -4.44   -4.45   -4.45   -4.56   -4.46   -4.50
  825.00    1.59    0.97    0.31   -0.35   -0.83   -1.17   -1.40   -1.97   -2.21   -2.78   -2.60   -3.06   -2.57   -2.72   -2.65   -2.35   -2.70   -2.79   -2.95   -2.95   -2.91   -2.99   -2.77   -2.99
  850.00    2.68    2.33    1.71    0.69    0.27    0.20    0.02   -0.52   -0.92   -1.32   -1.15   -1.46   -1.08   -1.06   -1.16   -0.85   -1.21   -1.32   -1.45   -1.42   -1.36   -1.50   -1.25   -1.59
  875.00    4.27    3.85    3.16    2.43    1.75    1.46    1.18    0.79    0.24   -0.01    0.31    0.08    0.29    0.37    0.18    0.43    0.09   -0.03   -0.07   -0.05   -0.01   -0.24    0.04   -0.34
  900.00    5.91    5.51    4.85    4.18    3.62    3.19    2.57    2.09    1.63    1.40    1.99    1.80    1.65    1.76    1.57    1.71    1.46    1.38    1.36    1.36    1.38    1.15    1.35    1.08
  925.00    7.25    6.86    6.24    5.91    5.31    4.74    4.22    3.76    3.37    3.11    3.78    3.66    3.46    3.29    3.35    3.28    3.23    3.10    3.04    2.95    2.90    2.70    2.95    2.83
  950.00    8.22    8.03    7.58    7.29    6.95    6.34    5.82    5.47    5.24    4.98    5.59    5.54    5.41    5.13    5.33    5.20    5.11    4.99    4.85    4.66    4.63    4.54    4.71    4.70
  975.00    9.23    9.07    8.84    8.61    8.39    7.84    7.30    6.98    6.85    6.74    7.43    7.75    7.40    7.05    7.25    6.96    6.84    6.71    6.51    6.31    6.28    6.23    6.34    6.40
 1000.00   10.30   10.16   10.16   10.24   10.03    9.47    8.86    8.55    8.48    8.29    9.05    9.14    8.90    8.65    8.90    8.59    8.48    8.35    8.16    7.98    7.98    7.93    8.03    8.09
