#  level#  00:00#  01:00#  02:00#  03:00#  04:00#  05:00#  06:00#  07:00#  08:00#  09:00#  10:00#  11:00#  12:00#  13:00#  14:00#  15:00#  16:00#  17:00#  18:00#  19:00#  20:00#  21:00#  22:00#  23:00
    1.00  -15.33  -15.93  -15.99  -17.04  -17.82  -18.23  -17.35  -16.30  -17.67  -18.70  -15.08  -13.40  -12.07  -13.43  -15.63  -15.92  -15.44  -15.32  -17.32  -17.28  -16.16  -18.34  -20.81  -22.39
    2.00  -19.92  -22.22  -22.73  -24.51  -26.71  -27.78  -27.03  -26.08  -27.04  -28.58  -28.18  -27.17  -25.75  -24.92  -25.12  -25.78  -26.45  -24.46  -23.39  -24.19  -23.98  -23.24  -24.86  -27.60
    3.00  -29.71  -31.37  -32.38  -35.05  -36.58  -37.27  -37.61  -38.03  -36.71  -36.48  -37.00  -37.18  -36.69  -35.63  -36.48  -38.08  -39.46  -40.41  -41.02  -40.69  -39.56  -36.77  -34.40  -35.41
   10.00  -53.04  -52.86  -53.49  -53.71  -53.87  -54.08  -54.07  -53.25  -52.96  -52.22  -52.35  -51.42  -49.89  -49.73  -49.83  -51.15  -53.17  -54.92  -55.98  -56.27  -56.55  -57.15  -58.10  -58.96
   20.00  -63.17  -63.36  -63.01  -62.83  -62.47  -61.83  -61.79  -62.46  -62.81  -62.88  -62.83  -63.47  -64.02  -63.91  -63.34  -62.66  -62.47  -62.74  -62.74  -62.38  -62.01  -62.24  -62.49  -62.49
   30.00  -66.80  -66.41  -65.76  -65.27  -65.35  -65.75  -65.72  -65.50  -65.67  -65.22  -63.72  -63.19  -62.72  -62.39  -62.30  -62.46  -62.72  -63.22  -63.78  -63.87  -63.96  -63.87  -63.71  -63.19
   50.00  -67.29  -68.24  -68.56  -68.16  -67.13  -65.66  -65.32  -65.40  -65.48  -65.75  -66.75  -66.72  -66.41  -66.12  -65.84  -65.13  -64.31  -63.33  -63.07  -62.98  -62.62  -61.96  -61.53  -61.35
   70.00  -66.46  -66.58  -66.79  -66.79  -67.08  -67.09  -66.09  -65.23  -64.70  -64.06  -64.03  -63.70  -63.54  -63.41  -63.60  -63.66  -63.62  -63.48  -63.10  -62.24  -61.85  -62.01  -61.99  -62.01
  100.00  -62.55  -62.65  -62.96  -63.46  -63.48  -63.86  -64.30  -64.25  -63.75  -63.25  -61.99  -61.49  -61.12  -60.86  -60.47  -60.30  -60.58  -60.63  -60.90  -61.25  -61.28  -61.01  -60.69  -60.86
  125.00  -59.67  -59.39  -59.11  -59.23  -59.21  -58.86  -59.15  -59.59  -59.77  -59.86  -60.00  -59.81  -59.75  -59.86  -59.82  -59.69  -59.66  -59.77  -59.81  -59.65  -59.71  -59.92  -59.97  -59.83
  150.00  -58.26  -57.99  -57.74  -57.31  -57.01  -56.73  -56.87  -56.78  -56.49  -56.14  -56.61  -56.52  -56.48  -56.83  -56.86  -56.99  -57.17  -57.23  -57.29  -57.35  -57.36  -57.47  -57.63  -57.33
  175.00  -56.34  -55.83  -55.19  -54.37  -54.03  -54.02  -54.04  -54.15  -54.26  -54.19  -54.22  -54.42  -54.30  -54.40  -54.58  -54.74  -54.86  -55.19  -55.46  -55.49  -55.35  -55.30  -55.20  -55.17
  200.00  -54.01  -53.84  -53.24  -52.52  -52.07  -51.76  -51.37  -51.50  -51.71  -51.90  -52.17  -52.43  -52.67  -52.82  -52.87  -53.12  -53.39  -53.58  -53.83  -54.30  -54.54  -54.78  -54.95  -55.12
  225.00  -51.96  -51.89  -51.53  -51.02  -50.72  -50.42  -50.02  -49.86  -49.81  -49.97  -50.40  -50.53  -50.90  -51.41  -51.72  -51.90  -52.26  -52.89  -53.24  -53.79  -54.71  -55.40  -55.62  -55.76
  250.00  -50.64  -50.47  -50.38  -50.14  -50.07  -49.97  -49.74  -49.48  -49.22  -49.27  -49.66  -49.67  -49.76  -50.18  -50.87  -51.38  -51.53  -51.98  -52.65  -53.25  -53.99  -54.72  -55.49  -56.11
  300.00  -48.26  -47.89  -48.07  -48.42  -48.53  -48.58  -48.71  -48.89  -48.78  -48.65  -48.45  -48.27  -48.06  -48.12  -48.29  -48.84  -49.35  -49.55  -49.79  -50.08  -50.19  -50.47  -50.90  -51.13
  350.00  -49.32  -48.11  -47.31  -47.14  -47.27  -47.18  -46.91  -47.31  -47.58  -47.79  -47.59  -47.42  -47.24  -47.34  -47.24  -47.11  -46.80  -46.59  -46.43  -46.27  -45.81  -45.36  -45.07  -44.95
  400.00  -45.84  -45.80  -45.75  -45.67  -45.71  -45.86  -45.99  -46.18  -46.89  -47.34  -46.91  -46.95  -47.07  -47.01  -46.36  -45.75  -45.16  -44.22  -43.18  -42.41  -42.08  -41.60  -40.86  -39.84
  450.00  -39.56  -39.66  -39.54  -39.65  -39.99  -40.36  -40.74  -41.10  -41.36  -41.39  -41.37  -41.30  -41.25  -41.31  -41.32  -41.18  -40.86  -40.53  -40.04  -38.97  -37.93  -37.08  -36.29  -35.64
  500.00  -32.87  -33.48  -33.62  -33.98  -34.25  -34.34  -34.70  -34.86  -35.05  -35.23  -35.69  -35.52  -35.32  -35.13  -34.86  -34.42  -34.06  -33.71  -33.57  -33.41  -33.17  -32.81  -32.09  -31.46
  550.00  -26.83  -27.85  -28.49  -28.71  -28.70  -28.76  -29.00  -29.16  -29.36  -29.56  -29.99  -29.91  -29.67  -29.31  -28.91  -28.56  -28.14  -27.94  -27.91  -27.71  -27.40  -27.09  -26.47  -26.35
  600.00  -21.78  -22.71  -23.57  -23.82  -23.71  -23.64  -23.76  -23.83  -24.06  -24.41  -24.92  -24.79  -24.41  -24.05  -23.71  -23.55  -23.35  -23.28  -23.08  -22.76  -22.37  -21.97  -21.31  -21.20
  650.00  -17.30  -18.03  -18.72  -19.01  -18.96  -18.86  -18.99  -19.16  -19.56  -20.00  -20.65  -20.52  -20.19  -19.88  -19.65  -19.40  -19.25  -19.12  -18.92  -18.62  -18.32  -17.99  -17.53  -17.50
  700.00  -13.45  -13.98  -14.25  -14.39  -14.49  -14.54  -14.75  -15.03  -15.53  -15.88  -16.74  -16.62  -16.49  -16.36  -16.20  -15.91  -15.67  -15.48  -15.27  -14.94  -14.48  -14.10  -14.18  -14.30
  750.00  -10.14  -10.44  -10.42  -10.44  -10.67  -10.78  -10.94  -11.23  -11.80  -12.25  -13.35  -13.38  -13.28  -13.22  -13.17  -13.04  -12.81  -12.50  -12.34  -12.11  -11.60  -11.18  -11.48  -11.39
  775.00   -8.37   -8.76   -8.73   -8.76   -9.03   -9.09   -9.16   -9.45  -10.06  -10.45  -11.61  -11.85  -11.77  -11.78  -11.75  -11.67  -11.52  -11.19  -11.07  -10.88  -10.50  -10.12  -10.35  -10.16
  800.00   -6.42   -7.03   -7.09   -7.22   -7.47   -7.49   -7.58   -7.77   -8.37   -8.75   -9.93  -10.19  -10.25  -10.36  -10.38  -10.33  -10.21   -9.96   -9.99   -9.77   -9.35   -8.88   -8.86   -8.74
  825.00   -4.62   -5.21   -5.48   -5.70   -5.95   -5.96   -6.11   -6.23   -6.80   -7.19   -8.32   -8.58   -8.74   -8.85   -8.93   -9.03   -9.00   -8.90   -9.13   -9.10   -8.70   -8.03   -7.58   -7.75
  850.00   -3.11   -3.41   -3.94   -4.13   -4.42   -4.33   -4.50   -4.72   -5.18   -5.74   -6.70   -7.06   -7.24   -7.39   -7.55   -7.76   -7.90   -7.91   -8.01   -8.07   -8.06   -7.84   -7.31   -7.86
  875.00   -1.81   -1.89   -2.39   -2.61   -2.88   -2.75   -2.93   -3.16   -3.88   -4.54   -5.34   -5.65   -5.92   -6.14   -6.27   -6.42   -6.52   -6.55   -6.45   -6.52   -6.68   -6.86   -6.81   -7.36
  900.00   -0.74   -0.75   -0.98   -1.30   -1.53   -1.38   -1.59   -2.09   -2.86   -3.60   -4.23   -4.48   -4.65   -4.71   -4.83   -4.75   -4.67   -4.71   -4.57   -4.60   -4.96   -5.41   -5.51   -6.05
  925.00    0.34    0.17    0.17    0.06    0.00   -0.07   -0.55   -0.98   -1.72   -2.52   -3.11   -3.29   -3.39   -3.38   -3.30   -3.06   -2.94   -2.84   -2.64   -2.71   -3.19   -3.70   -3.76   -4.15
  950.00    1.65    1.45    1.33    1.49    1.48    1.11    0.50   -0.09   -0.66   -1.23   -1.64   -1.67   -1.77   -1.52   -1.35   -1.08   -0.91   -0.84   -0.65   -0.71   -1.17   -1.66   -1.76   -2.07
  975.00    3.10    2.76    2.62    2.99    2.89    2.39    1.62    1.20    0.64    0.10   -0.18   -0.12   -0.17    0.09    0.31    0.58    0.80    0.89    1.08    1.01    0.55    0.11    0.01   -0.27
 1000.00    4.58    4.19    3.98    4.30    4.22    3.69    2.82    2.35    2.34    1.85    1.41    1.45    1.37    1.73    2.01    2.29    2.49    2.59    2.76    2.72    2.29    1.84    1.73    1.47
