#  level#  00:00#  01:00#  02:00#  03:00#  04:00#  05:00#  06:00#  07:00#  08:00#  09:00#  10:00#  11:00#  12:00#  13:00#  14:00#  15:00#  16:00#  17:00#  18:00#  19:00#  20:00#  21:00#  22:00#  23:00
    1.00  -17.95  -19.73  -19.21  -19.51  -19.48  -19.80  -20.30  -19.03  -18.52  -20.06  -20.45  -17.97  -15.58  -14.18  -14.52  -13.61  -13.17  -13.80  -15.60  -17.35  -16.52  -15.64  -14.77  -14.62
    2.00   -9.11   -9.60  -10.43  -11.83  -14.18  -14.92  -15.72  -17.05  -16.27  -14.39  -15.05  -14.81  -14.86  -14.04  -13.50  -12.50  -12.03  -11.24   -9.04   -7.90   -9.57  -11.31  -13.23  -13.34
    3.00  -19.52  -17.12  -17.30  -16.91  -18.34  -18.99  -18.39  -18.39  -19.15  -18.73  -17.93  -18.82  -20.07  -19.71  -19.53  -19.21  -17.71  -18.28  -19.42  -18.58  -17.80  -17.10  -16.87  -17.83
   10.00  -42.24  -41.74  -40.70  -41.60  -41.78  -39.95  -40.41  -41.68  -42.50  -43.11  -43.36  -42.44  -39.86  -39.50  -39.67  -40.14  -41.06  -41.97  -41.30  -41.19  -41.92  -42.89  -43.91  -43.41
   20.00  -48.75  -48.55  -48.36  -47.81  -48.08  -49.03  -49.48  -48.42  -47.64  -47.18  -47.02  -47.98  -49.66  -49.52  -49.92  -49.16  -48.36  -47.49  -47.54  -47.78  -47.17  -47.20  -48.79  -48.91
   30.00  -53.03  -53.00  -54.18  -53.92  -53.46  -52.88  -52.94  -53.42  -53.39  -52.69  -52.41  -51.69  -52.20  -52.52  -53.27  -53.30  -53.61  -52.74  -52.62  -53.15  -53.73  -53.74  -53.81  -54.59
   50.00  -57.84  -58.38  -57.85  -58.36  -58.59  -58.49  -58.40  -58.82  -59.02  -58.82  -57.52  -57.43  -57.23  -56.71  -56.54  -57.25  -58.64  -59.49  -59.84  -59.34  -60.11  -60.15  -58.65  -58.35
   70.00  -58.16  -59.11  -58.66  -58.10  -58.15  -59.28  -60.55  -60.42  -59.26  -58.22  -58.33  -59.10  -59.75  -60.21  -60.94  -60.92  -59.64  -60.20  -60.20  -59.76  -58.77  -59.57  -59.51  -58.38
  100.00  -58.26  -59.24  -60.94  -62.40  -63.20  -62.66  -60.54  -58.31  -57.77  -58.17  -58.39  -58.69  -58.81  -59.38  -59.28  -59.07  -58.76  -58.65  -58.82  -59.46  -59.10  -59.19  -59.23  -59.98
  125.00  -57.96  -56.82  -56.31  -56.34  -56.85  -57.44  -57.89  -58.12  -58.20  -58.18  -58.01  -57.90  -57.83  -57.86  -57.90  -57.89  -57.99  -58.03  -58.06  -58.28  -58.26  -57.31  -58.27  -58.14
  150.00  -54.74  -53.66  -52.81  -51.85  -51.48  -51.43  -51.56  -51.83  -51.79  -51.71  -51.48  -51.18  -51.19  -51.78  -51.91  -51.93  -52.63  -52.95  -53.98  -54.41  -56.03  -55.41  -57.23  -56.67
  175.00  -54.80  -54.85  -55.04  -54.63  -54.27  -55.10  -56.27  -57.30  -57.34  -57.13  -58.36  -57.84  -57.55  -56.28  -55.64  -55.57  -54.53  -54.45  -55.38  -55.71  -55.93  -55.73  -56.18  -55.92
  200.00  -57.30  -57.38  -57.28  -58.37  -59.27  -59.21  -58.52  -56.98  -56.48  -56.78  -58.06  -58.59  -58.54  -57.03  -57.13  -57.14  -56.63  -55.95  -54.35  -53.98  -54.10  -53.75  -54.12  -55.28
  225.00  -54.28  -54.55  -54.36  -54.70  -54.54  -54.16  -54.12  -55.35  -55.86  -55.79  -55.37  -55.29  -55.27  -55.13  -54.90  -55.08  -56.32  -56.73  -55.49  -54.30  -53.96  -54.65  -53.52  -53.07
  250.00  -49.58  -49.47  -49.62  -49.47  -49.64  -49.87  -50.42  -50.98  -51.17  -51.27  -51.00  -50.65  -50.73  -50.76  -50.55  -50.85  -50.93  -50.73  -49.90  -49.59  -48.77  -49.05  -48.48  -48.31
  300.00  -39.89  -40.24  -40.41  -40.29  -40.22  -40.31  -40.20  -40.13  -40.30  -40.36  -40.30  -40.03  -40.45  -40.47  -40.55  -40.33  -39.61  -39.25  -40.17  -39.73  -39.58  -39.63  -38.98  -39.39
  350.00  -31.17  -31.42  -31.34  -31.44  -31.61  -31.61  -31.21  -30.82  -31.17  -31.37  -30.70  -30.50  -30.49  -30.53  -30.65  -30.71  -30.66  -30.16  -30.81  -31.86  -31.89  -32.24  -31.10  -31.87
  400.00  -24.11  -24.05  -24.11  -23.87  -24.15  -24.24  -24.25  -23.94  -23.55  -23.64  -22.64  -22.49  -22.60  -23.15  -22.87  -22.89  -23.51  -23.36  -23.41  -23.73  -24.25  -24.56  -24.03  -24.68
  450.00  -16.89  -17.12  -17.43  -17.57  -18.03  -18.03  -17.99  -17.95  -17.39  -16.99  -15.95  -15.50  -15.43  -16.75  -17.51  -17.94  -18.17  -18.25  -18.36  -18.08  -17.52  -17.25  -17.61  -18.22
  500.00  -12.30  -11.96  -11.67  -11.96  -12.60  -12.37  -12.35  -12.16  -11.84  -11.64  -11.09  -11.16  -10.91  -11.57  -11.85  -12.19  -12.51  -12.91  -12.99  -12.74  -12.25  -11.79  -12.69  -12.85
  550.00   -7.82   -7.65   -7.61   -7.61   -7.94   -7.72   -7.70   -7.52   -7.01   -6.77   -8.55   -8.36   -7.71   -7.57   -7.12   -6.95   -7.07   -7.36   -7.28   -7.10   -7.18   -7.36   -8.49   -8.09
  600.00   -4.65   -4.38   -3.95   -3.71   -3.49   -3.37   -3.35   -3.43   -3.25   -3.18   -5.16   -4.88   -4.23   -3.76   -3.31   -2.60   -2.11   -2.24   -2.21   -2.51   -3.04   -3.18   -3.76   -3.25
  650.00   -0.52   -0.15    0.31    0.37    0.29    0.15    0.42    0.45   -0.02    0.07   -0.87   -1.09   -0.31    0.26    0.50    1.29    2.30    2.14    1.90    1.10    0.76    0.19    0.95    1.37
  700.00    2.92    2.89    3.24    3.22    3.60    3.82    3.68    4.14    4.49    4.30    3.67    2.94    2.96    3.73    3.83    4.54    5.30    4.88    4.57    4.43    4.01    4.08    4.69    5.21
  750.00    7.38    7.29    7.68    7.67    8.06    8.01    7.71    8.54    8.49    8.07    7.00    6.79    6.43    7.00    7.33    8.00    8.30    7.96    7.85    8.04    7.46    7.24    7.86    8.63
  775.00    9.65    9.39    9.52    9.32    9.49    9.29    9.38    9.73    9.72    9.34    8.76    8.82    8.57    8.84    9.12    9.82    9.93    9.52    9.74    9.97    9.48    8.95    9.99   10.40
  800.00   11.65   11.19   11.00   10.67   10.57   10.54   10.20   10.64   10.48   10.45   10.06   10.35   10.52   10.92   10.58   10.77   11.15   11.58   11.94   12.21   11.71   10.90   11.84   12.17
  825.00   13.38   12.79   12.45   11.93   11.75   11.18   10.73   10.74   10.87   11.00   11.27   11.47   11.64   12.05   12.24   12.91   13.25   13.70   14.11   14.54   14.10   13.10   14.43   13.91
  850.00   14.83   14.20   13.85   13.35   12.92   12.09   11.68   11.78   11.86   12.36   12.60   12.76   12.75   13.69   14.59   15.29   15.65   16.13   16.41   16.78   16.40   15.04   15.75   15.73
  875.00   16.44   16.11   15.72   15.06   14.37   13.53   12.99   13.05   13.44   14.06   13.96   14.41   14.93   16.04   16.94   17.69   18.08   18.55   18.79   18.95   18.53   16.97   17.35   17.36
  900.00   18.24   17.88   17.34   16.57   15.98   15.44   15.01   15.14   15.38   16.04   15.91   16.69   17.40   18.46   19.34   20.05   20.48   20.88   21.18   21.26   20.69   18.80   18.19   18.19
  925.00   20.34   19.70   19.17   18.25   17.64   17.28   16.89   16.92   17.31   18.49   18.44   19.01   20.00   21.10   21.92   22.68   22.98   23.36   23.59   23.49   22.79   20.82   19.30   19.33
  950.00   21.78   21.20   20.62   19.76   19.13   18.76   18.43   18.39   18.75   19.92   19.89   20.55   21.46   22.57   23.38   24.10   24.41   24.80   25.06   25.02   24.33   22.45   20.73   20.52
  975.00   23.23   22.65   22.06   21.20   20.57   20.19   19.83   19.82   20.20   21.38   21.39   22.03   22.94   24.06   24.87   25.58   25.90   26.27   26.54   26.46   25.76   23.84   22.16   22.12
 1000.00   24.66   24.08   23.50   22.64   22.01   21.63   21.28   21.26   21.62   22.79   22.78   23.43   24.35   25.45   26.28   26.99   27.31   27.70   27.99   27.95   27.26   25.34   23.66   23.63
