#  level#  00:00#  01:00#  02:00#  03:00#  04:00#  05:00#  06:00#  07:00#  08:00#  09:00#  10:00#  11:00#  12:00#  13:00#  14:00#  15:00#  16:00#  17:00#  18:00#  19:00#  20:00#  21:00#  22:00#  23:00
    1.00  -18.56  -19.53  -20.20  -20.95  -21.37  -22.43  -24.01  -26.22  -28.34  -28.42  -25.24  -22.51  -20.85  -19.56  -19.03  -19.38  -19.68  -20.15  -19.55  -19.15  -18.83  -19.35  -20.51  -20.91
    2.00  -29.32  -28.12  -27.52  -27.76  -27.96  -27.36  -27.06  -26.90  -27.72  -28.98  -29.06  -29.15  -28.40  -27.47  -26.27  -26.15  -26.86  -27.68  -28.12  -27.42  -27.50  -27.62  -25.69  -24.68
    3.00  -39.58  -39.47  -39.75  -38.77  -38.50  -38.34  -37.43  -37.33  -37.56  -36.98  -35.75  -35.74  -35.36  -35.80  -35.27  -34.19  -34.09  -34.40  -34.81  -35.01  -35.17  -35.93  -34.18  -33.67
   10.00  -63.55  -63.70  -64.17  -64.00  -63.53  -63.02  -62.38  -62.42  -63.12  -63.45  -63.36  -63.89  -63.58  -62.01  -61.08  -61.20  -61.71  -61.82  -62.06  -61.96  -61.69  -61.40  -61.84  -60.80
   20.00  -65.97  -65.60  -65.62  -66.15  -66.34  -65.89  -65.56  -65.47  -65.53  -65.26  -65.21  -65.44  -65.42  -65.07  -65.29  -65.79  -65.85  -65.42  -64.78  -64.42  -64.55  -64.58  -64.26  -64.83
   30.00  -61.00  -61.76  -62.21  -62.78  -62.99  -62.77  -62.57  -63.05  -63.00  -62.60  -61.98  -61.90  -62.00  -62.13  -61.88  -62.04  -62.51  -63.09  -63.34  -63.09  -63.09  -63.46  -63.27  -63.49
   50.00  -60.81  -61.05  -61.66  -62.16  -62.37  -62.53  -62.56  -62.62  -62.71  -62.32  -62.12  -62.12  -62.35  -62.41  -62.21  -62.04  -62.32  -62.42  -62.57  -62.41  -62.00  -61.93  -62.45  -63.04
   70.00  -63.18  -62.92  -62.52  -62.18  -62.20  -62.57  -62.65  -62.34  -62.24  -62.57  -62.96  -62.91  -62.87  -62.89  -63.14  -63.26  -63.04  -62.91  -62.88  -63.09  -63.49  -63.67  -63.63  -63.77
  100.00  -62.36  -62.57  -62.95  -62.80  -62.70  -62.16  -62.33  -63.31  -64.03  -64.18  -63.50  -63.23  -63.18  -63.30  -63.67  -63.72  -63.73  -64.28  -64.83  -65.09  -65.18  -65.25  -64.80  -65.01
  125.00  -59.43  -59.28  -60.17  -60.79  -61.70  -62.88  -63.50  -63.87  -63.98  -63.53  -62.28  -62.06  -62.94  -63.74  -65.15  -65.64  -66.28  -66.13  -65.93  -65.88  -65.60  -65.88  -65.81  -65.86
  150.00  -60.05  -60.62  -62.28  -64.08  -63.38  -62.52  -62.77  -64.28  -65.01  -64.80  -64.78  -66.05  -66.97  -66.41  -66.23  -67.42  -67.09  -67.45  -67.69  -67.36  -67.37  -66.43  -65.33  -65.48
  175.00  -63.34  -62.38  -62.31  -63.75  -63.81  -64.79  -64.75  -63.32  -63.03  -63.92  -65.80  -65.32  -65.12  -65.16  -66.16  -65.88  -65.60  -65.80  -65.24  -64.90  -64.59  -63.95  -64.02  -63.39
  200.00  -60.81  -61.31  -61.97  -62.73  -63.38  -64.30  -64.80  -63.81  -61.73  -61.83  -62.75  -63.72  -64.50  -64.65  -64.09  -63.11  -62.89  -62.49  -61.93  -61.99  -61.33  -61.02  -62.09  -61.67
  225.00  -57.54  -58.02  -57.72  -57.51  -57.45  -57.80  -58.31  -58.96  -59.14  -58.76  -58.55  -59.12  -58.91  -58.76  -58.95  -58.84  -58.48  -57.74  -57.50  -57.47  -57.21  -57.36  -58.31  -59.05
  250.00  -53.37  -53.56  -53.09  -52.14  -51.92  -51.94  -52.43  -53.07  -53.35  -53.57  -53.20  -53.17  -52.92  -52.87  -53.05  -53.12  -53.04  -52.45  -52.27  -52.27  -52.50  -52.81  -53.12  -53.20
  300.00  -47.30  -46.69  -45.67  -44.37  -44.48  -43.87  -43.24  -43.32  -43.84  -43.70  -42.91  -42.60  -42.14  -42.03  -41.61  -41.54  -41.67  -41.88  -42.17  -42.16  -42.38  -42.84  -42.39  -42.22
  350.00  -40.23  -39.56  -38.95  -38.22  -37.86  -37.20  -36.55  -35.75  -35.60  -35.68  -35.78  -35.23  -34.18  -34.28  -33.49  -32.82  -32.47  -32.77  -33.17  -33.24  -33.43  -33.72  -33.69  -33.64
  400.00  -32.39  -32.51  -32.45  -32.46  -31.74  -30.82  -30.18  -29.66  -29.33  -28.63  -28.50  -28.06  -27.62  -27.14  -26.87  -26.50  -26.29  -26.07  -26.06  -26.04  -26.05  -25.88  -25.78  -25.90
  450.00  -25.33  -25.15  -25.25  -25.76  -25.83  -25.45  -25.07  -24.49  -24.08  -23.51  -23.15  -21.94  -21.56  -21.19  -20.52  -20.29  -20.38  -20.74  -20.48  -20.14  -20.09  -19.48  -19.07  -19.14
  500.00  -19.12  -19.25  -19.36  -19.52  -19.41  -19.37  -19.35  -19.17  -18.71  -18.54  -18.54  -17.53  -16.60  -16.14  -15.70  -15.72  -15.89  -15.89  -15.71  -15.62  -15.48  -14.73  -13.95  -13.88
  550.00  -14.51  -14.27  -14.60  -14.27  -14.01  -13.77  -13.72  -13.67  -13.49  -13.30  -13.25  -13.19  -12.71  -11.88  -11.57  -11.37  -11.11  -10.89  -11.04  -11.20  -11.04  -10.73  -10.52  -10.11
  600.00  -10.03   -9.92   -9.92   -9.66   -9.56   -9.13   -8.87   -8.87   -9.25   -8.69   -8.69   -8.54   -8.74   -8.10   -7.75   -7.75   -7.51   -7.38   -7.54   -7.68   -7.50   -7.36   -7.29   -7.03
  650.00   -5.88   -6.02   -6.19   -5.38   -5.15   -4.98   -4.79   -4.82   -5.32   -4.80   -4.71   -4.45   -4.66   -4.59   -4.10   -4.23   -4.21   -4.42   -4.47   -4.54   -4.35   -4.16   -4.14   -4.21
  700.00   -2.29   -2.20   -2.18   -1.64   -1.09   -0.86   -0.74   -1.00   -1.37   -1.15   -1.09   -0.94   -1.21   -1.29   -1.01   -1.19   -1.02   -1.34   -1.67   -1.71   -1.29   -1.22   -1.16   -1.22
  750.00    1.20    1.70    1.86    2.13    2.65    2.88    3.08    2.90    2.62    2.48    2.57    2.52    2.27    1.68    1.46    1.80    2.22    1.92    1.47    1.52    1.84    1.49    1.35    1.73
  775.00    3.05    3.62    3.79    4.02    4.40    4.61    4.92    4.80    4.51    4.44    4.42    4.30    4.13    3.70    3.37    3.97    4.13    3.89    3.48    3.46    3.56    3.24    2.98    3.29
  800.00    4.97    5.52    5.64    5.79    6.06    6.29    6.66    6.62    6.28    6.11    6.06    6.12    6.08    5.60    5.23    5.83    5.76    5.74    5.35    5.30    5.25    4.82    4.44    4.73
  825.00    6.88    7.32    7.46    7.50    7.68    7.93    8.26    8.27    8.00    7.76    7.74    7.90    7.89    7.33    6.99    7.39    7.40    7.52    7.27    7.19    6.97    6.61    6.16    6.41
  850.00    8.71    9.03    9.23    9.45    9.55    9.56    9.74    9.68    9.45    9.37    9.30    9.39    9.12    8.72    8.58    8.85    9.03    9.18    9.06    9.00    8.55    8.56    8.13    8.24
  875.00    9.96   10.38   10.49   10.92   10.54   10.11   10.12   10.03    9.92   10.16   10.50   10.46   10.27   10.29   10.39   10.58   10.74   10.85   10.69   10.55   10.14   10.40   10.08   10.01
  900.00   11.28   11.55   11.49   11.53   11.29   10.96   11.03   10.97   10.98   11.35   11.87   11.90   11.75   11.93   12.19   12.34   12.44   12.60   12.43   12.14   11.89   12.09   11.89   11.78
  925.00   13.07   13.11   12.83   12.64   12.42   12.19   12.21   12.23   12.33   12.52   13.15   13.28   13.30   13.52   13.92   14.07   14.05   14.33   14.09   13.79   13.39   13.61   13.49   13.40
  950.00   14.35   14.19   13.87   13.70   13.71   13.72   13.82   13.89   13.97   14.11   14.43   14.66   15.04   15.14   15.45   15.55   15.46   15.81   15.62   15.14   14.62   14.74   14.80   14.76
  975.00   15.77   15.57   15.31   15.13   15.18   15.24   15.32   15.39   15.42   15.56   15.88   16.15   16.51   16.56   16.87   17.03   16.93   17.36   17.13   16.65   16.05   16.10   16.22   16.36
 1000.00   16.89   16.71   16.50   16.36   16.32   16.41   16.51   16.64   16.72   16.94   17.19   17.55   17.96   17.99   18.31   18.47   18.36   18.79   18.56   18.06   17.45   17.48   17.62   17.81
