#  level#  00:00#  01:00#  02:00#  03:00#  04:00#  05:00#  06:00#  07:00#  08:00#  09:00#  10:00#  11:00#  12:00#  13:00#  14:00#  15:00#  16:00#  17:00#  18:00#  19:00#  20:00#  21:00#  22:00#  23:00
    1.00  -32.63  -33.88  -35.04  -36.47  -39.11  -41.38  -41.01  -38.41  -36.81  -36.06  -36.70  -35.33  -33.63  -31.55  -30.11  -29.98  -30.65  -30.05  -27.88  -27.11  -27.76  -28.80  -28.91  -30.19
    2.00  -39.32  -39.99  -39.92  -40.06  -41.35  -42.91  -44.55  -44.89  -44.65  -43.95  -41.91  -41.30  -42.23  -41.93  -41.08  -40.88  -41.12  -41.27  -40.60  -38.60  -37.26  -36.66  -36.37  -36.21
    3.00  -40.89  -40.89  -40.84  -41.36  -42.45  -43.52  -45.15  -46.59  -47.55  -48.53  -48.53  -47.85  -47.43  -46.45  -44.93  -44.17  -44.40  -45.08  -43.91  -43.34  -42.37  -42.37  -42.98  -42.46
   10.00  -58.76  -59.16  -60.15  -60.86  -61.01  -60.44  -59.11  -57.74  -56.45  -55.55  -55.15  -54.81  -54.95  -55.08  -54.96  -54.52  -53.99  -54.77  -55.41  -54.80  -54.64  -53.78  -52.87  -52.46
   20.00  -58.09  -58.38  -59.01  -59.64  -60.20  -60.09  -59.27  -58.38  -57.83  -57.10  -56.65  -56.32  -56.36  -56.63  -56.85  -56.88  -56.11  -55.80  -56.01  -56.29  -56.56  -56.14  -55.35  -55.27
   30.00  -56.97  -56.95  -56.72  -56.57  -57.05  -57.72  -57.84  -57.29  -56.96  -56.66  -55.98  -55.62  -55.43  -55.48  -55.63  -55.97  -55.82  -55.34  -55.27  -54.80  -54.58  -54.53  -54.71  -54.75
   50.00  -58.22  -57.87  -57.86  -57.76  -57.42  -56.98  -57.17  -57.55  -57.45  -57.09  -56.85  -56.52  -56.23  -56.19  -56.04  -56.08  -56.18  -55.83  -55.64  -55.69  -55.36  -54.84  -54.44  -55.11
   70.00  -57.51  -57.37  -57.48  -57.48  -57.33  -56.89  -56.56  -56.69  -56.95  -56.77  -56.47  -56.70  -56.84  -56.69  -56.32  -55.99  -55.97  -56.02  -56.22  -56.57  -57.07  -57.10  -55.96  -55.42
  100.00  -55.69  -55.35  -55.22  -55.50  -55.77  -55.78  -55.37  -55.21  -55.48  -55.74  -55.51  -55.51  -55.59  -55.54  -55.42  -55.16  -55.10  -55.27  -55.44  -55.40  -55.28  -55.50  -55.09  -54.48
  125.00  -54.32  -54.24  -53.76  -53.59  -53.69  -53.87  -53.70  -53.33  -53.23  -53.33  -53.81  -53.81  -53.92  -54.09  -54.23  -54.05  -53.50  -53.06  -53.02  -53.27  -53.21  -53.39  -54.11  -54.16
  150.00  -51.91  -52.05  -51.74  -51.30  -51.20  -51.48  -51.70  -51.63  -51.40  -51.18  -51.23  -50.96  -50.85  -50.96  -51.22  -51.54  -51.67  -51.79  -51.78  -51.78  -51.60  -51.11  -51.22  -50.98
  175.00  -51.06  -51.47  -51.51  -50.85  -50.13  -49.95  -50.19  -50.24  -50.09  -50.03  -50.18  -50.06  -49.96  -49.93  -49.84  -49.91  -49.80  -49.84  -49.95  -49.89  -50.07  -50.06  -50.12  -50.15
  200.00  -52.37  -52.63  -53.08  -53.29  -53.08  -52.39  -51.95  -51.64  -51.16  -50.76  -50.40  -50.59  -50.91  -51.31  -51.44  -51.55  -51.27  -50.71  -50.59  -50.36  -50.42  -50.20  -49.83  -50.09
  225.00  -53.92  -53.61  -53.54  -53.63  -53.82  -53.82  -53.65  -53.60  -53.58  -53.50  -52.90  -52.75  -52.52  -52.46  -52.53  -52.90  -53.34  -53.14  -52.85  -52.65  -52.78  -52.99  -52.58  -52.69
  250.00  -53.80  -53.64  -53.58  -53.60  -53.63  -53.59  -53.44  -53.31  -53.39  -53.67  -53.58  -53.82  -53.84  -53.77  -53.65  -53.64  -53.97  -53.97  -53.59  -53.48  -53.61  -54.22  -54.51  -54.57
  300.00  -51.82  -51.71  -51.75  -52.08  -52.45  -52.60  -52.67  -52.74  -52.77  -52.71  -52.45  -52.44  -52.46  -52.56  -52.68  -52.89  -53.23  -53.66  -53.74  -53.82  -53.33  -52.94  -52.92  -52.92
  350.00  -46.77  -46.92  -47.03  -47.14  -47.29  -47.49  -47.69  -47.92  -48.13  -48.26  -48.10  -48.20  -48.29  -48.34  -48.35  -48.41  -48.54  -48.76  -48.91  -49.12  -49.33  -49.29  -48.87  -48.82
  400.00  -39.93  -40.16  -40.35  -40.47  -40.53  -40.63  -40.76  -40.96  -41.12  -41.19  -41.04  -41.12  -41.22  -41.31  -41.37  -41.40  -41.46  -41.67  -41.88  -41.97  -42.15  -42.30  -42.10  -42.26
  450.00  -33.71  -33.95  -34.19  -34.39  -34.50  -34.57  -34.64  -34.74  -34.93  -35.11  -35.09  -35.16  -35.17  -35.15  -35.12  -35.13  -35.21  -35.63  -35.83  -35.95  -36.12  -36.29  -36.20  -36.21
  500.00  -28.01  -28.36  -28.73  -29.03  -29.28  -29.48  -29.65  -29.83  -29.99  -30.13  -30.18  -30.33  -30.45  -30.48  -30.37  -30.33  -30.37  -30.38  -30.26  -30.43  -30.55  -30.52  -30.47  -30.48
  550.00  -23.58  -23.86  -24.03  -24.17  -24.40  -24.63  -24.85  -25.05  -25.20  -25.22  -25.43  -25.51  -25.54  -25.56  -25.53  -25.35  -25.15  -24.98  -24.84  -24.82  -24.79  -24.67  -25.05  -24.99
  600.00  -19.84  -19.81  -19.72  -19.71  -19.85  -20.05  -20.29  -20.50  -20.61  -20.62  -20.74  -20.72  -20.61  -20.51  -20.32  -20.11  -19.99  -19.87  -19.88  -19.56  -19.31  -19.51  -19.94  -19.86
  650.00  -15.71  -15.55  -15.49  -15.53  -15.62  -15.77  -15.95  -16.10  -16.18  -16.21  -16.32  -16.41  -16.34  -16.20  -16.02  -15.78  -15.52  -15.22  -15.18  -14.96  -14.70  -14.92  -15.29  -15.15
  700.00  -11.74  -11.70  -11.80  -11.86  -11.93  -12.03  -12.10  -12.15  -12.21  -12.28  -12.58  -12.50  -12.12  -12.08  -11.98  -11.70  -11.39  -11.04  -11.03  -11.02  -11.08  -10.83  -11.27  -11.08
  750.00   -8.26   -8.53   -8.80   -8.88   -8.90   -8.97   -8.97   -8.94   -8.91   -8.86   -8.83   -8.43   -8.12   -8.06   -7.97   -7.80   -7.61   -7.35   -7.41   -7.46   -7.37   -7.21   -7.58   -7.29
  775.00   -6.59   -6.94   -7.24   -7.33   -7.32   -7.33   -7.30   -7.24   -7.19   -7.08   -6.80   -6.43   -6.24   -6.12   -6.04   -5.97   -5.89   -5.69   -5.70   -5.71   -5.69   -5.53   -5.69   -5.35
  800.00   -5.01   -5.31   -5.50   -5.53   -5.51   -5.47   -5.41   -5.34   -5.27   -5.14   -4.73   -4.46   -4.36   -4.24   -4.19   -4.25   -4.27   -4.06   -4.00   -4.06   -4.08   -3.94   -3.77   -3.42
  825.00   -3.37   -3.55   -3.65   -3.62   -3.57   -3.51   -3.41   -3.31   -3.25   -3.15   -2.71   -2.52   -2.52   -2.42   -2.49   -2.67   -2.71   -2.47   -2.45   -2.45   -2.47   -2.33   -1.97   -1.66
  850.00   -1.51   -1.64   -1.73   -1.68   -1.60   -1.52   -1.39   -1.30   -1.31   -1.25   -0.92   -0.62   -0.92   -0.83   -1.02   -0.99   -1.05   -0.90   -0.88   -0.82   -0.73   -0.60   -0.17    0.03
  875.00    0.35    0.16    0.01    0.04    0.14    0.24    0.40    0.41    0.26    0.24    0.69    1.02    0.35    0.47    0.67    0.82    0.90    0.78    0.82    0.87    1.02    1.16    1.53    1.71
  900.00    2.19    1.89    1.65    1.60    1.61    1.70    1.78    1.71    1.52    1.54    1.91    2.08    1.76    2.25    2.55    2.74    2.94    2.67    2.63    2.74    2.78    3.06    3.25    3.33
  925.00    3.76    3.38    3.08    2.97    2.92    2.92    2.93    2.87    2.69    2.62    2.64    2.80    3.32    3.99    4.47    4.70    4.90    4.70    4.71    4.65    4.65    4.84    4.94    4.96
  950.00    5.14    4.78    4.46    4.33    4.20    4.14    4.08    4.06    4.00    3.92    3.63    4.33    5.31    6.15    6.67    6.90    7.03    6.51    6.28    6.39    6.39    6.45    6.50    6.56
  975.00    6.57    6.19    5.84    5.63    5.50    5.45    5.36    5.34    5.30    5.27    5.02    5.83    7.12    7.93    8.45    8.67    8.76    8.14    7.88    7.88    7.89    7.86    7.92    8.02
 1000.00    8.14    7.83    7.51    7.29    7.13    7.02    6.85    6.68    6.50    6.39    6.34    7.44    8.76    9.58   10.07   10.31   10.43    9.82    9.53    9.61    9.63    9.56    9.46    9.45
