#  level#  00:00#  01:00#  02:00#  03:00#  04:00#  05:00#  06:00#  07:00#  08:00#  09:00#  10:00#  11:00#  12:00#  13:00#  14:00#  15:00#  16:00#  17:00#  18:00#  19:00#  20:00#  21:00#  22:00#  23:00
    1.00  -20.74  -22.66  -24.45  -25.44  -24.80  -24.86  -27.64  -29.75  -29.63  -28.32  -25.89  -23.87  -22.90  -22.98  -23.22  -22.89  -22.16  -22.98  -24.00  -23.71  -24.35  -24.92  -25.05  -24.78
    2.00  -38.53  -38.61  -39.60  -39.95  -39.53  -38.92  -39.66  -41.55  -42.86  -43.10  -42.59  -40.88  -38.69  -38.15  -38.99  -39.03  -37.85  -38.03  -37.71  -37.48  -37.53  -37.91  -39.58  -39.75
    3.00  -45.02  -45.21  -45.29  -44.75  -44.71  -45.41  -45.93  -45.69  -45.93  -46.59  -46.56  -46.28  -46.22  -44.73  -43.02  -43.88  -45.50  -45.01  -45.58  -45.25  -43.99  -42.96  -42.79  -43.65
   10.00  -46.98  -47.69  -48.30  -47.80  -46.68  -46.42  -46.71  -46.89  -47.30  -47.99  -48.56  -48.35  -48.46  -48.88  -48.96  -48.34  -47.09  -47.25  -47.96  -47.83  -47.29  -47.31  -47.35  -47.19
   20.00  -49.91  -50.17  -50.73  -51.35  -51.71  -51.87  -52.52  -53.47  -53.70  -53.10  -52.73  -52.21  -52.06  -51.97  -51.84  -52.17  -52.41  -52.21  -52.38  -52.47  -52.22  -52.37  -52.21  -52.75
   30.00  -56.12  -56.45  -56.81  -56.99  -56.93  -56.46  -55.59  -54.94  -55.19  -56.16  -56.74  -56.95  -56.94  -56.88  -56.51  -56.18  -56.32  -56.29  -55.69  -55.69  -55.82  -55.89  -56.57  -57.28
   50.00  -62.34  -62.26  -62.43  -62.71  -62.97  -63.03  -62.64  -62.05  -61.63  -61.59  -61.71  -62.04  -62.10  -62.19  -62.38  -62.25  -62.03  -62.33  -62.52  -62.49  -62.72  -62.89  -62.23  -62.09
   70.00  -64.44  -64.64  -64.55  -64.52  -64.56  -64.65  -64.60  -64.52  -64.38  -64.28  -64.27  -64.49  -64.54  -64.60  -64.80  -64.89  -64.51  -64.27  -64.27  -63.99  -63.96  -64.18  -63.95  -64.29
  100.00  -65.07  -65.28  -65.39  -65.35  -65.27  -65.29  -65.27  -65.27  -65.18  -64.95  -65.25  -65.34  -65.41  -65.47  -65.50  -65.65  -65.80  -65.91  -66.20  -66.37  -66.21  -66.15  -66.30  -66.48
  125.00  -63.21  -63.20  -63.42  -63.66  -63.78  -63.97  -64.27  -64.57  -64.80  -64.96  -64.74  -64.86  -65.09  -65.31  -65.35  -65.36  -65.62  -65.80  -66.07  -66.75  -67.00  -66.82  -66.54  -66.67
  150.00  -61.07  -61.10  -61.52  -62.13  -62.55  -62.80  -63.20  -63.79  -64.18  -64.43  -64.20  -64.42  -64.53  -64.65  -64.75  -64.82  -64.96  -64.93  -64.72  -65.02  -65.91  -66.67  -66.93  -67.04
  175.00  -63.86  -64.33  -64.43  -64.36  -64.24  -64.15  -64.19  -64.48  -64.81  -64.90  -64.63  -64.61  -64.55  -64.48  -64.38  -64.47  -64.72  -64.88  -64.82  -64.59  -64.43  -64.39  -64.42  -64.42
  200.00  -62.21  -62.21  -61.98  -61.80  -61.71  -61.62  -61.53  -61.50  -61.55  -61.64  -61.52  -61.24  -61.01  -60.93  -60.92  -61.02  -61.18  -61.26  -61.26  -61.14  -60.95  -60.73  -60.74  -60.59
  225.00  -56.96  -56.90  -57.03  -56.95  -56.70  -56.57  -56.55  -56.57  -56.60  -56.63  -56.98  -57.03  -56.96  -56.90  -56.91  -57.00  -57.02  -56.88  -56.60  -56.28  -56.10  -56.07  -56.38  -56.29
  250.00  -51.61  -51.49  -51.44  -51.56  -51.65  -51.55  -51.37  -51.24  -51.18  -51.15  -51.54  -51.51  -51.40  -51.35  -51.34  -51.37  -51.42  -51.46  -51.45  -51.32  -51.08  -50.93  -50.85  -50.77
  300.00  -41.32  -41.38  -41.43  -41.47  -41.46  -41.49  -41.48  -41.33  -41.11  -40.89  -40.85  -40.84  -40.78  -40.72  -40.62  -40.51  -40.42  -40.37  -40.35  -40.32  -40.30  -40.29  -40.38  -40.36
  350.00  -32.57  -32.61  -32.63  -32.59  -32.53  -32.54  -32.58  -32.65  -32.70  -32.70  -32.57  -32.48  -32.32  -32.19  -32.07  -31.96  -31.87  -31.82  -31.77  -31.64  -31.47  -31.36  -31.64  -31.69
  400.00  -24.73  -24.86  -24.93  -24.95  -24.97  -25.04  -25.09  -25.06  -25.00  -25.01  -24.79  -24.83  -24.76  -24.68  -24.57  -24.41  -24.23  -24.15  -24.13  -24.11  -24.06  -24.01  -23.98  -23.96
  450.00  -19.11  -19.15  -19.24  -19.35  -19.46  -19.58  -19.64  -19.60  -19.49  -19.44  -19.33  -19.35  -19.32  -19.28  -19.23  -19.04  -18.64  -18.29  -18.12  -18.03  -17.96  -17.85  -17.50  -17.42
  500.00  -14.03  -13.96  -13.86  -13.79  -13.75  -13.72  -13.63  -13.49  -13.35  -13.27  -13.27  -13.29  -13.30  -13.34  -13.40  -13.46  -13.43  -13.33  -13.21  -13.10  -13.02  -12.97  -12.72  -12.81
  550.00   -8.68   -8.68   -8.64   -8.60   -8.55   -8.48   -8.33   -8.09   -7.79   -7.57   -7.46   -7.46   -7.47   -7.52   -7.63   -7.74   -7.78   -7.78   -7.76   -7.74   -7.71   -7.65   -7.38   -7.32
  600.00   -3.60   -3.62   -3.67   -3.76   -3.85   -3.90   -3.90   -3.82   -3.60   -3.34   -3.10   -2.98   -2.89   -2.83   -2.84   -2.87   -2.89   -2.90   -2.92   -2.94   -2.92   -2.85   -2.50   -2.36
  650.00   -0.13   -0.01    0.12    0.15    0.15    0.21    0.25    0.23    0.29    0.38    0.64    0.82    1.05    1.27    1.44    1.54    1.59    1.59    1.55    1.52    1.54    1.58    1.70    1.81
  700.00    3.22    3.29    3.41    3.44    3.49    3.64    3.78    3.81    3.83    3.89    4.38    4.57    4.86    5.13    5.34    5.50    5.58    5.60    5.59    5.59    5.63    5.70    5.88    5.97
  750.00    6.53    6.61    6.72    6.76    6.82    6.97    7.10    7.10    7.08    7.07    7.78    7.87    8.11    8.36    8.56    8.69    8.78    8.83    8.86    8.94    9.06    9.20    9.71    9.83
  775.00    7.77    7.97    8.16    8.26    8.37    8.54    8.68    8.68    8.64    8.63    9.43    9.51    9.72    9.93   10.10   10.25   10.36   10.42   10.46   10.55   10.68   10.83   11.35   11.45
  800.00    7.99    8.30    8.69    9.01    9.34    9.66    9.89    9.88    9.82    9.81   10.72   10.90   11.27   11.56   11.76   11.94   12.08   12.14   12.17   12.26   12.38   12.51   12.88   12.99
  825.00    8.16    8.31    8.68    9.13    9.57   10.01   10.31   10.32   10.28   10.34   11.27   11.69   12.33   12.93   13.35   13.63   13.80   13.86   13.92   13.97   14.05   14.14   14.35   14.48
  850.00    9.34    9.27    9.39    9.57    9.93   10.22   10.44   10.45   10.49   10.60   11.25   11.79   12.57   13.51   14.26   14.81   15.11   15.24   15.32   15.39   15.45   15.44   15.72   15.83
  875.00   11.07   11.08   11.05   11.00   11.10   11.19   11.20   11.15   11.14   11.26   11.50   11.92   12.53   13.45   14.43   15.23   15.72   15.92   15.97   16.07   16.16   16.13   16.64   16.73
  900.00   12.69   12.84   12.95   12.97   12.92   12.86   12.76   12.62   12.55   12.50   12.42   12.59   12.86   13.26   14.02   14.85   15.48   15.81   16.00   16.17   16.31   16.30   16.98   17.24
  925.00   13.93   14.04   14.19   14.34   14.39   14.33   14.17   13.88   13.68   13.54   13.59   13.65   13.46   13.37   13.70   14.06   14.69   15.17   15.48   15.79   16.11   16.30   16.83   17.12
  950.00   15.06   15.11   15.26   15.45   15.55   15.44   15.22   14.85   14.52   14.36   14.31   14.11   14.48   14.85   15.06   15.09   14.95   15.00   15.14   15.42   15.79   16.11   16.52   17.13
  975.00   15.17   15.49   15.52   15.61   15.59   15.45   15.13   14.74   14.08   13.82   14.45   14.92   15.61   15.98   16.17   16.08   15.82   15.57   15.56   15.85   16.26   16.56   16.78   17.46
 1000.00   16.28   16.16   16.13   16.26   16.26   16.19   15.84   15.47   15.10   15.06   14.96   15.30   16.05   16.39   16.53   16.43   16.14   15.92   16.04   16.49   16.96   17.27   17.41   18.04
