#  level#  00:00#  01:00#  02:00#  03:00#  04:00#  05:00#  06:00#  07:00#  08:00#  09:00#  10:00#  11:00#  12:00#  13:00#  14:00#  15:00#  16:00#  17:00#  18:00#  19:00#  20:00#  21:00#  22:00#  23:00
    1.00  -12.45  -13.66  -14.18  -14.61  -15.17  -14.76  -12.95  -10.64   -9.82  -10.09  -10.76   -8.86   -7.62   -8.36   -9.47   -9.35   -8.33   -6.26   -6.92   -9.07  -10.35  -11.10  -10.64   -8.41
    2.00  -14.30  -16.66  -18.64  -20.77  -23.04  -24.98  -26.07  -25.88  -22.98  -20.30  -19.55  -19.37  -19.06  -18.34  -18.51  -20.01  -21.21  -20.97  -19.65  -17.99  -17.08  -17.38  -19.09  -20.08
    3.00  -27.48  -27.96  -27.63  -26.67  -26.30  -27.43  -29.12  -30.03  -30.87  -30.94  -29.96  -28.65  -27.61  -26.48  -25.37  -26.06  -28.00  -28.78  -29.00  -28.40  -27.91  -27.28  -27.25  -28.34
   10.00  -47.85  -48.30  -48.77  -49.10  -48.26  -46.31  -45.22  -44.89  -44.76  -44.53  -45.37  -45.51  -46.29  -46.99  -47.13  -46.93  -46.61  -46.01  -45.44  -44.94  -45.23  -46.00  -47.10  -48.12
   20.00  -51.95  -52.60  -52.88  -53.41  -53.18  -52.60  -52.44  -52.36  -52.33  -52.62  -52.29  -53.52  -54.46  -54.33  -53.79  -53.30  -52.45  -51.58  -51.19  -51.27  -51.74  -51.83  -52.05  -52.92
   30.00  -57.04  -57.37  -57.09  -56.68  -56.47  -56.07  -56.16  -56.53  -56.15  -55.47  -54.99  -54.75  -54.88  -55.42  -55.93  -56.25  -56.76  -57.03  -56.95  -56.55  -56.20  -56.11  -55.68  -54.94
   50.00  -59.35  -59.06  -59.44  -59.78  -60.15  -60.50  -60.65  -60.70  -60.71  -60.70  -60.70  -60.46  -60.40  -60.44  -60.50  -60.55  -60.49  -60.42  -60.33  -60.23  -60.39  -60.42  -60.22  -60.25
   70.00  -63.42  -64.04  -64.17  -64.04  -63.48  -63.00  -62.68  -62.28  -62.04  -62.20  -62.18  -62.65  -63.22  -63.69  -63.69  -63.39  -63.05  -62.87  -62.83  -62.64  -62.37  -62.33  -62.46  -62.28
  100.00  -66.82  -66.99  -67.06  -67.08  -67.07  -66.81  -66.62  -66.50  -66.20  -65.92  -65.67  -65.63  -65.79  -66.00  -66.12  -66.14  -66.16  -66.07  -66.05  -66.00  -65.90  -65.75  -65.63  -65.52
  125.00  -69.58  -68.64  -68.19  -68.33  -68.27  -67.85  -67.28  -66.85  -66.49  -66.21  -66.32  -66.13  -66.05  -66.17  -66.33  -66.49  -66.59  -66.54  -66.46  -66.48  -66.44  -66.30  -66.11  -66.26
  150.00  -70.55  -70.59  -70.50  -70.08  -69.37  -68.74  -68.53  -68.48  -68.17  -67.67  -67.80  -67.24  -66.55  -66.10  -65.82  -65.64  -65.53  -65.31  -65.05  -64.84  -64.73  -64.58  -64.26  -64.20
  175.00  -66.23  -66.38  -66.56  -66.47  -66.21  -65.74  -65.21  -64.84  -64.71  -64.67  -65.00  -64.89  -64.68  -64.45  -64.24  -63.95  -63.68  -63.39  -63.12  -62.96  -62.90  -62.67  -62.28  -61.98
  200.00  -59.99  -60.05  -60.07  -59.98  -59.91  -60.00  -60.11  -60.14  -60.07  -59.99  -60.16  -60.14  -60.18  -60.25  -60.39  -60.42  -60.34  -60.22  -60.02  -59.80  -59.69  -59.58  -59.82  -59.73
  225.00  -53.32  -53.37  -53.46  -53.54  -53.72  -54.03  -54.38  -54.64  -54.79  -54.82  -54.86  -54.77  -54.83  -54.96  -55.14  -55.26  -55.31  -55.31  -55.34  -55.36  -55.36  -55.34  -55.56  -55.60
  250.00  -47.23  -47.22  -47.22  -47.43  -47.78  -48.23  -48.71  -49.09  -49.31  -49.40  -49.29  -49.27  -49.29  -49.35  -49.48  -49.66  -49.78  -49.87  -49.98  -50.08  -50.19  -50.30  -50.29  -50.41
  300.00  -37.95  -38.18  -38.40  -38.49  -38.53  -38.68  -38.88  -39.03  -39.16  -39.39  -39.66  -39.91  -39.97  -39.90  -39.88  -40.01  -40.20  -40.32  -40.39  -40.42  -40.45  -40.52  -40.59  -40.63
  350.00  -30.28  -30.34  -30.60  -31.16  -31.46  -31.61  -31.59  -31.54  -31.46  -31.23  -31.18  -31.26  -31.24  -31.12  -30.97  -30.85  -30.76  -30.72  -30.79  -30.91  -30.98  -31.05  -31.53  -31.72
  400.00  -23.66  -23.73  -23.96  -24.24  -24.39  -24.50  -24.59  -24.65  -24.82  -25.03  -24.73  -24.41  -24.05  -23.61  -23.18  -22.85  -22.61  -22.38  -22.22  -22.21  -22.41  -22.68  -23.39  -23.71
  450.00  -17.31  -17.29  -17.35  -17.50  -17.59  -17.51  -17.56  -17.67  -17.85  -18.04  -17.75  -17.81  -17.86  -17.85  -17.71  -17.45  -17.23  -16.92  -16.52  -16.08  -15.93  -16.08  -16.89  -17.25
  500.00  -11.49  -11.51  -11.46  -11.50  -11.63  -11.68  -11.80  -11.94  -12.07  -12.28  -11.91  -12.06  -12.17  -12.28  -12.39  -12.57  -12.89  -13.22  -13.45  -13.38  -13.02  -12.57  -12.38  -12.18
  550.00   -6.04   -6.10   -6.02   -5.97   -6.22   -6.55   -6.99   -7.43   -7.60   -7.75   -7.58   -7.79   -7.87   -7.90   -7.94   -8.04   -8.29   -8.63   -8.98   -9.23   -9.41   -9.49   -8.94   -8.57
  600.00   -2.56   -2.57   -2.37   -2.07   -2.19   -2.50   -2.94   -3.45   -3.63   -3.61   -3.50   -3.64   -3.72   -3.73   -3.74   -3.78   -3.89   -4.12   -4.37   -4.51   -4.62   -4.81   -4.13   -4.39
  650.00    0.89    0.96    1.02    1.14    1.09    1.00    0.88    0.60    0.40    0.42    0.54    0.55    0.51    0.51    0.50    0.47    0.39    0.19   -0.08   -0.22   -0.26   -0.30    0.36    0.07
  700.00    4.45    4.43    4.31    4.24    4.14    4.10    4.19    4.16    4.00    3.90    4.01    4.05    3.99    3.99    3.98    3.99    4.01    3.87    3.65    3.52    3.46    3.50    4.18    4.24
  750.00    7.50    7.43    7.24    7.10    6.91    6.69    6.59    6.67    6.67    6.59    6.73    6.85    6.87    6.85    6.80    6.81    6.92    6.96    6.91    6.86    6.76    6.70    7.07    7.27
  775.00    8.86    8.75    8.58    8.48    8.29    7.87    7.57    7.60    7.68    7.68    8.01    8.18    8.24    8.22    8.16    8.16    8.28    8.35    8.34    8.32    8.21    8.11    8.20    8.39
  800.00   10.07    9.96    9.87    9.88    9.61    8.92    8.38    8.40    8.54    8.63    9.13    9.39    9.55    9.57    9.51    9.47    9.50    9.52    9.49    9.46    9.30    9.18    9.06    9.39
  825.00   11.07   10.98   11.03   11.11   10.72    9.75    8.99    8.99    9.19    9.37   10.05   10.48   10.72   10.75   10.59   10.35   10.27   10.24   10.18   10.16   10.00    9.92    9.81   10.35
  850.00   11.77   11.80   11.99   12.11   11.51   10.23    9.33    9.31    9.63    9.97   10.73   11.36   11.68   11.67   11.36   10.85   10.54   10.39   10.35   10.45   10.47   10.51   10.53   11.08
  875.00   12.25   12.43   12.68   12.69   11.97   10.69    9.80    9.65    9.96   10.40   11.12   11.94   12.50   12.40   11.58   11.20   11.21   11.20   11.19   11.27   11.38   11.49   11.56   11.94
  900.00   12.85   12.91   13.05   12.97   12.27   11.27   10.65   10.56   10.85   11.26   11.76   12.70   12.79   12.26   12.44   12.69   12.96   13.12   13.12   13.09   13.01   12.93   12.91   13.12
  925.00   12.86   12.82   12.86   12.78   12.37   11.81   11.50   11.50   11.72   12.05   12.26   12.55   13.18   13.75   14.17   14.71   15.14   15.33   15.32   15.20   15.00   14.80   14.58   14.60
  950.00   14.09   13.86   13.78   13.79   13.68   13.47   13.30   13.26   13.35   13.35   12.85   13.82   14.60   15.40   16.26   16.86   17.19   17.35   17.35   17.27   17.19   17.02   16.71   16.61
  975.00   12.58   12.30   12.11   13.04   13.06   11.42   11.17   11.15   11.55   13.13   14.23   15.26   16.42   17.59   18.43   18.81   18.65   18.18   17.52   16.45   15.16   14.03   14.12   13.68
 1000.00   16.21   16.03   15.77   15.68   15.59   15.48   15.28   15.15   15.34   15.69   15.24   16.23   17.65   18.90   19.68   20.03   20.09   20.10   20.09   20.06   19.84   19.58   19.14   18.76
