#  level#  00:00#  01:00#  02:00#  03:00#  04:00#  05:00#  06:00#  07:00#  08:00#  09:00#  10:00#  11:00#  12:00#  13:00#  14:00#  15:00#  16:00#  17:00#  18:00#  19:00#  20:00#  21:00#  22:00#  23:00
    1.00  -14.01  -15.08  -17.49  -17.61  -17.58  -16.87  -14.56  -12.14  -11.43  -11.68  -12.23  -11.41  -11.92  -11.68  -10.55  -11.07  -10.82  -10.06   -9.16   -9.91   -7.97   -6.62   -8.84  -11.48
    2.00   -8.87   -8.83  -11.54  -13.95  -15.04  -15.34  -15.73  -16.38  -15.62  -15.76  -14.61  -13.64  -12.82  -12.64  -12.72  -11.33  -11.98  -12.73  -12.90  -12.56  -13.08  -12.95  -11.99  -11.35
    3.00  -17.88  -17.87  -18.11  -20.13  -21.29  -23.00  -25.03  -25.72  -23.91  -21.62  -21.49  -21.75  -20.31  -19.87  -19.44  -17.52  -15.85  -16.00  -17.22  -17.29  -19.19  -20.60  -20.97  -20.63
   10.00  -40.91  -40.64  -41.12  -40.96  -40.61  -39.82  -39.04  -39.23  -40.21  -41.66  -42.03  -41.02  -40.61  -41.26  -40.39  -38.11  -38.17  -39.04  -39.39  -40.56  -40.93  -39.89  -38.38  -37.45
   20.00  -47.67  -47.65  -47.75  -48.46  -49.16  -48.49  -47.50  -46.79  -46.88  -47.13  -46.85  -46.80  -47.46  -47.59  -48.21  -48.13  -47.56  -46.96  -46.97  -46.18  -46.20  -46.90  -47.41  -47.70
   30.00  -50.36  -50.88  -50.92  -50.38  -50.74  -51.73  -52.04  -51.84  -50.68  -49.52  -49.55  -50.21  -51.24  -51.56  -51.90  -52.15  -51.70  -50.97  -50.63  -50.36  -49.89  -49.91  -50.72  -51.17
   50.00  -53.00  -53.55  -53.90  -53.44  -52.40  -51.31  -51.04  -51.59  -52.37  -52.63  -52.80  -52.45  -52.33  -52.19  -52.01  -52.55  -53.29  -53.55  -53.34  -52.93  -52.25  -52.17  -52.67  -52.99
   70.00  -53.24  -53.03  -53.00  -53.19  -53.64  -54.13  -54.18  -53.55  -52.86  -52.62  -52.93  -52.88  -52.72  -53.11  -53.20  -53.07  -52.93  -52.80  -52.57  -52.77  -52.78  -52.52  -52.46  -52.84
  100.00  -53.67  -53.77  -54.10  -54.21  -54.14  -53.90  -53.66  -53.50  -53.41  -53.44  -53.96  -54.06  -54.06  -54.07  -54.03  -53.91  -53.73  -53.95  -53.98  -53.70  -53.72  -53.67  -53.39  -53.09
  125.00  -54.09  -53.89  -53.77  -53.62  -53.61  -53.64  -53.67  -53.60  -53.27  -53.04  -52.90  -52.93  -52.93  -52.73  -52.72  -52.71  -52.47  -52.48  -52.61  -52.53  -52.57  -52.59  -52.24  -52.40
  150.00  -51.99  -51.86  -51.89  -52.00  -52.13  -52.04  -51.76  -51.61  -51.44  -51.20  -50.95  -50.73  -50.83  -50.74  -50.72  -50.98  -51.28  -51.72  -51.93  -52.06  -52.16  -52.21  -51.78  -51.74
  175.00  -51.08  -50.88  -50.74  -50.71  -50.85  -50.76  -50.27  -49.79  -49.40  -49.00  -48.47  -48.05  -47.93  -47.99  -48.17  -48.59  -49.14  -49.91  -50.83  -51.92  -52.61  -53.02  -52.38  -52.14
  200.00  -52.22  -52.02  -51.54  -50.90  -50.61  -50.49  -50.23  -49.72  -49.10  -48.32  -46.56  -45.87  -45.68  -46.02  -46.29  -46.76  -47.63  -48.64  -51.14  -52.79  -53.01  -53.08  -53.77  -54.65
  225.00  -52.97  -52.93  -52.53  -51.94  -51.61  -51.67  -51.66  -51.55  -51.18  -50.48  -48.85  -47.11  -45.83  -45.36  -45.29  -45.99  -47.14  -49.00  -51.19  -52.20  -52.54  -52.91  -53.72  -54.20
  250.00  -50.65  -51.01  -51.33  -51.58  -51.81  -52.08  -52.27  -52.34  -52.16  -51.85  -51.96  -51.17  -49.64  -47.75  -46.69  -46.96  -47.44  -47.52  -49.02  -50.09  -50.47  -50.59  -51.17  -51.00
  300.00  -42.81  -43.00  -43.10  -43.13  -43.15  -43.25  -43.36  -43.61  -44.18  -44.47  -45.57  -45.75  -46.04  -46.00  -45.62  -44.63  -43.95  -42.65  -40.44  -40.51  -41.22  -41.51  -40.96  -40.71
  350.00  -33.66  -33.76  -33.87  -33.90  -33.97  -34.15  -34.43  -34.72  -34.84  -35.26  -35.74  -36.32  -36.90  -37.35  -37.48  -37.29  -36.69  -36.00  -34.08  -31.96  -32.06  -32.58  -32.58  -32.44
  400.00  -26.53  -26.59  -26.63  -26.78  -27.07  -27.34  -27.64  -27.87  -28.07  -28.29  -28.08  -28.76  -29.26  -29.44  -29.33  -28.94  -28.53  -28.15  -27.90  -26.83  -25.39  -24.69  -24.67  -24.99
  450.00  -19.92  -19.97  -20.06  -20.20  -20.34  -20.47  -20.63  -20.85  -21.11  -21.43  -21.65  -22.28  -22.81  -23.02  -22.87  -22.34  -21.68  -21.21  -20.83  -20.54  -19.98  -19.15  -18.83  -18.77
  500.00  -13.85  -13.86  -13.98  -14.15  -14.25  -14.38  -14.57  -14.92  -15.36  -15.76  -16.19  -16.57  -16.83  -17.19  -17.25  -17.02  -16.42  -15.89  -15.19  -14.62  -14.17  -13.77  -13.72  -13.32
  550.00   -9.34   -9.46   -9.70   -9.89   -9.86   -9.77   -9.84  -10.24  -10.75  -11.21  -11.55  -11.66  -11.80  -11.96  -12.05  -12.00  -11.70  -11.43  -10.84  -10.32   -9.84   -9.37   -9.16   -8.64
  600.00   -5.52   -5.83   -6.10   -6.21   -6.20   -6.13   -6.18   -6.48   -6.74   -7.03   -7.12   -7.25   -7.09   -7.19   -7.43   -7.33   -7.21   -7.20   -7.06   -6.74   -6.50   -6.50   -6.16   -5.61
  650.00   -1.18   -1.55   -1.91   -2.15   -2.29   -2.41   -2.55   -2.57   -2.66   -2.84   -2.85   -2.98   -2.93   -2.87   -2.86   -2.75   -2.87   -3.18   -3.28   -3.35   -3.24   -2.95   -2.75   -2.74
  700.00    3.24    3.02    2.75    2.55    2.36    2.17    1.97    1.80    1.70    1.69    1.40    1.49    1.45    1.46    1.49    1.57    1.16    0.72    0.50    0.41    0.75    1.10    0.96    0.59
  750.00    7.35    7.22    7.09    6.93    6.72    6.50    6.36    6.31    6.27    6.23    6.24    5.62    5.52    5.45    5.33    5.02    4.38    4.16    4.03    3.83    4.21    4.42    4.31    4.17
  775.00    8.47    8.54    8.61    8.54    8.39    8.22    8.18    8.21    8.21    8.18    7.91    7.02    7.01    7.11    6.85    6.21    5.70    5.67    5.54    5.39    5.72    5.76    5.67    5.53
  800.00    8.78    9.23    9.60    9.71    9.67    9.68    9.76    9.82    9.77    9.71    8.98    8.06    8.31    8.36    7.73    6.87    6.64    6.89    6.86    6.75    7.13    7.09    7.04    6.87
  825.00    8.51    9.26    9.98   10.38   10.54   10.61   10.70   10.66   10.65   10.56    9.55    8.72    8.58    8.54    8.11    7.79    7.96    8.16    8.17    8.14    8.47    8.38    8.31    8.17
  850.00    8.53    9.27   10.00   10.31   10.55   10.66   10.70   10.86   10.91   10.86    9.74    8.61    8.76    8.77    8.85    8.94    9.10    9.34    9.20    9.23    9.54    9.37    9.13    9.20
  875.00    9.52    9.81   10.17   10.35   10.49   10.62   10.65   10.67   10.76   10.64    9.53    9.59    9.82   10.01   10.17   10.17   10.19   10.22   10.12   10.13   10.33   10.13    9.90    9.88
  900.00   10.72   10.84   10.97   10.89   10.92   10.88   10.95   11.05   11.20   11.00   10.89   11.15   11.40   11.95   11.94   11.66   11.63   11.49   11.33   11.24   11.33   11.11   10.93   10.99
  925.00   12.47   12.60   12.51   12.37   12.26   12.28   12.42   12.61   12.74   13.07   12.59   13.01   13.16   13.77   13.57   13.22   13.16   13.21   12.96   12.72   12.71   12.50   12.33   12.26
  950.00   14.01   14.10   14.08   14.05   13.99   14.06   14.14   14.22   14.36   15.12   14.58   14.89   14.99   15.42   15.40   15.08   15.12   15.07   14.96   14.80   14.65   14.56   14.10   14.01
  975.00   15.67   15.74   15.74   15.72   15.68   15.76   15.84   15.91   16.08   16.89   16.32   16.61   16.70   17.08   17.05   16.78   16.82   16.81   16.69   16.50   16.36   16.30   15.91   15.78
 1000.00   17.41   17.51   17.50   17.48   17.45   17.51   17.59   17.63   17.83   18.65   18.09   18.38   18.46   18.82   18.79   18.52   18.54   18.57   18.46   18.27   18.12   18.05   17.67   17.58
