#  level#  00:00#  01:00#  02:00#  03:00#  04:00#  05:00#  06:00#  07:00#  08:00#  09:00#  10:00#  11:00#  12:00#  13:00#  14:00#  15:00#  16:00#  17:00#  18:00#  19:00#  20:00#  21:00#  22:00#  23:00
    1.00  -13.52  -14.18  -14.10  -14.31  -13.44  -14.27  -14.56  -13.33  -12.43  -14.25  -14.47  -13.06  -11.64  -11.24  -10.84  -11.42  -11.68  -10.27   -9.83   -9.35  -11.15  -12.49  -12.40  -12.58
    2.00   -9.08  -10.48  -13.79  -15.02  -15.62  -16.01  -17.14  -17.31  -15.88  -14.24  -13.26  -13.89  -15.76  -17.26  -16.81  -13.38  -12.89  -12.41  -12.68  -13.07  -11.93  -11.94  -12.30  -14.50
    3.00  -19.21  -18.01  -19.53  -20.60  -21.21  -20.49  -20.53  -21.55  -22.81  -22.19  -20.54  -18.96  -17.59  -18.36  -20.88  -21.50  -20.62  -20.52  -20.80  -20.86  -20.76  -19.72  -19.21  -20.61
   10.00  -38.14  -39.90  -39.89  -38.48  -38.70  -39.33  -38.69  -38.19  -38.61  -38.32  -37.91  -38.38  -38.58  -39.84  -40.10  -39.77  -39.30  -39.51  -40.25  -39.38  -38.75  -39.18  -39.81  -40.24
   20.00  -46.69  -46.04  -47.03  -47.52  -46.07  -45.32  -45.47  -45.47  -45.33  -45.50  -46.19  -46.44  -46.27  -46.17  -46.86  -46.73  -45.77  -44.88  -45.10  -45.68  -46.73  -47.76  -47.55  -47.14
   30.00  -49.20  -48.84  -49.03  -49.93  -50.61  -50.33  -49.74  -49.47  -49.26  -49.33  -49.38  -49.52  -50.19  -50.60  -50.45  -50.33  -50.33  -49.99  -49.47  -49.07  -48.99  -48.83  -49.18  -49.48
   50.00  -53.10  -53.27  -53.30  -53.09  -53.11  -53.01  -52.94  -53.60  -54.13  -54.06  -53.21  -52.87  -52.76  -53.11  -53.00  -52.77  -52.94  -52.95  -52.69  -52.61  -52.83  -53.27  -53.86  -54.43
   70.00  -54.64  -54.97  -55.06  -54.26  -53.88  -54.12  -53.96  -53.81  -53.93  -54.00  -54.14  -54.42  -54.39  -54.61  -55.06  -54.92  -54.66  -54.82  -55.02  -55.17  -55.18  -55.05  -54.24  -53.47
  100.00  -53.98  -53.58  -53.67  -53.95  -54.17  -54.44  -54.67  -54.70  -54.88  -54.91  -54.27  -54.22  -54.04  -53.83  -54.14  -54.70  -54.80  -54.68  -54.75  -54.82  -54.90  -54.85  -55.23  -55.32
  125.00  -52.65  -52.56  -52.44  -52.51  -52.49  -52.57  -52.75  -52.71  -52.64  -52.98  -53.25  -53.76  -53.90  -53.89  -53.88  -54.13  -54.44  -54.67  -54.89  -54.90  -55.02  -55.22  -55.54  -56.04
  150.00  -50.38  -50.41  -50.32  -50.24  -50.05  -50.08  -50.40  -50.68  -50.72  -51.06  -51.88  -52.38  -52.49  -52.49  -52.57  -52.88  -53.16  -53.38  -53.76  -54.06  -54.38  -54.89  -55.20  -55.49
  175.00  -49.07  -49.18  -49.02  -48.59  -48.16  -47.97  -47.98  -48.24  -48.38  -48.62  -48.83  -49.03  -49.44  -50.05  -50.60  -50.97  -51.55  -52.32  -53.28  -54.56  -55.58  -55.77  -55.48  -54.88
  200.00  -48.87  -48.75  -48.35  -47.54  -46.68  -46.27  -46.27  -46.81  -47.49  -48.12  -48.19  -48.79  -49.71  -50.96  -52.42  -53.69  -54.79  -56.05  -57.46  -57.89  -58.03  -58.39  -59.49  -59.91
  225.00  -48.82  -48.20  -47.86  -47.70  -47.37  -47.20  -47.31  -47.94  -49.20  -50.54  -51.80  -52.94  -54.39  -55.60  -56.26  -56.61  -56.64  -56.58  -56.39  -56.47  -56.58  -56.52  -56.43  -56.67
  250.00  -46.96  -46.62  -46.64  -47.02  -47.46  -48.07  -49.01  -50.06  -51.18  -52.34  -53.75  -54.07  -54.26  -54.37  -54.25  -53.89  -53.31  -52.41  -51.63  -51.17  -50.96  -50.89  -50.52  -50.68
  300.00  -41.20  -41.26  -41.76  -42.82  -44.02  -44.87  -45.45  -45.81  -45.79  -45.65  -45.60  -45.27  -44.93  -44.46  -44.05  -43.74  -43.49  -43.17  -42.66  -42.02  -41.29  -40.70  -40.48  -40.33
  350.00  -36.03  -36.46  -37.04  -37.38  -37.51  -37.36  -36.99  -36.80  -36.79  -36.60  -36.26  -35.90  -35.46  -35.04  -34.73  -34.45  -34.22  -34.01  -33.78  -33.53  -33.28  -33.00  -32.79  -32.50
  400.00  -30.47  -30.64  -30.64  -30.62  -30.45  -30.13  -29.54  -28.89  -28.56  -28.39  -28.04  -27.64  -27.23  -26.83  -26.44  -26.16  -25.99  -25.82  -25.58  -25.31  -25.13  -25.00  -24.84  -24.79
  450.00  -24.29  -24.48  -24.36  -24.15  -23.85  -23.54  -23.10  -22.37  -21.57  -21.04  -20.91  -20.74  -20.43  -20.02  -19.57  -19.26  -19.13  -18.94  -18.56  -18.22  -18.07  -18.07  -17.96  -18.14
  500.00  -18.17  -18.44  -18.52  -18.40  -18.21  -17.93  -17.47  -16.91  -16.17  -15.26  -14.68  -14.34  -14.16  -13.90  -13.52  -13.18  -13.00  -12.85  -12.64  -12.37  -12.15  -12.15  -12.20  -12.53
  550.00  -12.72  -13.12  -13.32  -13.26  -13.11  -12.92  -12.53  -12.00  -11.44  -10.80  -10.21   -9.38   -8.88   -8.44   -7.95   -7.52   -7.27   -7.19   -7.14   -6.98   -6.75   -6.67   -6.69   -7.04
  600.00   -8.23   -8.42   -8.64   -8.69   -8.64   -8.43   -8.12   -7.72   -7.23   -6.84   -6.78   -6.24   -5.57   -4.81   -3.97   -3.26   -2.89   -2.80   -2.74   -2.57   -2.31   -2.07   -1.97   -2.18
  650.00   -4.50   -4.52   -4.64   -4.84   -4.94   -4.88   -4.53   -4.18   -3.64   -3.14   -2.71   -2.34   -1.99   -1.52   -0.88   -0.36    0.00    0.22    0.36    0.49    0.73    1.14    1.46    1.70
  700.00   -1.07   -0.93   -1.09   -1.48   -1.82   -2.03   -1.96   -1.68   -1.12   -0.53   -0.22    0.59    1.26    1.56    2.22    2.64    2.88    3.04    3.33    3.38    3.42    3.74    4.12    4.66
  750.00    2.25    2.25    2.03    1.67    1.42    1.26    1.26    1.31    1.50    1.86    1.69    2.32    2.82    2.99    2.85    3.05    3.60    4.74    5.57    5.76    5.72    5.84    6.19    6.60
  775.00    3.90    3.81    3.52    3.20    3.04    2.93    2.95    2.98    3.13    3.34    3.13    3.47    3.31    3.87    4.10    4.46    5.31    6.21    6.70    6.99    7.07    7.16    7.43    7.66
  800.00    5.39    5.28    4.94    4.67    4.56    4.52    4.55    4.57    4.79    5.00    5.05    4.54    4.34    5.25    5.93    6.54    7.26    7.67    7.99    8.36    8.32    8.36    8.52    8.78
  825.00    6.74    6.60    6.30    6.06    5.97    5.94    5.95    6.06    6.29    6.55    6.43    6.01    6.23    7.16    7.79    8.24    8.89    9.03    9.16    9.40    9.16    9.05    9.12    9.41
  850.00    8.01    7.86    7.62    7.47    7.45    7.38    7.37    7.40    7.63    7.82    7.69    8.04    8.48    9.15    9.26    9.50    9.96   10.03    9.91    9.93    9.65    9.57    9.70   10.02
  875.00    9.21    9.15    9.00    8.90    8.88    8.81    8.79    8.75    8.84    8.70    9.52   10.16   10.42   10.59   10.51   10.36   10.55   10.53   10.52   10.64   10.54   10.49   10.59   10.90
  900.00   10.61   10.54   10.40   10.32   10.28   10.18   10.02    9.86    9.91   10.01   11.21   11.80   11.97   12.05   11.93   11.83   11.68   11.56   11.51   11.52   11.57   11.62   11.69   12.10
  925.00   11.87   11.72   11.64   11.51   11.47   11.41   11.36   11.29   11.26   11.64   12.91   13.60   13.66   13.68   13.53   13.51   13.38   13.13   12.74   12.62   12.69   12.70   12.74   13.06
  950.00   13.48   13.23   13.10   12.97   12.95   12.94   12.92   12.95   13.07   13.72   14.87   15.34   15.35   15.31   15.14   15.13   14.94   14.68   14.28   14.01   13.73   13.75   13.64   13.91
  975.00   15.24   14.98   14.79   14.68   14.70   14.70   14.71   14.74   15.01   15.71   16.88   17.24   17.09   16.97   16.88   16.92   16.73   16.68   16.37   16.08   15.71   15.55   15.09   15.06
 1000.00   16.96   16.70   16.52   16.44   16.46   16.43   16.43   16.43   16.71   17.40   18.59   18.94   18.72   18.60   18.49   18.49   18.29   18.16   17.88   17.66   17.41   17.25   16.82   16.86
