#  level#  00:00#  01:00#  02:00#  03:00#  04:00#  05:00#  06:00#  07:00#  08:00#  09:00#  10:00#  11:00#  12:00#  13:00#  14:00#  15:00#  16:00#  17:00#  18:00#  19:00#  20:00#  21:00#  22:00#  23:00
    1.00  -11.11  -10.47  -11.13  -11.81  -12.53  -12.64  -12.21  -11.68  -12.18  -12.95  -12.58  -11.08  -10.57  -10.91   -9.94   -8.97   -7.08   -4.99   -3.49   -3.70   -4.85   -7.07  -10.01  -11.56
    2.00   -5.82   -6.90   -7.33   -7.50   -8.96   -8.74   -8.04   -9.38   -9.25   -9.05  -10.45  -11.64  -10.99  -10.19   -9.66   -8.54   -8.74   -8.37   -7.24   -6.67   -5.36   -3.84   -3.54   -4.03
    3.00   -7.45   -8.37  -10.04  -10.08  -10.88  -13.34  -13.41  -12.70  -11.92   -9.87   -9.99  -11.21  -12.82  -13.16  -13.37  -12.63  -13.07  -13.65  -13.78  -13.87  -14.67  -14.25  -13.10  -12.63
   10.00  -36.69  -36.62  -36.39  -35.82  -35.59  -35.93  -36.62  -36.53  -36.04  -36.58  -37.15  -37.29  -36.94  -35.85  -34.00  -33.47  -33.05  -32.81  -33.31  -34.73  -36.25  -37.29  -37.47  -37.80
   20.00  -45.44  -45.53  -45.70  -46.23  -46.82  -46.84  -46.90  -47.02  -46.55  -45.86  -45.63  -45.95  -46.40  -47.15  -47.05  -46.40  -45.77  -45.17  -44.53  -44.56  -44.95  -45.04  -45.74  -45.70
   30.00  -50.59  -50.76  -50.82  -50.97  -50.99  -50.87  -50.46  -50.11  -50.55  -51.30  -51.55  -51.30  -50.82  -51.07  -51.52  -51.74  -51.85  -51.75  -51.26  -50.36  -49.73  -49.45  -50.12  -50.49
   50.00  -54.39  -54.67  -54.81  -54.95  -55.34  -55.40  -54.99  -54.67  -54.41  -54.36  -54.63  -54.67  -54.31  -53.79  -53.70  -54.11  -54.54  -55.10  -55.52  -55.75  -55.46  -54.96  -54.22  -54.14
   70.00  -55.98  -56.17  -56.39  -56.51  -56.78  -57.10  -57.09  -56.96  -56.71  -56.03  -56.00  -56.42  -56.79  -56.90  -56.34  -56.11  -56.18  -56.07  -55.80  -55.61  -55.66  -55.84  -55.79  -55.99
  100.00  -58.32  -58.58  -59.02  -59.37  -59.55  -59.65  -59.69  -59.67  -59.87  -60.32  -60.42  -60.54  -60.41  -60.50  -60.51  -60.02  -59.68  -59.28  -59.12  -59.31  -59.79  -59.83  -60.23  -59.54
  125.00  -61.40  -61.31  -61.29  -61.44  -61.76  -62.03  -62.24  -62.29  -62.18  -62.03  -61.86  -62.06  -62.16  -61.89  -61.65  -61.04  -60.61  -60.30  -60.02  -59.42  -58.71  -58.52  -58.54  -58.51
  150.00  -59.58  -59.67  -59.41  -58.98  -58.79  -58.58  -58.43  -58.12  -57.82  -57.57  -57.29  -57.34  -57.65  -57.73  -57.72  -57.60  -57.38  -57.07  -56.48  -56.03  -55.90  -55.95  -55.56  -55.65
  175.00  -58.08  -58.04  -57.71  -57.06  -56.59  -56.16  -55.78  -55.20  -54.51  -53.90  -53.45  -53.11  -53.12  -53.12  -53.03  -52.86  -52.51  -52.49  -52.13  -52.01  -52.01  -51.84  -51.06  -51.05
  200.00  -54.41  -54.37  -54.30  -53.82  -53.16  -52.57  -52.07  -51.93  -51.89  -51.64  -51.67  -51.44  -51.21  -51.08  -51.02  -51.14  -50.84  -50.25  -49.59  -49.25  -48.86  -48.29  -47.56  -47.47
  225.00  -50.84  -50.54  -50.42  -50.22  -49.83  -49.37  -49.13  -49.43  -49.67  -49.71  -49.95  -49.92  -49.73  -49.88  -50.11  -50.25  -50.25  -49.40  -48.59  -48.10  -47.93  -47.61  -46.93  -46.55
  250.00  -45.33  -45.21  -45.21  -45.42  -45.76  -46.06  -46.17  -46.17  -46.42  -46.84  -47.19  -47.41  -47.29  -47.31  -47.41  -47.27  -47.07  -47.05  -47.14  -47.06  -46.87  -46.62  -46.70  -46.50
  300.00  -34.64  -34.70  -34.89  -35.28  -35.95  -36.82  -37.66  -38.16  -38.18  -38.07  -37.84  -38.08  -38.25  -38.27  -38.19  -37.95  -37.55  -37.32  -37.30  -37.41  -37.42  -37.46  -37.89  -38.07
  350.00  -25.86  -25.94  -26.28  -26.71  -27.34  -27.94  -28.18  -28.19  -28.32  -28.49  -28.73  -28.61  -28.62  -28.67  -28.67  -28.81  -28.90  -28.87  -28.85  -28.59  -28.43  -28.54  -28.96  -29.30
  400.00  -18.02  -18.42  -18.87  -19.29  -19.42  -19.61  -19.84  -20.22  -20.58  -20.93  -21.06  -21.24  -21.41  -21.38  -21.18  -21.12  -21.25  -21.41  -21.67  -21.95  -22.11  -22.33  -22.56  -22.29
  450.00  -12.32  -12.57  -12.94  -13.33  -13.48  -13.52  -13.64  -13.80  -13.96  -14.24  -14.48  -14.71  -14.86  -15.04  -15.08  -15.10  -15.15  -15.35  -15.65  -16.08  -16.51  -16.92  -17.21  -17.58
  500.00   -9.36   -9.18   -8.97   -8.56   -8.26   -8.19   -8.10   -8.00   -8.03   -8.21   -8.63   -8.76   -8.86   -9.05   -9.23   -9.45   -9.68   -9.97  -10.38  -10.73  -11.11  -11.44  -11.53  -11.80
  550.00   -6.22   -5.77   -5.53   -5.24   -4.58   -3.79   -3.18   -2.90   -2.95   -3.27   -3.64   -3.89   -4.12   -4.27   -4.37   -4.55   -4.82   -5.34   -6.04   -6.52   -7.04   -7.26   -7.10   -6.97
  600.00   -3.36   -3.42   -2.83   -2.06   -1.68   -1.54   -1.54   -1.49   -1.35   -1.17   -0.75   -0.66   -0.61   -0.60   -0.68   -0.84   -1.37   -2.11   -2.99   -3.41   -4.20   -4.97   -5.25   -5.39
  650.00   -1.32   -0.76   -0.59   -0.06    0.39    0.58    0.59    0.68    0.90    1.30    1.97    2.31    2.43    2.47    2.31    1.88    0.90   -0.10   -0.65   -1.21   -1.72   -1.73   -2.46   -3.32
  700.00    0.56    1.09    1.61    2.13    2.42    2.61    2.94    3.10    3.51    4.22    5.18    5.05    4.84    4.45    4.40    3.33    2.27    1.85    1.86    1.59    1.28    0.90    0.25    0.15
  750.00    4.03    4.17    4.27    4.16    4.60    5.13    5.64    5.93    5.91    5.76    6.26    6.06    5.10    5.09    5.34    5.12    5.91    6.25    6.05    5.62    5.19    4.83    4.09    3.59
  775.00    5.79    5.76    5.78    5.64    5.67    6.24    6.84    7.33    7.31    6.93    6.96    6.95    6.06    6.30    6.96    7.53    8.25    8.16    7.66    7.01    6.57    6.13    5.59    5.10
  800.00    7.34    7.23    7.17    7.16    6.97    7.21    7.89    8.65    8.75    8.29    8.44    8.57    7.87    8.43    9.29    9.66    9.87    9.51    8.60    7.84    7.39    6.89    6.31    6.18
  825.00    8.71    8.55    8.40    8.53    8.55    8.46    8.99    9.81   10.00    9.91   10.24    9.84    9.87   10.60   11.34   10.92   10.77   10.21    8.96    8.30    7.90    7.18    6.89    6.90
  850.00   10.02    9.83    9.66    9.84   10.10   10.24   10.41   10.97   11.34   11.55   12.12   11.13   12.01   12.63   12.87   11.59   11.19   10.41    9.29    8.70    8.15    7.76    7.68    8.00
  875.00   11.40   11.15   10.99   11.15   11.49   11.91   12.17   12.42   12.89   13.43   13.65   13.29   14.20   14.51   14.01   12.28   11.73   10.80    9.79    8.97    8.91    8.62    8.84    9.21
  900.00   12.90   12.59   12.42   12.61   12.99   13.46   13.99   14.27   14.67   15.06   14.98   15.53   16.31   16.32   14.89   13.19   12.58   11.72   10.73   10.01    9.71    9.53    9.94   10.02
  925.00   14.62   14.29   13.98   14.02   14.50   15.11   15.53   15.87   15.95   16.13   17.02   17.72   18.46   18.04   16.08   14.58   13.58   12.60   11.80   11.26   11.06   10.97   11.46   11.45
  950.00   16.09   15.82   15.41   15.30   15.66   16.31   16.89   17.12   17.47   18.28   19.14   20.08   20.78   19.85   17.56   15.97   15.04   14.42   13.69   13.09   12.84   12.75   13.31   13.33
  975.00   17.46   17.37   17.00   16.71   16.89   17.46   18.09   18.43   18.86   19.72   20.71   21.84   22.58   21.43   18.73   17.46   16.71   16.13   15.43   14.79   14.52   14.41   14.94   15.05
 1000.00   18.69   18.71   18.59   18.50   18.49   18.64   18.72   18.87   19.69   20.92   22.10   23.38   24.12   22.95   20.42   19.23   18.52   17.91   17.21   16.55   16.27   16.12   16.62   16.76
