#  level#  00:00#  01:00#  02:00#  03:00#  04:00#  05:00#  06:00#  07:00#  08:00#  09:00#  10:00#  11:00#  12:00#  13:00#  14:00#  15:00#  16:00#  17:00#  18:00#  19:00#  20:00#  21:00#  22:00#  23:00
    1.00   -9.39   -9.88  -11.66  -12.68  -12.83  -12.95  -11.82  -10.90  -11.38  -11.97  -12.02  -10.79   -9.29   -9.05   -8.78   -7.99   -7.28   -6.59   -5.22   -4.52   -5.55   -5.98   -6.77   -7.77
    2.00   -5.39   -5.91   -6.66   -8.05   -8.06   -9.73  -11.65  -11.11   -9.01   -8.71   -8.93   -8.33   -6.46   -4.44   -4.40   -5.96   -6.99   -6.75   -6.94   -7.97   -9.17   -9.27   -8.64   -7.99
    3.00   -9.66  -10.61  -10.81  -12.00  -12.93  -12.94  -14.13  -16.27  -16.44  -15.20  -14.58  -15.14  -16.03  -13.51  -10.05   -8.53   -8.47   -9.47  -10.45  -10.40  -10.87  -12.16  -12.09  -11.79
   10.00  -37.95  -37.88  -37.38  -36.65  -36.54  -36.88  -36.73  -36.20  -36.10  -36.91  -37.53  -38.22  -37.40  -36.93  -36.71  -36.29  -36.30  -36.26  -35.52  -34.92  -36.03  -36.75  -36.60  -36.92
   20.00  -46.10  -46.17  -46.11  -44.98  -43.60  -43.68  -44.65  -45.38  -45.66  -46.26  -46.67  -46.53  -46.17  -45.93  -46.04  -45.53  -44.82  -44.98  -45.76  -45.70  -45.16  -45.15  -44.95  -45.25
   30.00  -49.68  -49.69  -50.24  -51.20  -51.89  -51.27  -50.36  -50.04  -49.66  -49.56  -50.53  -50.84  -50.67  -50.35  -50.65  -50.50  -49.78  -49.22  -49.35  -49.76  -49.89  -50.37  -51.12  -50.67
   50.00  -53.87  -54.13  -54.68  -54.88  -55.51  -56.46  -56.31  -55.83  -55.49  -54.67  -53.50  -53.52  -54.14  -54.26  -54.36  -54.75  -55.10  -55.00  -54.63  -54.52  -54.66  -54.50  -54.18  -54.54
   70.00  -59.43  -58.80  -58.15  -57.76  -57.14  -57.07  -57.35  -57.46  -57.77  -58.45  -58.17  -57.74  -57.54  -57.63  -57.23  -56.88  -57.05  -57.28  -57.27  -57.07  -57.02  -56.92  -57.21  -57.40
  100.00  -62.34  -62.33  -62.26  -62.41  -62.78  -63.10  -63.22  -63.07  -62.72  -62.36  -62.19  -61.89  -61.23  -60.92  -60.85  -60.45  -60.11  -60.27  -60.54  -60.66  -60.72  -60.76  -60.34  -60.26
  125.00  -60.57  -60.44  -60.25  -59.95  -59.80  -59.72  -59.67  -59.68  -59.57  -59.43  -59.52  -59.62  -59.51  -59.25  -59.14  -58.84  -58.05  -57.42  -57.13  -56.94  -56.64  -56.51  -56.51  -56.52
  150.00  -56.28  -56.01  -55.91  -55.99  -56.15  -56.14  -56.17  -56.45  -56.67  -56.67  -56.48  -56.54  -56.47  -56.07  -55.74  -55.53  -55.02  -54.41  -53.94  -53.61  -53.24  -52.97  -52.35  -52.41
  175.00  -52.97  -53.35  -53.48  -53.59  -53.82  -53.92  -53.87  -53.98  -54.19  -54.42  -54.13  -53.86  -53.61  -53.41  -53.12  -53.07  -53.10  -52.83  -52.35  -52.33  -52.57  -52.72  -52.21  -53.01
  200.00  -49.93  -50.75  -51.55  -52.01  -52.42  -53.07  -53.44  -53.39  -53.56  -54.04  -54.57  -54.53  -54.19  -54.08  -54.19  -54.49  -54.77  -54.89  -55.00  -55.20  -55.38  -55.48  -55.40  -56.13
  225.00  -48.98  -49.72  -50.41  -51.02  -51.42  -51.63  -51.83  -51.98  -51.97  -51.86  -52.00  -52.24  -52.61  -52.73  -52.74  -52.56  -52.30  -52.14  -52.24  -52.68  -53.22  -53.63  -54.05  -54.14
  250.00  -47.03  -47.66  -48.00  -48.12  -48.16  -48.08  -47.99  -47.92  -47.79  -47.67  -47.62  -47.89  -48.17  -48.35  -48.28  -48.07  -47.98  -48.07  -48.32  -48.72  -49.18  -49.60  -49.87  -49.67
  300.00  -39.12  -39.48  -39.49  -39.37  -39.31  -39.21  -39.06  -38.92  -38.79  -38.60  -38.30  -38.36  -38.57  -38.69  -38.86  -39.22  -39.49  -39.60  -39.54  -39.48  -39.72  -39.90  -40.22  -40.33
  350.00  -30.02  -29.88  -29.75  -29.73  -29.71  -29.73  -29.76  -29.81  -29.79  -29.68  -29.64  -29.63  -29.81  -30.18  -30.52  -30.63  -30.61  -30.66  -30.82  -30.90  -30.83  -31.01  -31.45  -31.78
  400.00  -21.68  -21.74  -21.94  -22.07  -22.22  -22.40  -22.51  -22.58  -22.65  -22.74  -23.12  -23.11  -23.02  -23.05  -23.17  -23.46  -23.93  -24.38  -24.67  -24.66  -24.30  -23.67  -23.18  -23.34
  450.00  -15.96  -15.43  -15.40  -15.43  -15.59  -15.77  -15.85  -15.91  -16.12  -16.52  -16.97  -17.12  -17.01  -17.00  -17.28  -17.56  -17.89  -18.36  -18.86  -19.09  -18.90  -18.41  -17.88  -17.21
  500.00  -11.38  -10.70  -10.34  -10.21  -10.19  -10.24  -10.31  -10.34  -10.52  -10.86  -10.88  -11.08  -11.24  -11.42  -11.82  -12.20  -12.52  -12.82  -13.17  -13.27  -13.25  -13.08  -12.85  -12.22
  550.00   -7.28   -6.57   -6.15   -6.09   -6.11   -6.23   -6.42   -6.49   -6.49   -6.49   -5.92   -6.17   -6.44   -6.64   -6.81   -7.07   -7.48   -7.79   -8.04   -8.17   -8.30   -8.36   -8.51   -7.81
  600.00   -3.46   -3.10   -2.70   -2.57   -2.48   -2.56   -2.77   -2.91   -2.94   -2.79   -2.39   -2.58   -2.78   -2.74   -2.60   -2.54   -2.61   -2.77   -2.99   -3.41   -3.88   -4.13   -4.46   -4.19
  650.00    1.10    1.17    1.22    1.19    1.18    1.15    1.05    0.94    0.85    0.85    0.71    0.85    1.00    1.30    1.63    1.91    1.93    2.04    1.98    1.73    1.45    1.24    0.97    1.07
  700.00    5.43    5.47    5.54    5.56    5.59    5.57    5.51    5.47    5.41    5.38    5.36    5.53    5.71    5.93    6.14    6.35    6.51    6.78    6.80    6.67    6.45    6.22    6.52    6.61
  750.00   10.07   10.14   10.16   10.20   10.27   10.34   10.38   10.38   10.38   10.42   10.74   10.86   11.02   11.13   11.26   11.29   11.32   11.31   11.12   10.82   10.54   10.30   10.92    9.94
  775.00   12.14   12.39   12.54   12.63   12.73   12.80   12.84   12.84   12.86   12.86   13.25   13.40   13.54   13.63   13.72   13.63   13.51   13.33   13.00   12.64   12.30   11.87   11.98   10.96
  800.00   14.14   14.47   14.73   14.94   15.10   15.18   15.20   15.21   15.19   15.14   15.64   15.74   15.72   15.86   15.78   15.68   15.41   15.05   14.57   14.07   13.59   13.04   12.72   11.91
  825.00   16.16   16.41   16.64   16.91   17.15   17.27   17.30   17.30   17.24   17.11   17.64   17.53   17.49   17.57   17.47   17.23   16.77   16.24   15.69   15.00   14.43   13.84   13.12   12.70
  850.00   17.90   17.99   18.10   18.36   18.64   18.78   18.80   18.83   18.74   18.53   18.83   18.68   18.49   18.61   18.42   17.99   17.41   16.79   16.08   15.16   14.61   13.94   12.95   12.95
  875.00   18.97   18.86   18.86   18.98   19.10   19.11   19.12   19.22   19.15   18.92   18.87   18.76   18.60   17.94   17.95   17.90   17.41   16.58   15.63   14.48   13.87   13.19   12.12   12.26
  900.00   19.19   19.06   18.95   18.84   18.72   18.51   18.38   18.38   18.26   18.12   17.82   16.98   16.27   16.49   16.33   16.15   15.99   15.59   14.55   13.68   13.27   12.76   11.53   11.50
  925.00   18.76   18.55   18.46   18.34   18.25   18.02   17.84   17.69   17.54   17.54   15.80   16.65   17.05   17.02   16.60   15.99   15.21   14.24   13.53   13.02   12.72   12.48   11.72   11.72
  950.00   17.53   17.37   17.25   17.19   17.15   17.16   17.11   17.14   17.18   17.07   16.92   17.61   18.02   18.10   17.67   16.99   16.26   15.61   14.98   14.43   13.91   13.64   13.19   13.06
  975.00   17.53   17.41   17.28   17.17   17.10   17.07   17.06   17.04   17.00   17.79   17.51   18.47   18.95   18.97   18.46   17.85   17.26   16.83   16.39   16.01   15.63   15.27   14.69   14.55
 1000.00   18.38   18.27   18.03   17.97   17.76   17.73   17.57   17.44   17.28   18.32   18.52   19.54   20.00   20.09   19.79   19.41   18.98   18.58   18.13   17.71   17.37   17.00   16.43   16.30
