#  level#  00:00#  01:00#  02:00#  03:00#  04:00#  05:00#  06:00#  07:00#  08:00#  09:00#  10:00#  11:00#  12:00#  13:00#  14:00#  15:00#  16:00#  17:00#  18:00#  19:00#  20:00#  21:00#  22:00#  23:00
    1.00  -18.74  -20.55  -20.84  -20.90  -20.81  -20.99  -21.37  -20.20  -19.65  -19.33  -18.66  -18.77  -19.32  -20.15  -19.05  -18.86  -18.72  -17.62  -17.01  -16.47  -16.20  -16.33  -17.24  -18.32
    2.00  -24.70  -26.00  -27.26  -28.11  -29.35  -30.10  -31.18  -31.32  -31.59  -31.34  -29.72  -27.15  -24.91  -26.12  -26.38  -26.90  -28.13  -27.49  -25.43  -24.11  -23.90  -23.46  -24.71  -25.46
    3.00  -31.79  -33.19  -34.00  -33.98  -34.63  -34.68  -34.90  -35.66  -35.69  -36.50  -36.14  -34.62  -32.07  -31.61  -31.17  -31.62  -33.30  -34.74  -35.03  -34.62  -34.05  -32.87  -31.42  -30.44
   10.00  -57.83  -58.88  -59.28  -58.75  -58.15  -57.49  -57.01  -57.25  -57.08  -56.37  -56.48  -57.32  -57.17  -57.38  -58.72  -58.14  -57.15  -58.00  -57.36  -57.46  -57.44  -57.15  -57.69  -58.98
   20.00  -61.50  -61.29  -60.42  -59.98  -60.67  -61.34  -60.90  -60.30  -60.71  -61.28  -61.68  -62.35  -62.19  -62.13  -61.16  -59.71  -60.07  -61.71  -62.35  -61.77  -61.74  -61.34  -61.45  -62.50
   30.00  -58.97  -58.88  -59.83  -61.11  -61.96  -61.77  -60.82  -60.45  -61.08  -61.96  -62.00  -59.78  -58.17  -59.12  -61.45  -63.16  -62.94  -62.18  -62.39  -62.43  -61.70  -61.96  -62.68  -62.64
   50.00  -60.65  -61.27  -62.01  -62.62  -62.37  -62.21  -62.46  -62.59  -62.49  -61.97  -60.87  -61.08  -61.73  -61.80  -60.92  -60.56  -61.78  -62.71  -62.61  -62.72  -63.47  -63.53  -62.86  -63.00
   70.00  -62.79  -62.95  -62.49  -61.63  -61.11  -60.60  -61.11  -61.95  -62.32  -62.54  -62.69  -62.97  -63.37  -63.86  -64.08  -63.30  -62.19  -62.32  -62.73  -62.62  -62.61  -63.25  -63.89  -64.07
  100.00  -61.80  -61.08  -61.07  -61.48  -62.07  -62.61  -62.54  -62.55  -62.65  -62.53  -61.97  -61.80  -61.88  -62.41  -63.62  -64.46  -64.29  -63.56  -63.12  -63.11  -63.26  -63.34  -63.29  -63.95
  125.00  -62.86  -63.40  -62.94  -62.60  -62.63  -62.77  -62.73  -62.72  -63.10  -63.64  -63.49  -63.03  -62.54  -62.10  -61.68  -61.86  -62.42  -62.97  -63.33  -63.39  -63.37  -63.57  -64.14  -64.13
  150.00  -65.55  -66.72  -68.12  -68.39  -68.19  -68.09  -67.73  -67.20  -66.45  -66.03  -66.30  -66.75  -66.85  -66.54  -65.73  -65.35  -65.32  -65.14  -64.98  -65.04  -64.64  -63.84  -63.13  -63.11
  175.00  -71.67  -71.13  -70.54  -70.61  -70.95  -71.30  -71.55  -71.69  -71.62  -71.45  -72.00  -71.88  -71.57  -71.14  -70.66  -70.58  -70.61  -70.21  -69.56  -69.50  -69.83  -69.83  -69.05  -68.17
  200.00  -68.12  -68.04  -67.69  -67.34  -67.25  -67.34  -67.34  -67.30  -67.23  -67.13  -67.13  -67.17  -67.16  -67.11  -67.04  -67.04  -67.07  -67.02  -66.89  -66.76  -66.72  -66.74  -66.73  -66.55
  225.00  -62.70  -62.65  -62.63  -62.53  -62.27  -62.08  -61.95  -61.87  -61.77  -61.64  -61.24  -61.26  -61.25  -61.26  -61.23  -61.22  -61.20  -61.19  -61.19  -61.16  -61.15  -61.17  -61.10  -61.06
  250.00  -57.64  -57.60  -57.54  -57.47  -57.39  -57.39  -57.35  -57.11  -56.76  -56.48  -56.08  -56.08  -55.99  -55.92  -55.87  -55.84  -55.77  -55.68  -55.64  -55.67  -55.77  -55.94  -55.88  -56.00
  300.00  -47.57  -47.57  -47.58  -47.57  -47.55  -47.55  -47.56  -47.59  -47.61  -47.51  -47.16  -47.12  -47.15  -47.27  -47.41  -47.53  -47.60  -47.61  -47.55  -47.39  -47.22  -47.20  -47.01  -47.09
  350.00  -38.12  -38.16  -38.17  -38.21  -38.25  -38.32  -38.38  -38.45  -38.56  -38.64  -38.43  -38.36  -38.29  -38.30  -38.33  -38.39  -38.44  -38.48  -38.52  -38.53  -38.53  -38.53  -38.42  -38.40
  400.00  -29.89  -29.99  -30.03  -30.08  -30.18  -30.30  -30.39  -30.50  -30.61  -30.65  -30.37  -30.34  -30.29  -30.30  -30.34  -30.37  -30.37  -30.39  -30.41  -30.35  -30.24  -30.17  -30.19  -30.21
  450.00  -23.81  -23.70  -23.53  -23.45  -23.44  -23.44  -23.46  -23.53  -23.61  -23.60  -23.39  -23.43  -23.40  -23.41  -23.52  -23.62  -23.66  -23.75  -23.86  -23.78  -23.59  -23.47  -23.57  -23.57
  500.00  -18.82  -18.58  -18.25  -17.95  -17.68  -17.48  -17.41  -17.49  -17.59  -17.58  -17.75  -17.90  -17.98  -18.13  -18.28  -18.29  -18.23  -18.26  -18.38  -18.39  -18.27  -18.16  -18.22  -18.23
  550.00  -13.75  -13.63  -13.44  -13.19  -12.85  -12.54  -12.43  -12.50  -12.55  -12.53  -12.90  -13.04  -13.19  -13.36  -13.45  -13.39  -13.23  -13.21  -13.34  -13.40  -13.42  -13.51  -13.44  -13.58
  600.00   -8.77   -8.64   -8.61   -8.67   -8.55   -8.40   -8.43   -8.57   -8.55   -8.43   -8.77   -8.72   -8.67   -8.70   -8.73   -8.69   -8.58   -8.59   -8.70   -8.78   -8.84   -8.99   -8.97   -9.12
  650.00   -5.29   -5.21   -5.33   -5.43   -5.33   -5.23   -5.29   -5.42   -5.39   -5.19   -5.28   -4.98   -4.61   -4.44   -4.36   -4.28   -4.17   -4.19   -4.29   -4.34   -4.42   -4.58   -4.69   -4.74
  700.00   -2.02   -2.05   -2.09   -2.09   -2.05   -2.06   -2.15   -2.32   -2.40   -2.35   -2.12   -1.74   -1.31   -1.09   -0.95   -0.81   -0.59   -0.46   -0.41   -0.33   -0.28   -0.30   -0.35   -0.43
  750.00    1.55    1.50    1.40    1.32    1.24    1.10    0.96    0.81    0.61    0.40    0.87    0.98    1.15    1.33    1.41    1.65    1.99    2.29    2.45    2.71    2.88    2.86    3.12    3.03
  775.00    3.08    2.99    2.83    2.71    2.61    2.45    2.35    2.17    1.96    1.71    2.17    2.22    2.28    2.47    2.67    2.83    3.04    3.21    3.38    3.59    3.70    3.56    4.21    3.92
  800.00    4.28    3.98    3.76    3.62    3.47    3.34    3.28    3.22    3.03    2.81    3.48    3.44    3.37    3.53    3.82    3.78    3.68    3.61    3.80    4.02    4.09    3.91    4.87    4.40
  825.00    4.93    4.61    4.34    4.13    3.98    3.87    3.93    4.05    3.89    3.68    4.45    4.42    4.42    4.67    4.60    4.15    3.90    3.94    4.11    4.27    4.35    4.24    5.39    5.16
  850.00    5.22    4.74    4.46    4.32    4.33    4.23    4.38    4.46    4.33    4.14    5.01    4.99    5.02    4.75    4.58    4.46    4.65    4.87    5.06    5.20    5.24    5.19    6.45    6.11
  875.00    5.07    4.82    4.64    4.54    4.46    4.32    4.30    4.32    4.27    4.00    5.08    5.08    5.09    5.15    5.52    5.88    6.21    6.41    6.50    6.59    6.53    6.36    7.45    7.12
  900.00    5.69    5.48    5.30    5.11    4.91    4.67    4.70    4.69    4.45    4.31    5.34    5.26    5.41    6.26    7.22    7.97    8.25    8.29    8.16    7.99    7.79    7.58    8.11    7.70
  925.00    4.07    3.43    3.11    2.84    2.68    2.37    2.48    2.43    2.37    2.58    4.18    5.32    6.86    8.48    9.69   10.38   10.56   10.41   10.03    9.48    8.88    8.20    8.14    7.31
  950.00    6.03    5.45    5.09    4.87    4.73    4.62    4.59    4.38    4.17    4.17    5.34    6.39    8.26    9.85   11.07   11.79   12.00   11.91   11.60   11.11   10.62   10.14    9.80    8.18
  975.00    7.35    6.73    6.38    6.13    6.01    5.89    5.87    5.64    5.42    5.44    6.69    7.80    9.66   11.26   12.49   13.21   13.43   13.34   13.01   12.50   11.93   11.34   11.25   10.28
 1000.00    8.71    8.13    7.77    7.53    7.41    7.30    7.27    7.05    6.83    6.82    8.04    9.16   11.03   12.63   13.85   14.58   14.80   14.72   14.40   13.88   13.31   12.73   12.63   11.66
