#  level#  00:00#  01:00#  02:00#  03:00#  04:00#  05:00#  06:00#  07:00#  08:00#  09:00#  10:00#  11:00#  12:00#  13:00#  14:00#  15:00#  16:00#  17:00#  18:00#  19:00#  20:00#  21:00#  22:00#  23:00
    1.00  -10.44  -11.02  -13.87  -15.68  -15.09  -15.20  -16.59  -16.67  -14.96  -14.47  -14.76  -14.53  -13.78  -12.02  -10.61   -9.54   -9.89   -9.89  -10.74  -13.31  -15.15  -14.70  -13.75  -12.94
    2.00  -14.12  -13.30  -13.81  -15.97  -17.28  -17.02  -15.37  -14.40  -13.46  -13.77  -15.11  -16.48  -17.60  -16.58  -16.10  -13.74  -10.55  -10.41  -11.64  -11.86  -10.69  -11.26  -12.51  -13.01
    3.00  -20.20  -20.51  -19.78  -20.07  -21.73  -23.59  -24.26  -23.72  -23.26  -21.84  -20.63  -19.90  -20.15  -20.72  -21.46  -22.12  -20.31  -19.34  -18.91  -20.36  -20.86  -20.34  -19.48  -19.91
   10.00  -43.07  -41.37  -40.59  -40.69  -41.56  -43.34  -45.15  -46.55  -46.49  -45.27  -43.56  -43.45  -43.98  -44.47  -43.63  -41.03  -40.33  -41.91  -43.06  -43.39  -42.85  -42.43  -42.41  -42.98
   20.00  -47.18  -48.00  -48.67  -49.12  -49.12  -48.95  -48.55  -47.51  -46.93  -46.87  -46.62  -47.15  -47.83  -48.46  -48.53  -48.46  -48.32  -48.59  -49.07  -49.17  -48.75  -47.58  -46.48  -46.08
   30.00  -50.83  -50.73  -50.71  -50.70  -50.84  -51.08  -51.48  -51.77  -51.55  -51.49  -51.83  -51.73  -51.43  -50.89  -50.45  -50.65  -51.02  -51.02  -50.78  -50.62  -50.94  -51.53  -52.10  -52.30
   50.00  -54.79  -54.99  -55.15  -55.21  -54.65  -53.94  -53.72  -53.72  -53.59  -53.52  -53.57  -53.70  -53.85  -54.17  -54.55  -54.65  -54.26  -53.77  -53.63  -53.81  -53.96  -53.92  -52.83  -52.64
   70.00  -55.58  -55.45  -55.41  -55.67  -55.94  -55.83  -55.46  -55.35  -55.48  -55.55  -55.21  -55.05  -55.11  -55.19  -55.12  -55.03  -55.08  -55.04  -54.81  -54.51  -54.19  -54.16  -54.41  -54.57
  100.00  -56.64  -57.26  -57.47  -57.36  -57.40  -57.78  -57.81  -57.75  -57.96  -58.13  -57.87  -57.93  -58.07  -58.11  -58.14  -58.04  -57.75  -57.74  -57.80  -57.64  -57.43  -57.47  -57.81  -58.31
  125.00  -58.61  -59.14  -59.45  -59.27  -58.92  -59.04  -59.29  -59.31  -59.47  -59.92  -60.35  -60.56  -60.51  -60.37  -60.19  -60.07  -59.93  -59.74  -59.74  -60.00  -60.03  -59.58  -59.23  -59.28
  150.00  -57.56  -57.78  -58.28  -58.81  -59.07  -59.20  -59.56  -59.82  -59.68  -59.46  -59.25  -59.51  -59.90  -60.20  -60.28  -60.27  -60.34  -60.26  -59.98  -59.99  -60.32  -60.36  -59.27  -59.04
  175.00  -60.16  -59.95  -59.60  -59.57  -59.84  -59.97  -60.11  -60.45  -60.85  -61.29  -61.59  -61.79  -61.94  -62.02  -61.85  -61.53  -61.46  -61.71  -62.00  -62.14  -62.38  -62.64  -62.15  -61.96
  200.00  -60.79  -60.73  -60.43  -60.21  -60.09  -60.05  -60.16  -60.38  -60.58  -60.82  -61.06  -61.07  -61.17  -61.30  -61.30  -61.16  -60.96  -60.85  -60.89  -60.91  -60.86  -60.88  -60.93  -61.06
  225.00  -57.38  -57.42  -57.29  -57.01  -56.87  -57.11  -57.54  -57.74  -57.56  -57.29  -57.20  -56.88  -56.62  -56.44  -56.31  -56.20  -56.09  -55.98  -55.93  -55.94  -55.92  -55.93  -56.07  -56.24
  250.00  -52.50  -52.45  -52.41  -52.49  -52.65  -52.74  -52.58  -52.24  -52.02  -51.85  -51.87  -51.67  -51.48  -51.35  -51.21  -51.12  -51.09  -51.12  -51.20  -51.27  -51.31  -51.35  -51.50  -51.62
  300.00  -42.66  -42.61  -42.67  -42.74  -42.75  -42.62  -42.42  -42.27  -42.18  -42.26  -42.31  -42.35  -42.28  -42.21  -42.19  -42.16  -42.10  -42.04  -41.97  -41.95  -42.00  -42.08  -42.27  -42.35
  350.00  -33.65  -33.64  -33.64  -33.67  -33.80  -33.88  -33.91  -33.88  -33.68  -33.51  -33.58  -33.67  -33.64  -33.46  -33.27  -33.20  -33.22  -33.26  -33.32  -33.40  -33.46  -33.45  -33.61  -33.70
  400.00  -25.55  -25.61  -25.71  -25.76  -25.81  -25.87  -25.97  -26.03  -26.00  -25.87  -25.75  -25.75  -25.76  -25.74  -25.66  -25.64  -25.71  -25.82  -25.93  -25.99  -26.01  -26.04  -26.07  -26.14
  450.00  -18.59  -18.76  -18.93  -19.04  -19.06  -19.06  -19.10  -19.13  -19.05  -18.90  -18.66  -18.71  -18.79  -18.84  -18.84  -18.85  -18.91  -19.03  -19.19  -19.28  -19.31  -19.30  -19.35  -19.31
  500.00  -12.96  -13.18  -13.20  -13.12  -13.05  -13.02  -13.04  -13.10  -13.11  -13.03  -12.78  -12.76  -12.78  -12.87  -12.97  -13.02  -13.03  -13.09  -13.19  -13.24  -13.22  -13.19  -13.43  -13.36
  550.00   -8.32   -8.47   -8.41   -8.23   -7.98   -7.78   -7.69   -7.68   -7.65   -7.61   -7.39   -7.32   -7.21   -7.13   -7.13   -7.15   -7.19   -7.26   -7.34   -7.35   -7.29   -7.23   -7.37   -7.32
  600.00   -4.09   -4.17   -4.17   -4.09   -3.85   -3.54   -3.36   -3.28   -3.18   -3.02   -2.79   -2.68   -2.63   -2.69   -2.89   -3.12   -3.26   -3.30   -3.29   -3.16   -2.94   -2.68   -2.41   -2.20
  650.00   -0.79   -0.54   -0.43   -0.35   -0.08    0.30    0.52    0.56    0.56    0.59    0.76    0.99    1.20    1.25    1.06    0.75    0.44    0.21    0.02   -0.15   -0.26   -0.24    0.01    0.12
  700.00    1.14    1.50    1.72    2.05    2.53    3.00    3.28    3.39    3.43    3.32    3.31    3.57    3.91    4.10    4.07    3.92    3.74    3.54    3.31    3.04    2.77    2.62    2.63    2.48
  750.00    4.01    4.20    4.26    4.39    4.58    4.71    4.78    4.90    5.18    5.28    4.85    4.38    4.59    5.03    5.47    5.70    5.88    6.08    6.13    5.98    5.70    5.50    5.65    5.44
  775.00    4.57    4.92    5.03    5.22    5.35    5.25    4.92    4.78    4.81    4.78    3.56    3.20    3.37    3.83    4.59    5.08    5.63    6.26    6.74    6.84    6.63    6.37    6.67    6.54
  800.00    4.03    4.37    4.47    4.76    4.85    4.69    4.30    4.14    3.87    3.71    2.94    3.21    3.45    3.63    4.12    4.58    5.02    5.74    6.34    6.50    6.26    5.95    6.19    6.27
  825.00    4.03    4.20    4.26    4.37    4.36    4.23    4.13    4.13    4.04    4.06    4.00    4.37    4.53    4.61    4.68    4.76    4.90    4.96    5.17    5.13    4.95    4.72    4.63    4.53
  850.00    5.41    5.42    5.37    5.23    5.21    5.25    5.18    5.02    5.22    5.27    5.42    5.43    5.50    5.81    6.02    6.10    5.94    5.86    5.69    5.61    5.35    5.07    4.95    4.60
  875.00    6.82    6.79    6.67    6.52    6.53    6.51    6.57    6.51    6.71    6.46    6.70    6.90    7.30    7.59    7.72    7.89    7.96    7.86    7.62    7.35    6.99    6.55    6.53    6.35
  900.00    8.28    8.34    8.19    7.99    7.89    7.89    7.93    8.04    8.06    8.30    8.53    8.86    8.90    9.07    9.38    9.53    9.46    9.29    9.16    8.96    8.76    8.37    8.40    8.21
  925.00   10.00    9.86    9.74    9.68    9.57    9.41    9.37    9.39    9.57    9.88   10.28   10.59   10.63   10.82   10.92   10.96   10.77   10.69   10.57   10.50   10.39   10.20   10.17    9.95
  950.00   11.77   11.63   11.50   11.45   11.38   11.24   11.22   11.19   11.37   11.92   12.24   12.47   12.66   12.74   12.90   12.84   12.70   12.58   12.34   12.23   12.14   12.06   12.03   11.90
  975.00   13.51   13.36   13.26   13.22   13.12   12.97   12.99   13.00   13.22   13.75   14.01   14.29   14.48   14.52   14.64   14.62   14.47   14.34   14.14   14.00   13.93   13.88   13.73   13.66
 1000.00   15.18   15.06   14.96   14.93   14.83   14.69   14.70   14.69   14.90   15.41   15.65   15.99   16.14   16.20   16.31   16.30   16.15   16.03   15.85   15.68   15.62   15.59   15.44   15.40
