#  level#  00:00#  01:00#  02:00#  03:00#  04:00#  05:00#  06:00#  07:00#  08:00#  09:00#  10:00#  11:00#  12:00#  13:00#  14:00#  15:00#  16:00#  17:00#  18:00#  19:00#  20:00#  21:00#  22:00#  23:00
    1.00  -15.48  -17.06  -16.97  -17.84  -20.22  -21.40  -20.64  -20.15  -17.82  -15.54  -13.36  -10.44   -9.45   -8.65  -10.19  -11.19  -12.72  -14.11  -15.07  -15.32  -16.03  -16.35  -17.21  -16.86
    2.00   -9.27  -10.99  -12.35  -13.40  -15.04  -16.53  -17.50  -18.81  -19.77  -20.21  -20.13  -17.97  -17.33  -16.25  -15.04  -13.19  -11.13   -9.78   -9.29   -9.20   -9.14   -7.61   -7.28   -6.60
    3.00  -17.85  -18.30  -17.88  -16.19  -17.00  -19.34  -19.79  -20.21  -20.30  -20.67  -23.00  -22.45  -21.16  -20.16  -19.28  -18.88  -17.45  -16.23  -16.63  -16.92  -17.58  -17.07  -16.98  -16.62
   10.00  -55.21  -55.50  -55.93  -55.59  -55.21  -54.00  -53.31  -53.30  -53.51  -54.76  -54.90  -54.21  -53.31  -53.72  -53.87  -53.16  -52.72  -52.82  -52.80  -52.80  -53.06  -54.18  -54.48  -53.95
   20.00  -59.17  -59.12  -59.29  -59.52  -59.13  -58.11  -57.33  -57.59  -58.50  -58.88  -58.46  -58.49  -58.44  -57.92  -57.86  -57.61  -57.30  -57.61  -57.61  -57.06  -57.21  -57.47  -57.98  -58.66
   30.00  -59.15  -59.43  -59.55  -59.91  -60.65  -60.97  -60.98  -60.81  -60.44  -60.34  -59.61  -58.94  -58.29  -58.59  -59.03  -59.46  -59.56  -58.87  -58.93  -58.93  -58.37  -58.21  -58.02  -57.81
   50.00  -61.37  -61.75  -62.33  -62.19  -61.91  -62.04  -62.43  -62.53  -62.38  -61.87  -61.54  -61.61  -62.19  -62.16  -61.78  -61.60  -61.57  -62.11  -62.23  -61.75  -61.96  -62.06  -61.52  -61.61
   70.00  -62.75  -63.36  -63.44  -63.35  -63.05  -62.29  -61.59  -61.41  -61.54  -62.11  -62.82  -63.05  -62.48  -62.46  -62.85  -63.34  -63.45  -62.73  -62.30  -62.23  -62.08  -61.87  -61.52  -61.42
  100.00  -61.29  -61.10  -60.93  -60.76  -60.75  -60.94  -61.28  -62.10  -62.91  -63.02  -62.51  -62.24  -62.12  -61.81  -61.41  -60.99  -60.89  -60.99  -61.08  -61.20  -61.35  -61.53  -61.73  -61.62
  125.00  -60.68  -60.85  -61.04  -61.41  -61.59  -61.29  -60.49  -59.93  -59.96  -60.32  -59.85  -59.81  -60.00  -60.12  -60.10  -60.08  -60.25  -60.41  -60.20  -59.79  -59.41  -59.06  -59.27  -59.36
  150.00  -62.08  -62.60  -63.09  -63.63  -64.01  -64.09  -63.58  -62.66  -62.09  -62.32  -62.11  -62.16  -62.30  -62.33  -61.93  -61.34  -61.17  -61.56  -62.06  -61.94  -61.19  -60.31  -59.90  -60.03
  175.00  -69.36  -69.40  -69.33  -69.16  -69.12  -69.24  -69.24  -69.07  -68.68  -68.16  -67.84  -67.51  -67.11  -66.83  -66.62  -66.06  -65.23  -64.51  -64.46  -64.86  -65.41  -65.75  -65.39  -65.07
  200.00  -64.93  -64.62  -64.46  -64.38  -64.46  -64.64  -64.87  -65.08  -65.20  -65.26  -65.67  -65.75  -65.80  -65.86  -65.99  -66.06  -66.04  -65.88  -65.71  -65.73  -65.88  -65.97  -65.63  -65.39
  225.00  -59.35  -59.17  -59.26  -59.37  -59.46  -59.54  -59.65  -59.78  -59.85  -59.91  -60.24  -60.39  -60.54  -60.64  -60.69  -60.68  -60.71  -60.72  -60.57  -60.37  -60.30  -60.34  -60.12  -60.07
  250.00  -54.20  -54.24  -54.41  -54.48  -54.50  -54.61  -54.84  -55.10  -55.21  -55.20  -55.37  -55.50  -55.62  -55.69  -55.70  -55.61  -55.48  -55.42  -55.43  -55.45  -55.52  -55.67  -55.51  -55.55
  300.00  -45.12  -45.15  -45.25  -45.36  -45.48  -45.60  -45.77  -45.91  -45.95  -45.86  -45.85  -45.82  -45.73  -45.64  -45.71  -45.87  -46.03  -46.10  -46.06  -45.96  -45.95  -46.04  -45.96  -46.12
  350.00  -36.88  -37.01  -37.10  -37.07  -37.00  -37.00  -37.08  -37.24  -37.33  -37.28  -37.10  -37.14  -37.19  -37.31  -37.60  -37.93  -38.16  -38.26  -38.24  -38.16  -38.12  -38.15  -38.13  -38.30
  400.00  -30.01  -30.29  -30.42  -30.42  -30.28  -30.10  -30.12  -30.33  -30.53  -30.51  -30.14  -29.99  -29.93  -30.05  -30.38  -30.64  -30.76  -30.79  -30.80  -30.83  -30.93  -31.05  -31.06  -31.19
  450.00  -24.06  -24.25  -24.32  -24.29  -24.27  -24.22  -24.25  -24.43  -24.57  -24.59  -24.35  -24.17  -23.97  -23.90  -24.03  -24.22  -24.31  -24.30  -24.27  -24.19  -24.14  -24.31  -24.55  -25.04
  500.00  -18.86  -18.94  -18.86  -18.69  -18.55  -18.48  -18.49  -18.64  -18.82  -18.92  -18.90  -18.89  -18.77  -18.65  -18.68  -18.80  -18.85  -18.92  -19.08  -19.19  -19.24  -19.42  -19.58  -19.72
  550.00  -14.97  -14.86  -14.58  -14.29  -14.12  -14.10  -14.18  -14.29  -14.35  -14.30  -14.38  -14.28  -14.14  -13.93  -13.80  -13.77  -13.80  -13.92  -14.12  -14.25  -14.26  -14.30  -14.36  -14.49
  600.00  -12.28  -12.20  -11.91  -11.44  -11.06  -10.83  -10.68  -10.61  -10.44  -10.27  -10.51  -10.28  -10.07   -9.84   -9.61   -9.53   -9.55   -9.52   -9.42   -9.49   -9.71   -9.93  -10.00  -10.09
  650.00   -8.40   -8.31   -8.25   -8.13   -8.03   -7.97   -7.74   -7.42   -7.10   -6.80   -7.11   -6.83   -6.59   -6.35   -5.99   -5.77   -5.64   -5.53   -5.67   -6.02   -6.25   -6.37   -6.26   -6.24
  700.00   -6.17   -5.71   -5.45   -5.30   -5.35   -5.53   -5.45   -5.14   -4.74   -4.36   -4.26   -4.06   -3.79   -3.53   -3.16   -3.00   -3.07   -3.17   -3.24   -3.10   -3.00   -3.10   -2.92   -2.90
  750.00   -5.41   -4.61   -4.09   -3.92   -4.14   -4.48   -4.46   -4.24   -3.81   -3.39   -2.72   -2.43   -2.21   -2.13   -1.83   -1.57   -1.51   -1.43   -1.21   -0.81   -0.63   -0.66   -0.38   -0.32
  775.00   -5.55   -4.73   -4.06   -3.77   -3.99   -4.29   -4.28   -4.09   -3.58   -3.08   -2.10   -1.87   -1.79   -1.80   -1.49   -1.09   -0.84   -0.65   -0.37   -0.01    0.13    0.13    0.44    0.59
  800.00   -5.39   -4.79   -4.23   -3.89   -4.01   -4.19   -4.16   -3.98   -3.40   -2.75   -1.56   -1.34   -1.36   -1.37   -1.02   -0.54   -0.11    0.25    0.59    0.88    0.94    1.00    1.38    1.66
  825.00   -5.40   -4.94   -4.52   -4.20   -4.13   -4.12   -3.95   -3.71   -3.13   -2.45   -1.37   -1.08   -1.03   -0.88   -0.40    0.19    0.75    1.26    1.65    1.90    1.95    2.07    2.55    2.95
  850.00   -5.22   -4.96   -4.72   -4.47   -4.39   -4.14   -3.77   -3.42   -2.73   -2.01   -1.20   -0.95   -0.76   -0.33    0.33    0.80    1.37    2.17    2.67    2.93    3.02    3.18    3.72    4.18
  875.00   -3.84   -3.78   -3.75   -3.71   -3.65   -3.62   -3.45   -3.09   -2.44   -1.64   -1.02   -0.75   -0.53   -0.44   -0.22    0.29    1.05    2.17    3.01    3.35    3.51    3.82    4.40    4.92
  900.00   -2.10   -2.05   -2.05   -2.12   -2.16   -2.23   -2.28   -2.20   -1.80   -1.30   -1.03   -0.88   -0.39    0.41    1.03    1.39    1.74    2.41    3.05    3.36    3.59    4.07    4.73    5.33
  925.00   -0.07   -0.06   -0.08   -0.14   -0.25   -0.34   -0.42   -0.46   -0.49   -0.40   -0.27    0.25    0.93    1.78    2.37    2.69    2.94    3.14    3.48    3.69    3.94    4.44    5.06    5.76
  950.00    2.01    2.00    1.92    1.82    1.69    1.59    1.51    1.46    1.34    1.36    1.51    2.02    2.59    3.19    3.71    4.14    4.51    4.67    4.69    4.76    4.96    5.39    5.85    6.50
  975.00    3.91    3.89    3.84    3.78    3.66    3.55    3.45    3.39    3.32    3.49    3.73    4.26    4.83    5.40    5.85    6.19    6.40    6.39    6.17    6.07    6.03    5.90    5.56    5.44
 1000.00    5.55    5.54    5.48    5.40    5.27    5.15    5.06    4.98    4.87    4.96    5.19    5.70    6.26    6.82    7.23    7.53    7.74    7.79    7.73    7.80    7.97    8.20    8.26    8.40
