#  level#  00:00#  01:00#  02:00#  03:00#  04:00#  05:00#  06:00#  07:00#  08:00#  09:00#  10:00#  11:00#  12:00#  13:00#  14:00#  15:00#  16:00#  17:00#  18:00#  19:00#  20:00#  21:00#  22:00#  23:00
    1.00  -13.51  -15.23  -16.44  -15.81  -12.81  -10.92   -9.55  -10.12  -11.40  -12.11  -12.17  -11.92  -10.17   -9.11   -8.27   -7.77   -7.31   -7.52   -7.90   -8.41   -8.99   -9.04   -9.43   -9.76
    2.00   -3.12   -3.52   -6.00   -9.18  -12.17  -13.89  -13.97  -14.29  -14.25  -13.66  -12.22  -11.25  -10.50   -8.11   -6.43   -5.98   -5.85   -6.48   -7.36   -8.21   -9.05   -8.28   -8.24   -8.71
    3.00  -14.40  -13.27  -12.04  -13.31  -14.63  -17.23  -18.70  -18.15  -18.22  -17.90  -17.23  -16.77  -17.40  -16.70  -15.73  -15.86  -15.18  -14.18  -14.14  -14.64  -14.59  -14.46  -13.99  -13.89
   10.00  -43.13  -43.90  -44.75  -45.28  -44.62  -43.38  -44.09  -44.50  -43.24  -42.92  -43.41  -42.58  -42.03  -43.70  -43.43  -43.52  -43.30  -42.85  -41.44  -41.40  -40.86  -40.41  -40.62  -41.95
   20.00  -53.16  -53.62  -53.83  -54.30  -55.00  -55.72  -56.55  -56.61  -54.69  -53.45  -53.82  -55.40  -55.41  -54.10  -53.45  -52.09  -51.63  -52.48  -53.63  -55.08  -55.51  -55.43  -54.57  -54.08
   30.00  -58.13  -57.60  -57.15  -56.77  -56.80  -56.93  -56.36  -56.11  -57.51  -59.15  -58.90  -56.32  -55.36  -56.00  -56.73  -57.44  -57.65  -57.65  -58.09  -57.72  -57.79  -57.96  -57.55  -57.29
   50.00  -59.12  -59.28  -59.29  -59.48  -59.03  -58.84  -59.55  -60.08  -60.10  -60.08  -60.39  -60.26  -59.82  -59.43  -58.99  -58.81  -59.74  -60.45  -59.77  -59.42  -59.15  -58.57  -59.24  -59.76
   70.00  -59.17  -59.70  -59.83  -59.94  -59.82  -59.25  -58.82  -58.79  -58.78  -58.92  -59.48  -60.16  -60.58  -60.56  -60.70  -60.16  -58.74  -58.52  -58.96  -59.22  -59.88  -59.97  -59.19  -59.13
  100.00  -58.71  -58.76  -58.92  -59.06  -59.28  -59.44  -59.41  -59.40  -59.31  -58.93  -58.50  -58.16  -58.36  -58.42  -58.31  -58.74  -59.04  -58.71  -58.25  -57.71  -57.09  -57.21  -57.60  -57.02
  125.00  -59.28  -59.22  -59.27  -59.39  -59.41  -59.41  -59.10  -58.77  -58.77  -58.79  -58.47  -58.15  -58.03  -57.98  -57.66  -57.42  -57.42  -57.36  -57.16  -57.00  -56.56  -55.99  -56.14  -56.11
  150.00  -57.86  -58.00  -58.12  -58.22  -58.23  -58.30  -58.27  -58.01  -57.79  -57.60  -57.36  -57.18  -57.03  -56.77  -56.33  -55.81  -55.45  -55.36  -55.50  -55.34  -54.80  -54.14  -53.25  -53.00
  175.00  -57.57  -57.93  -58.35  -58.77  -58.92  -59.06  -59.25  -59.12  -59.10  -59.17  -58.73  -58.41  -58.17  -58.27  -58.45  -58.46  -58.07  -56.90  -55.98  -55.66  -55.23  -54.66  -54.07  -53.53
  200.00  -61.65  -61.63  -61.66  -62.02  -62.62  -62.99  -63.21  -63.11  -63.18  -63.45  -64.22  -64.40  -64.52  -64.29  -63.55  -62.15  -60.83  -60.20  -59.80  -59.44  -59.29  -58.38  -57.47  -56.25
  225.00  -62.89  -62.99  -63.07  -62.74  -62.32  -62.50  -62.84  -62.92  -62.85  -62.84  -63.01  -62.81  -62.66  -62.55  -62.51  -62.50  -62.52  -62.55  -62.30  -61.72  -61.06  -60.19  -58.42  -57.12
  250.00  -58.89  -58.74  -58.52  -58.35  -58.23  -58.10  -58.00  -57.88  -57.72  -57.62  -57.26  -57.01  -56.72  -56.47  -56.46  -56.65  -56.96  -57.10  -57.15  -57.24  -57.25  -57.07  -56.03  -55.43
  300.00  -48.70  -48.53  -48.40  -48.25  -48.05  -47.86  -47.69  -47.54  -47.40  -47.23  -47.10  -46.93  -46.79  -46.48  -46.36  -46.46  -46.54  -46.72  -46.83  -47.13  -47.45  -47.79  -48.13  -48.93
  350.00  -40.00  -39.83  -39.72  -39.64  -39.53  -39.35  -39.13  -38.90  -38.66  -38.45  -38.28  -38.08  -38.00  -38.05  -38.30  -38.65  -38.89  -38.66  -38.39  -38.49  -38.65  -39.24  -40.13  -40.70
  400.00  -32.39  -32.15  -31.88  -31.75  -31.67  -31.60  -31.54  -31.48  -31.42  -31.40  -31.42  -31.28  -31.20  -31.17  -31.24  -31.39  -31.52  -31.56  -31.65  -31.74  -31.89  -32.22  -32.58  -32.91
  450.00  -25.80  -25.77  -25.65  -25.55  -25.40  -25.21  -25.19  -25.34  -25.46  -25.46  -25.35  -25.25  -25.23  -25.27  -25.45  -25.51  -25.46  -25.76  -26.11  -26.21  -26.10  -26.16  -26.66  -27.18
  500.00  -19.73  -19.68  -19.60  -19.63  -19.68  -19.61  -19.52  -19.48  -19.38  -19.27  -19.23  -19.16  -19.18  -19.23  -19.33  -19.42  -19.52  -19.88  -20.20  -20.56  -20.87  -20.96  -21.12  -21.56
  550.00  -14.22  -14.12  -14.01  -14.03  -14.08  -14.01  -13.93  -13.90  -13.83  -13.83  -13.85  -13.79  -13.77  -13.87  -14.03  -13.98  -14.23  -14.91  -15.42  -15.84  -16.08  -16.15  -16.11  -16.38
  600.00   -9.47   -9.42   -9.39   -9.54   -9.67   -9.55   -9.51   -9.61   -9.68   -9.81   -9.97   -9.98   -9.92   -9.97   -9.95  -10.12  -10.54  -11.17  -11.36  -11.54  -11.64  -11.73  -11.78  -12.08
  650.00   -6.02   -5.97   -5.93   -5.99   -5.95   -5.78   -5.85   -6.10   -6.19   -6.25   -6.38   -6.33   -6.30   -6.30   -6.37   -7.12   -7.40   -7.42   -7.54   -7.72   -7.68   -7.83   -8.17   -8.55
  700.00   -3.14   -2.83   -2.55   -2.46   -2.44   -2.33   -2.36   -2.53   -2.59   -2.53   -2.64   -2.50   -2.43   -2.41   -3.15   -3.91   -3.86   -3.90   -4.09   -4.11   -4.11   -4.26   -4.32   -4.64
  750.00   -0.09    0.16    0.59    0.79    0.72    0.82    1.09    1.15    1.18    1.39    1.10    1.36    1.54    1.14    0.22    0.13    0.06    0.09    0.14    0.04   -0.22   -0.43   -0.58   -0.94
  775.00    1.39    1.64    2.06    2.30    2.22    2.27    2.66    2.93    3.04    3.24    2.90    3.15    3.37    2.65    2.15    2.33    2.48    2.59    2.68    2.56    2.18    1.85    1.51    1.13
  800.00    2.87    3.14    3.56    3.84    3.85    3.90    4.27    4.66    4.80    4.93    4.61    4.88    5.02    4.30    4.24    4.76    5.08    5.14    5.22    5.08    4.73    4.37    3.87    3.51
  825.00    4.28    4.58    5.07    5.42    5.55    5.71    5.99    6.33    6.51    6.61    6.55    6.72    6.63    6.08    6.52    7.20    7.55    7.58    7.64    7.51    7.09    6.73    6.26    5.87
  850.00    5.61    5.96    6.51    6.92    7.15    7.52    7.89    8.19    8.40    8.49    8.67    8.70    8.31    8.17    8.90    9.61    9.93   10.02    9.85    9.86    9.22    8.80    8.55    8.20
  875.00    6.81    7.17    7.74    8.21    8.57    9.06    9.63   10.01   10.24   10.32   10.69   10.42    9.94   10.41   11.24   11.98   12.33   12.38   12.33   11.92   11.22   10.66   10.62   10.34
  900.00    8.19    8.56    9.10    9.47    9.78   10.25   11.02   11.60   11.83   11.89   12.18   11.74   11.92   12.69   13.59   14.36   14.70   14.64   14.60   13.68   12.77   11.91   11.77   11.39
  925.00    9.38    9.77   10.37   11.02   11.13   11.29   11.74   12.33   12.61   12.64   12.47   13.17   13.84   14.90   15.80   16.58   16.98   16.70   16.75   15.88   14.27   13.04   12.90   12.23
  950.00   10.73   10.86   11.02   11.10   11.19   11.35   11.62   12.00   11.91   12.65   13.98   14.92   16.05   17.20   18.09   18.85   19.24   18.89   18.51   17.32   15.57   14.23   13.71   13.30
  975.00   11.99   12.06   12.12   12.08   12.07   12.25   12.31   12.42   12.50   13.32   14.56   16.15   17.61   18.83   19.74   20.52   20.96   20.65   20.34   19.13   17.11   15.68   15.09   14.79
 1000.00   13.24   13.30   13.27   12.84   12.47   12.04   11.55   11.54   12.00   13.56   15.56   17.39   18.81   19.91   20.66   21.65   22.58   22.31   22.01   20.70   18.58   17.11   16.55   16.24
