#  level#  00:00#  01:00#  02:00#  03:00#  04:00#  05:00#  06:00#  07:00#  08:00#  09:00#  10:00#  11:00#  12:00#  13:00#  14:00#  15:00#  16:00#  17:00#  18:00#  19:00#  20:00#  21:00#  22:00#  23:00
    1.00  -12.59  -13.00  -14.43  -16.89  -17.22  -16.23  -17.45  -17.87  -16.91  -15.58  -13.79  -13.34  -11.46  -10.97  -12.37  -12.46  -10.42  -10.18   -9.65   -9.91   -9.51   -8.47  -10.43  -11.71
    2.00  -20.14  -20.84  -19.86  -19.76  -20.44  -22.17  -21.04  -21.51  -21.23  -20.20  -19.48  -19.19  -18.77  -18.21  -17.42  -16.50  -16.58  -16.87  -17.24  -17.05  -15.61  -14.44  -13.27  -13.46
    3.00  -27.41  -29.21  -30.29  -30.26  -28.41  -29.37  -30.54  -30.69  -31.34  -30.76  -30.28  -29.49  -28.08  -28.00  -25.84  -25.40  -25.09  -25.56  -26.60  -27.81  -28.01  -28.07  -26.15  -25.70
   10.00  -52.31  -52.56  -52.88  -53.49  -53.85  -53.51  -52.89  -52.35  -51.96  -51.98  -52.49  -52.32  -51.15  -50.35  -51.30  -51.03  -50.79  -51.58  -52.13  -52.36  -52.52  -52.04  -50.50  -48.58
   20.00  -57.76  -58.58  -59.08  -59.09  -58.53  -57.75  -57.00  -57.20  -57.35  -57.24  -57.03  -56.72  -57.05  -57.37  -57.56  -57.40  -56.84  -56.48  -56.53  -56.52  -56.58  -57.11  -57.48  -57.39
   30.00  -57.01  -57.12  -57.24  -57.20  -57.24  -57.67  -57.97  -57.95  -57.67  -57.27  -56.56  -56.54  -56.90  -57.05  -56.62  -56.54  -56.31  -56.03  -56.13  -56.43  -56.25  -56.06  -56.59  -57.29
   50.00  -56.81  -56.92  -57.01  -57.25  -57.35  -57.35  -57.10  -56.85  -56.77  -56.78  -56.74  -56.74  -56.52  -56.88  -56.83  -56.81  -56.75  -56.66  -56.28  -56.07  -55.93  -55.79  -55.63  -55.96
   70.00  -56.70  -56.87  -57.00  -57.34  -57.52  -57.83  -57.81  -57.33  -56.75  -56.25  -56.07  -56.15  -56.34  -56.67  -56.76  -56.86  -56.86  -56.92  -56.87  -56.85  -56.75  -56.21  -55.64  -55.82
  100.00  -56.02  -55.84  -55.42  -54.96  -54.57  -54.41  -54.51  -54.68  -54.57  -54.36  -53.93  -53.34  -52.84  -52.64  -52.76  -53.17  -53.39  -53.60  -53.49  -53.42  -53.55  -53.74  -54.12  -53.57
  125.00  -54.89  -55.03  -55.08  -55.00  -54.53  -54.23  -54.20  -54.53  -54.45  -54.01  -54.28  -54.04  -53.79  -53.27  -53.13  -53.05  -52.77  -52.40  -51.95  -51.56  -51.37  -51.25  -51.40  -51.35
  150.00  -55.84  -55.52  -55.10  -54.82  -54.62  -54.11  -53.41  -53.05  -53.32  -53.56  -53.35  -52.95  -52.68  -52.10  -51.69  -51.13  -50.62  -50.31  -49.91  -49.30  -48.76  -48.59  -48.66  -49.01
  175.00  -57.95  -57.57  -56.74  -55.69  -55.27  -55.39  -54.90  -53.95  -53.02  -52.19  -51.55  -51.93  -52.19  -51.81  -51.10  -50.60  -50.33  -50.26  -50.24  -50.04  -49.86  -49.81  -49.36  -49.26
  200.00  -60.53  -58.96  -57.88  -57.28  -56.32  -54.74  -53.84  -53.08  -52.31  -51.85  -50.86  -50.90  -50.53  -49.92  -49.44  -49.18  -49.53  -49.79  -50.07  -50.18  -49.80  -49.38  -48.70  -48.59
  225.00  -60.24  -59.68  -58.93  -57.81  -56.42  -55.28  -54.80  -53.90  -53.38  -52.98  -51.89  -50.75  -49.72  -49.56  -49.79  -49.78  -49.75  -49.41  -49.03  -48.66  -48.18  -48.18  -48.74  -48.71
  250.00  -56.17  -56.50  -55.93  -55.12  -54.60  -54.58  -54.14  -53.62  -53.56  -53.09  -52.35  -51.63  -50.88  -49.97  -49.42  -48.97  -48.47  -47.82  -47.52  -47.60  -47.67  -47.72  -48.17  -48.29
  300.00  -46.89  -47.23  -47.63  -47.89  -48.13  -48.27  -48.29  -48.89  -48.94  -48.67  -48.32  -47.97  -48.05  -48.38  -48.20  -48.00  -47.57  -46.92  -46.26  -45.95  -45.89  -45.69  -45.37  -45.71
  350.00  -38.48  -38.91  -39.96  -41.46  -42.53  -42.73  -43.46  -44.06  -44.06  -44.09  -44.83  -44.80  -44.81  -44.90  -45.21  -45.64  -45.92  -45.70  -45.28  -44.73  -44.37  -43.71  -43.08  -42.68
  400.00  -31.61  -32.36  -33.41  -34.55  -35.71  -37.07  -37.71  -37.81  -37.99  -38.30  -38.72  -38.75  -38.82  -38.95  -39.33  -39.91  -40.26  -40.77  -41.45  -41.86  -42.10  -42.35  -42.45  -42.53
  450.00  -27.10  -27.43  -27.76  -28.32  -29.24  -30.10  -30.86  -31.26  -31.56  -32.01  -32.17  -32.52  -33.04  -33.23  -33.86  -33.81  -33.98  -34.80  -36.13  -37.30  -38.22  -38.61  -38.88  -38.63
  500.00  -22.09  -22.35  -22.66  -22.90  -23.39  -23.95  -24.48  -24.98  -25.40  -25.92  -25.94  -26.75  -27.51  -28.57  -29.88  -29.45  -29.67  -30.54  -31.45  -32.04  -32.22  -32.68  -32.85  -32.74
  550.00  -17.37  -17.90  -18.36  -18.50  -18.37  -18.58  -18.90  -19.18  -19.73  -20.24  -20.55  -21.57  -22.59  -24.12  -24.36  -24.86  -25.33  -26.06  -26.53  -26.90  -27.03  -27.20  -27.26  -27.17
  600.00  -12.30  -12.67  -13.27  -13.66  -13.72  -13.81  -14.02  -14.27  -14.97  -15.96  -16.58  -17.79  -18.93  -18.91  -18.52  -19.80  -20.69  -21.26  -21.57  -21.85  -22.16  -22.25  -22.19  -22.15
  650.00   -7.73   -7.82   -8.30   -8.90   -9.27   -9.50   -9.82  -10.37  -11.68  -13.14  -13.63  -14.13  -14.45  -13.95  -14.13  -15.34  -16.20  -16.73  -17.05  -17.31  -17.62  -17.77  -17.63  -17.71
  700.00   -4.20   -4.60   -4.72   -5.06   -5.70   -6.33   -7.05   -8.06   -9.26   -9.96  -10.07  -10.39  -10.22  -10.51  -11.08  -11.78  -12.18  -12.55  -12.91  -13.25  -13.50  -13.66  -13.44  -13.67
  750.00   -1.54   -2.19   -2.54   -2.74   -3.15   -3.72   -4.42   -5.37   -5.84   -6.24   -6.74   -6.97   -7.06   -7.78   -8.49   -8.57   -8.64   -8.81   -9.17   -9.54   -9.66   -9.84   -9.74  -10.06
  775.00   -0.06   -0.64   -0.93   -1.24   -1.70   -2.21   -2.82   -3.65   -4.23   -4.60   -5.07   -5.43   -5.73   -6.54   -7.00   -6.98   -6.95   -7.06   -7.44   -7.75   -7.88   -8.05   -8.07   -8.37
  800.00    1.48    1.13    0.78    0.23   -0.25   -0.80   -1.44   -2.31   -2.79   -3.12   -3.43   -4.17   -4.48   -5.24   -5.50   -5.40   -5.35   -5.42   -5.76   -6.05   -6.16   -6.33   -6.44   -6.70
  825.00    2.87    2.58    2.05    1.36    0.76    0.24   -0.30   -1.13   -1.61   -1.82   -1.91   -2.76   -3.32   -3.80   -4.01   -3.81   -3.66   -3.79   -4.18   -4.41   -4.51   -4.65   -4.71   -4.99
  850.00    4.04    3.64    2.92    2.16    1.64    1.21    0.61    0.00   -0.29   -0.55   -0.66   -1.32   -2.10   -2.40   -2.47   -2.26   -2.03   -2.14   -2.51   -2.71   -2.83   -3.00   -3.02   -3.35
  875.00    4.90    4.50    3.73    3.01    2.51    2.16    1.83    1.30    1.04    0.72    0.41   -0.06   -0.68   -0.91   -0.97   -0.78   -0.44   -0.56   -0.88   -1.11   -1.33   -1.50   -1.46   -1.73
  900.00    5.67    5.24    4.59    4.15    3.68    3.29    3.15    2.87    2.52    1.96    1.50    1.07    0.61    0.51    0.47    0.71    1.11    1.02    0.61    0.35    0.09   -0.06    0.14   -0.01
  925.00    6.16    5.97    5.57    5.12    4.66    4.50    4.40    4.29    4.05    3.66    2.85    2.43    1.65    1.52    1.60    1.95    2.55    2.77    2.44    1.82    1.50    1.47    1.67    1.59
  950.00    6.87    6.85    6.75    6.58    6.29    6.16    6.12    6.09    6.01    5.64    4.76    4.49    3.95    3.65    3.67    3.93    4.61    4.87    4.30    3.71    3.38    3.18    3.34    3.39
  975.00    8.14    8.16    8.07    7.97    7.84    7.76    7.69    7.70    7.76    7.37    6.53    6.21    5.72    5.45    5.35    5.60    6.35    6.56    5.96    5.41    5.12    4.90    5.05    5.11
 1000.00    9.79    9.79    9.69    9.60    9.50    9.43    9.32    9.32    9.38    8.98    8.19    7.84    7.36    7.08    6.99    7.27    8.02    8.21    7.59    7.08    6.79    6.56    6.69    6.74
