#  level#  00:00#  01:00#  02:00#  03:00#  04:00#  05:00#  06:00#  07:00#  08:00#  09:00#  10:00#  11:00#  12:00#  13:00#  14:00#  15:00#  16:00#  17:00#  18:00#  19:00#  20:00#  21:00#  22:00#  23:00
    1.00  -14.61  -13.48  -13.11  -13.83  -15.00  -16.82  -18.24  -18.39  -17.66  -15.31  -14.10  -12.50  -11.63  -12.74  -13.27  -13.63  -14.14  -15.02  -16.74  -17.07  -16.08  -15.40  -15.13  -15.31
    2.00  -19.46  -20.05  -20.66  -21.08  -21.51  -21.87  -22.32  -21.92  -22.12  -22.56  -21.58  -19.56  -17.42  -16.46  -16.89  -17.97  -18.44  -18.37  -19.43  -21.16  -21.36  -21.11  -20.60  -20.23
    3.00  -27.15  -27.70  -27.81  -27.49  -27.67  -29.24  -30.73  -31.39  -32.68  -32.79  -32.97  -31.47  -29.38  -27.38  -25.31  -24.01  -23.70  -24.80  -26.42  -27.21  -28.70  -30.23  -31.79  -33.27
   10.00  -51.79  -53.30  -54.45  -54.49  -53.31  -52.80  -52.74  -52.71  -52.77  -52.08  -50.38  -49.99  -50.97  -51.90  -52.73  -53.38  -54.11  -54.11  -53.80  -53.68  -53.54  -54.01  -54.24  -53.40
   20.00  -56.54  -57.29  -57.90  -58.83  -59.81  -59.77  -59.44  -58.99  -58.13  -56.95  -57.07  -57.07  -57.10  -57.30  -57.00  -57.28  -57.58  -58.17  -58.63  -58.90  -58.42  -57.72  -57.58  -57.67
   30.00  -60.09  -59.82  -59.54  -59.40  -58.61  -58.79  -59.42  -59.62  -60.16  -60.60  -59.86  -59.70  -59.61  -59.42  -59.49  -59.38  -58.95  -58.87  -59.41  -59.60  -59.57  -59.37  -59.41  -59.68
   50.00  -60.19  -59.29  -60.56  -61.79  -61.71  -61.13  -61.27  -61.92  -61.90  -61.59  -61.77  -61.75  -61.62  -61.46  -61.16  -60.85  -60.73  -60.53  -60.45  -60.77  -61.15  -61.23  -60.94  -60.90
   70.00  -64.82  -65.44  -64.92  -63.90  -63.72  -64.07  -63.66  -62.73  -62.87  -63.45  -63.16  -63.14  -63.26  -63.53  -63.54  -63.64  -63.77  -63.81  -63.61  -63.08  -62.77  -62.89  -62.05  -61.61
  100.00  -66.29  -66.10  -67.05  -68.24  -68.81  -68.49  -67.82  -67.51  -67.45  -67.28  -67.08  -67.12  -67.10  -67.22  -67.64  -67.51  -66.96  -66.88  -66.45  -65.92  -65.66  -65.45  -65.50  -65.77
  125.00  -68.66  -68.96  -68.92  -68.72  -68.65  -68.49  -68.30  -68.14  -68.06  -67.89  -67.80  -67.96  -68.07  -67.85  -67.51  -67.75  -67.87  -67.79  -67.96  -67.96  -67.84  -67.80  -67.98  -68.28
  150.00  -65.58  -65.28  -64.93  -64.73  -64.88  -65.34  -65.80  -65.86  -65.60  -65.41  -65.39  -65.05  -64.97  -65.32  -65.38  -64.94  -64.84  -65.09  -65.41  -65.64  -65.67  -65.70  -66.55  -66.50
  175.00  -64.62  -64.55  -64.36  -63.82  -63.17  -62.70  -62.49  -62.49  -62.29  -61.80  -62.30  -62.94  -63.11  -62.63  -62.50  -62.77  -62.73  -62.40  -62.63  -63.42  -64.32  -64.71  -65.07  -64.85
  200.00  -60.93  -60.97  -61.06  -61.10  -60.99  -60.78  -60.54  -60.39  -60.56  -60.78  -60.98  -60.34  -60.03  -59.93  -59.81  -59.78  -59.79  -59.56  -59.25  -59.23  -59.56  -59.98  -60.55  -60.86
  225.00  -55.41  -55.45  -55.55  -55.66  -55.72  -55.77  -55.85  -55.89  -55.90  -55.94  -56.01  -55.86  -55.59  -55.38  -55.34  -55.43  -55.44  -55.23  -54.80  -54.33  -54.17  -54.31  -54.28  -54.26
  250.00  -50.53  -50.50  -50.52  -50.61  -50.69  -50.78  -50.95  -51.11  -51.21  -51.33  -51.34  -51.28  -51.09  -51.00  -50.92  -50.86  -50.85  -50.78  -50.53  -49.95  -49.37  -49.20  -48.61  -48.30
  300.00  -40.52  -40.55  -40.55  -40.58  -40.64  -40.72  -40.82  -40.92  -41.03  -41.15  -41.02  -41.09  -41.11  -41.13  -41.10  -41.06  -41.03  -41.06  -41.19  -41.27  -41.21  -41.12  -40.68  -40.57
  350.00  -31.08  -31.15  -31.23  -31.31  -31.37  -31.43  -31.52  -31.63  -31.73  -31.80  -31.54  -31.57  -31.59  -31.56  -31.50  -31.47  -31.50  -31.62  -31.80  -31.96  -32.03  -32.06  -32.10  -32.24
  400.00  -22.86  -23.01  -23.16  -23.28  -23.41  -23.59  -23.90  -24.20  -24.37  -24.46  -24.40  -24.39  -24.27  -24.04  -23.83  -23.62  -23.56  -23.68  -23.83  -23.97  -24.19  -24.37  -24.61  -24.74
  450.00  -16.80  -16.89  -17.05  -17.27  -17.48  -17.68  -17.90  -18.03  -18.05  -18.10  -18.29  -18.35  -18.36  -18.33  -18.25  -18.18  -18.19  -18.32  -18.32  -18.20  -18.22  -18.35  -18.39  -18.50
  500.00  -10.22  -10.36  -10.52  -10.70  -10.89  -11.07  -11.24  -11.42  -11.57  -11.72  -11.89  -12.01  -12.16  -12.30  -12.38  -12.45  -12.58  -12.76  -12.90  -12.98  -13.04  -13.08  -12.90  -12.94
  550.00   -4.34   -4.41   -4.52   -4.70   -4.89   -5.01   -5.12   -5.25   -5.39   -5.59   -5.73   -5.92   -6.10   -6.27   -6.40   -6.54   -6.74   -6.98   -7.18   -7.30   -7.34   -7.34   -7.01   -7.14
  600.00    0.01   -0.04   -0.14   -0.32   -0.49   -0.53   -0.50   -0.51   -0.55   -0.67   -0.75   -0.82   -0.87   -0.98   -1.08   -1.23   -1.51   -1.83   -2.12   -2.36   -2.42   -2.33   -1.95   -2.27
  650.00    3.85    3.80    3.70    3.55    3.40    3.35    3.40    3.44    3.45    3.40    3.38    3.38    3.32    3.09    2.84    2.61    2.42    2.30    2.06    1.64    1.41    1.46    1.53    1.07
  700.00    7.32    7.34    7.32    7.27    7.20    7.09    6.98    6.84    6.68    6.52    6.27    6.13    5.95    5.79    5.77    5.84    5.93    6.01    5.77    5.25    4.89    4.80    4.59    4.33
  750.00   10.61   10.68   10.73   10.83   10.91   10.84   10.63   10.32   10.01    9.76    9.40    9.45    9.57    9.76    9.86    9.77    9.63    9.62    9.42    9.06    8.81    8.69    8.17    8.09
  775.00   12.30   12.37   12.45   12.60   12.73   12.70   12.51   12.20   11.90   11.71   11.54   11.73   11.80   11.88   11.82   11.51   11.16   11.13   11.03   10.81   10.70   10.65   10.05   10.06
  800.00   14.08   14.14   14.21   14.38   14.54   14.49   14.29   14.00   13.75   13.63   13.80   13.92   13.84   13.79   13.57   13.04   12.52   12.49   12.49   12.41   12.42   12.47   11.91   12.01
  825.00   15.85   15.84   15.85   15.99   16.11   16.05   15.84   15.59   15.41   15.40   15.92   15.86   15.61   15.48   15.16   14.33   13.79   13.79   13.89   13.91   14.00   14.13   13.83   14.03
  850.00   17.42   17.26   17.15   17.23   17.35   17.26   17.09   16.95   16.92   16.98   17.72   17.56   17.32   17.17   16.63   15.69   15.28   15.27   15.32   15.36   15.46   15.59   15.58   15.78
  875.00   18.81   18.55   18.36   18.34   18.36   18.32   18.25   18.21   18.21   18.30   19.21   18.97   18.90   18.80   17.97   17.28   17.16   17.14   17.11   17.08   17.08   17.12   17.28   17.40
  900.00   20.17   19.85   19.57   19.48   19.43   19.38   19.29   19.23   19.24   19.38   20.26   20.22   20.19   19.58   19.06   19.10   19.32   19.38   19.32   19.20   19.05   18.96   18.99   18.94
  925.00   21.24   20.88   20.60   20.44   20.29   20.15   20.01   19.96   20.03   20.23   20.88   20.72   20.59   20.64   20.79   21.15   21.41   21.43   21.31   21.16   20.99   20.80   20.70   20.48
  950.00   22.75   22.36   22.02   21.82   21.71   21.62   21.51   21.31   21.21   21.31   21.66   21.49   21.91   22.33   22.86   23.31   23.44   23.26   23.02   22.77   22.57   22.48   22.48   22.23
  975.00   24.15   23.82   23.49   23.27   23.13   22.97   22.81   22.65   22.53   22.55   22.75   22.59   23.30   23.93   24.67   25.09   25.04   24.65   24.20   23.82   23.59   23.55   23.34   23.33
 1000.00   25.33   25.25   25.06   24.93   24.77   24.59   24.31   24.06   23.93   23.99   23.37   23.27   24.55   25.55   26.38   26.76   26.45   25.68   24.88   24.25   23.95   24.05   23.78   24.17
