#  level#  00:00#  01:00#  02:00#  03:00#  04:00#  05:00#  06:00#  07:00#  08:00#  09:00#  10:00#  11:00#  12:00#  13:00#  14:00#  15:00#  16:00#  17:00#  18:00#  19:00#  20:00#  21:00#  22:00#  23:00
    1.00   -2.69   -4.70   -6.07   -7.88   -9.27  -10.89  -10.45   -9.91   -8.58   -6.71   -5.23   -5.34   -5.72   -4.26   -4.07   -5.80   -5.76   -5.80   -4.87   -2.64   -2.21   -3.28   -3.85   -3.35
    2.00   -8.96   -8.84   -9.81   -9.76   -8.90   -8.36   -8.74   -9.81  -10.31  -11.93  -11.99   -8.65   -6.60   -6.96   -6.36   -5.37   -3.27   -2.81   -4.24   -8.14  -10.29   -9.21   -6.55   -5.08
    3.00  -16.82  -17.44  -18.58  -18.56  -20.29  -22.19  -21.24  -19.23  -16.14  -14.68  -15.88  -16.93  -15.37  -14.11  -14.57  -16.11  -15.71  -15.51  -13.32  -12.55  -14.39  -15.58  -17.30  -17.33
   10.00  -43.19  -43.64  -43.41  -42.57  -42.36  -42.48  -42.65  -43.43  -43.84  -43.91  -45.79  -46.53  -44.79  -43.69  -42.72  -42.42  -42.92  -43.81  -43.23  -42.91  -42.80  -43.22  -43.94  -45.50
   20.00  -51.96  -51.48  -51.89  -52.24  -51.40  -51.24  -51.69  -51.52  -51.06  -51.53  -51.36  -51.39  -50.93  -51.09  -51.94  -52.21  -51.84  -51.92  -51.13  -49.73  -49.21  -49.84  -50.63  -51.24
   30.00  -54.76  -55.13  -55.55  -55.94  -56.00  -55.40  -54.16  -53.68  -54.17  -55.05  -55.78  -54.90  -54.09  -53.80  -54.14  -54.82  -54.53  -54.38  -55.21  -56.12  -56.10  -55.49  -55.63  -55.52
   50.00  -56.09  -56.44  -56.88  -57.08  -57.09  -57.23  -57.35  -57.41  -57.19  -56.87  -56.53  -56.53  -56.43  -56.16  -55.91  -55.98  -56.17  -56.44  -56.50  -56.48  -56.53  -56.36  -55.71  -55.92
   70.00  -55.90  -55.62  -55.31  -55.45  -55.51  -55.20  -54.96  -55.05  -55.30  -55.49  -55.38  -55.56  -55.77  -55.93  -55.66  -55.27  -54.95  -54.94  -55.01  -55.10  -55.28  -55.76  -55.72  -55.64
  100.00  -54.38  -54.41  -54.17  -53.80  -53.78  -53.95  -54.21  -54.63  -54.74  -54.61  -54.28  -54.29  -54.26  -54.38  -54.47  -54.61  -54.68  -54.60  -54.41  -54.37  -54.44  -54.57  -54.81  -54.82
  125.00  -52.74  -52.67  -52.67  -52.78  -53.13  -53.53  -53.63  -53.45  -53.12  -52.84  -52.60  -52.70  -52.73  -52.57  -52.29  -52.18  -52.22  -52.34  -52.37  -52.30  -52.25  -52.25  -52.43  -52.82
  150.00  -50.87  -50.86  -50.93  -50.90  -50.89  -51.01  -51.09  -51.17  -51.39  -51.76  -51.90  -51.88  -51.69  -51.34  -50.88  -50.67  -50.59  -50.69  -50.92  -51.11  -51.08  -50.78  -50.27  -50.50
  175.00  -50.22  -49.80  -49.56  -49.36  -49.36  -49.64  -49.81  -49.77  -49.65  -49.71  -49.44  -49.67  -50.09  -50.55  -50.90  -51.15  -50.96  -50.57  -50.39  -50.51  -50.80  -51.06  -50.76  -50.87
  200.00  -53.68  -53.71  -53.76  -53.61  -53.33  -53.21  -53.16  -53.09  -52.98  -52.87  -52.44  -51.91  -51.68  -51.59  -51.70  -52.11  -52.41  -52.45  -52.33  -52.34  -52.45  -52.57  -52.17  -52.28
  225.00  -55.51  -55.57  -55.57  -55.39  -55.04  -54.75  -54.56  -54.40  -54.22  -54.18  -54.17  -54.09  -54.21  -54.20  -54.07  -54.09  -54.16  -54.23  -54.37  -54.74  -55.22  -55.58  -55.69  -56.11
  250.00  -55.00  -55.23  -55.39  -55.35  -55.06  -54.71  -54.48  -54.40  -54.45  -54.68  -54.94  -55.26  -55.58  -55.79  -56.03  -56.35  -56.44  -56.35  -56.17  -56.05  -56.17  -56.47  -57.23  -57.32
  300.00  -48.60  -48.64  -48.76  -48.92  -49.00  -49.10  -49.26  -49.46  -49.59  -49.71  -49.90  -50.15  -50.41  -50.62  -50.77  -50.90  -50.97  -51.03  -51.09  -51.05  -50.86  -50.65  -50.81  -50.76
  350.00  -40.82  -40.92  -41.08  -41.30  -41.51  -41.68  -41.85  -42.06  -42.24  -42.36  -42.44  -42.52  -42.55  -42.59  -42.59  -42.55  -42.50  -42.47  -42.48  -42.55  -42.58  -42.54  -42.71  -42.64
  400.00  -33.69  -33.79  -34.00  -34.25  -34.46  -34.60  -34.71  -34.82  -34.89  -34.91  -34.78  -34.77  -34.73  -34.70  -34.68  -34.66  -34.61  -34.54  -34.51  -34.52  -34.58  -34.60  -34.70  -34.71
  450.00  -27.11  -27.18  -27.34  -27.56  -27.73  -27.81  -27.84  -27.89  -27.91  -27.89  -27.80  -27.71  -27.63  -27.56  -27.49  -27.47  -27.46  -27.41  -27.33  -27.33  -27.38  -27.49  -27.49  -27.57
  500.00  -20.97  -21.06  -21.23  -21.43  -21.58  -21.61  -21.56  -21.55  -21.56  -21.54  -21.50  -21.42  -21.32  -21.25  -21.18  -21.16  -21.16  -21.16  -21.08  -20.98  -20.91  -20.91  -20.78  -20.82
  550.00  -15.75  -15.75  -15.83  -15.95  -16.04  -16.05  -15.97  -15.92  -15.91  -15.87  -15.77  -15.70  -15.63  -15.58  -15.53  -15.47  -15.44  -15.46  -15.45  -15.39  -15.29  -15.18  -14.97  -14.86
  600.00  -11.22  -11.23  -11.27  -11.38  -11.43  -11.39  -11.32  -11.32  -11.35  -11.30  -10.97  -10.86  -10.73  -10.69  -10.65  -10.54  -10.37  -10.31  -10.31  -10.32  -10.31  -10.26  -10.28  -10.16
  650.00   -7.84   -7.77   -7.70   -7.76   -7.78   -7.66   -7.53   -7.53   -7.59   -7.56   -6.94   -6.86   -6.68   -6.58   -6.51   -6.39   -6.18   -6.01   -5.96   -5.95   -5.94   -5.91   -6.27   -6.26
  700.00   -5.21   -5.16   -5.06   -5.04   -5.03   -4.90   -4.74   -4.67   -4.64   -4.52   -4.14   -4.03   -3.69   -3.36   -3.14   -3.01   -2.76   -2.58   -2.55   -2.52   -2.49   -2.41   -2.52   -2.49
  750.00   -4.21   -3.59   -3.32   -3.29   -3.34   -3.21   -2.99   -3.00   -2.82   -2.35   -2.91   -2.63   -2.23   -1.57   -1.06   -0.80   -0.46   -0.20   -0.09    0.02    0.10    0.17    0.65    0.75
  775.00   -3.52   -3.30   -3.15   -3.04   -3.21   -3.20   -3.21   -3.14   -3.03   -2.69   -3.11   -2.89   -2.25   -1.64   -0.93   -0.51   -0.10    0.41    0.66    0.90    1.09    1.18    1.73    1.86
  800.00   -1.90   -1.92   -1.91   -2.01   -2.02   -2.04   -2.02   -1.92   -1.89   -1.97   -2.17   -2.09   -1.96   -1.59   -0.98   -0.58   -0.27    0.28    0.72    1.10    1.54    1.79    2.25    2.31
  825.00   -0.60   -0.45   -0.44   -0.54   -0.60   -0.66   -0.61   -0.53   -0.47   -0.42   -0.58   -0.48   -0.52   -0.39   -0.34   -0.48   -0.21    0.04    0.29    0.86    1.47    2.01    2.50    2.46
  850.00    0.54    0.76    0.86    0.85    0.81    0.76    0.71    0.76    0.77    0.91    0.87    0.91    0.84    0.87    0.77    0.67    0.94    1.09    1.06    1.11    1.60    2.13    2.53    2.59
  875.00    2.05    2.10    2.15    2.12    2.05    2.13    2.17    2.13    2.06    2.15    1.91    1.92    2.07    2.26    2.29    2.62    2.74    2.85    2.92    2.80    2.79    2.93    3.03    3.10
  900.00    3.57    3.59    3.57    3.49    3.38    3.36    3.41    3.26    3.25    3.41    3.02    3.10    3.26    3.46    3.62    4.12    4.35    4.42    4.44    4.44    4.34    4.07    4.21    4.12
  925.00    4.93    4.92    4.84    4.78    4.75    4.57    4.65    4.60    4.61    4.60    4.25    4.28    4.74    4.99    5.26    5.67    5.89    5.86    5.72    5.56    5.47    5.22    5.44    5.33
  950.00    6.47    6.37    6.23    6.16    6.10    5.90    5.85    5.73    5.89    6.26    5.95    6.13    6.45    6.66    6.97    7.31    7.47    7.35    7.22    7.00    6.82    6.69    6.93    6.76
  975.00    8.12    7.97    7.82    7.63    7.53    7.35    7.39    7.39    7.67    8.05    7.73    7.96    8.47    8.82    9.04    9.38    9.48    9.26    9.05    8.76    8.50    8.34    8.52    8.31
 1000.00    9.75    9.60    9.44    9.23    9.05    8.86    8.78    8.67    9.11    9.46    9.05    9.39    9.84   10.17   10.43   10.75   10.89   10.75   10.54   10.31   10.14   10.05   10.20   10.07
