#  level#  00:00#  01:00#  02:00#  03:00#  04:00#  05:00#  06:00#  07:00#  08:00#  09:00#  10:00#  11:00#  12:00#  13:00#  14:00#  15:00#  16:00#  17:00#  18:00#  19:00#  20:00#  21:00#  22:00#  23:00
    1.00  -31.67  -33.81  -31.98  -30.00  -29.92  -31.77  -31.56  -30.57  -29.78  -29.32  -29.41  -28.25  -26.43  -25.27  -23.47  -21.21  -18.81  -19.43  -22.90  -24.98  -25.39  -23.85  -23.68  -24.37
    2.00  -36.05  -38.02  -40.13  -41.46  -41.94  -42.87  -43.87  -43.01  -41.57  -39.48  -38.62  -39.54  -39.97  -39.55  -38.04  -36.92  -35.79  -34.67  -33.48  -31.81  -31.04  -30.35  -30.81  -31.64
    3.00  -42.63  -43.41  -45.38  -46.31  -46.15  -45.86  -46.94  -47.94  -48.29  -47.32  -45.06  -44.54  -44.06  -44.70  -44.78  -44.66  -44.68  -43.92  -43.19  -41.95  -41.28  -40.44  -39.80  -39.90
   10.00  -58.70  -59.44  -58.82  -58.30  -58.51  -58.47  -58.51  -58.53  -58.64  -58.90  -58.48  -57.65  -56.93  -58.59  -59.61  -60.54  -61.12  -60.48  -59.66  -59.22  -59.28  -60.48  -61.93  -61.36
   20.00  -57.05  -57.16  -58.08  -58.76  -59.39  -60.36  -60.84  -61.15  -60.69  -59.88  -59.68  -60.05  -59.49  -58.67  -58.38  -58.08  -58.78  -60.27  -60.60  -60.70  -61.01  -60.63  -60.50  -60.23
   30.00  -60.15  -60.23  -59.52  -59.14  -59.51  -60.04  -59.69  -59.65  -60.43  -60.88  -60.88  -61.15  -60.86  -60.49  -60.72  -61.21  -61.02  -60.33  -59.75  -59.30  -59.63  -60.17  -60.87  -61.43
   50.00  -59.95  -60.09  -60.64  -60.93  -60.24  -59.71  -60.09  -59.86  -59.60  -60.04  -60.30  -60.95  -61.21  -60.74  -60.44  -60.57  -60.57  -60.66  -60.69  -60.45  -59.91  -59.71  -59.94  -60.17
   70.00  -59.19  -59.15  -59.34  -59.81  -60.23  -60.07  -59.80  -59.65  -59.27  -58.65  -58.43  -58.31  -58.92  -59.48  -59.41  -59.39  -59.43  -59.54  -59.78  -59.99  -60.19  -60.05  -59.70  -59.23
  100.00  -58.09  -57.57  -57.03  -57.03  -57.50  -57.58  -57.32  -57.33  -57.58  -57.81  -57.97  -57.90  -57.54  -57.44  -57.39  -57.21  -57.33  -57.52  -57.71  -57.79  -57.88  -58.21  -58.59  -58.83
  125.00  -57.11  -57.40  -57.43  -57.16  -57.00  -56.78  -56.60  -56.61  -56.76  -56.77  -56.63  -56.94  -57.24  -57.36  -57.50  -57.57  -57.35  -57.15  -57.20  -57.44  -57.70  -58.00  -58.37  -58.87
  150.00  -53.87  -53.98  -54.26  -54.64  -55.03  -55.21  -55.19  -55.06  -55.07  -55.10  -55.06  -55.11  -55.33  -55.58  -55.74  -56.02  -56.24  -56.26  -56.17  -56.08  -56.12  -56.30  -56.25  -56.48
  175.00  -51.90  -52.34  -52.47  -52.24  -52.24  -52.47  -52.70  -52.79  -52.88  -53.07  -53.35  -53.34  -53.45  -53.84  -54.16  -54.41  -54.53  -54.52  -54.56  -54.62  -54.69  -54.95  -55.02  -55.41
  200.00  -50.72  -51.37  -52.06  -52.30  -52.30  -52.28  -52.18  -52.02  -51.95  -52.01  -52.51  -52.36  -52.60  -53.34  -53.98  -54.31  -54.49  -54.69  -55.00  -55.24  -55.28  -55.45  -55.47  -55.99
  225.00  -50.75  -50.71  -51.28  -51.76  -52.09  -52.44  -52.83  -53.09  -53.21  -53.15  -53.94  -53.57  -53.29  -53.72  -54.37  -55.03  -55.79  -56.51  -57.33  -58.61  -59.12  -58.80  -58.23  -57.83
  250.00  -51.09  -50.73  -50.75  -51.01  -51.34  -51.86  -52.46  -52.93  -53.25  -53.50  -54.75  -54.92  -54.83  -55.13  -55.89  -56.93  -58.08  -58.91  -59.28  -59.28  -59.80  -60.30  -60.71  -59.93
  300.00  -48.27  -48.16  -48.00  -47.94  -47.99  -48.17  -48.35  -48.42  -48.48  -48.59  -48.68  -49.04  -49.55  -49.93  -50.08  -50.15  -50.20  -50.30  -50.53  -50.83  -50.88  -50.85  -51.11  -50.99
  350.00  -45.64  -45.05  -44.24  -43.51  -42.96  -42.53  -42.37  -42.47  -42.62  -42.50  -41.69  -41.50  -41.38  -41.17  -41.20  -41.29  -41.32  -41.36  -41.41  -41.31  -41.20  -41.21  -41.45  -41.83
  400.00  -41.03  -40.86  -40.53  -40.09  -39.41  -38.48  -37.75  -37.41  -37.39  -37.37  -36.75  -36.82  -36.61  -36.05  -35.36  -34.73  -34.22  -33.86  -33.46  -33.13  -33.15  -33.32  -33.77  -33.93
  450.00  -33.70  -33.72  -33.75  -33.76  -33.70  -33.45  -33.02  -32.54  -32.18  -31.87  -31.42  -31.35  -31.00  -30.43  -29.79  -29.32  -28.89  -28.44  -27.75  -26.79  -26.29  -26.10  -26.35  -26.32
  500.00  -26.97  -26.92  -26.92  -26.94  -26.98  -27.02  -26.99  -26.80  -26.45  -26.02  -25.60  -25.28  -24.77  -24.31  -23.98  -23.82  -23.26  -22.66  -22.28  -21.84  -20.94  -20.19  -19.97  -19.95
  550.00  -21.21  -21.07  -21.06  -21.15  -21.24  -21.33  -21.41  -21.40  -21.24  -20.92  -20.45  -19.94  -19.50  -19.28  -19.16  -18.80  -18.33  -17.93  -17.08  -16.59  -16.55  -16.18  -15.48  -15.16
  600.00  -16.80  -16.74  -16.81  -17.00  -17.12  -17.15  -17.18  -17.19  -17.14  -16.97  -16.36  -15.84  -15.47  -15.13  -14.82  -14.26  -13.99  -13.35  -12.91  -12.57  -12.35  -12.49  -11.93  -11.69
  650.00  -13.38  -13.50  -13.61  -13.77  -13.78  -13.65  -13.53  -13.46  -13.48  -13.46  -12.64  -12.20  -11.98  -11.54  -11.10  -10.83  -10.26   -9.58   -9.19   -9.03   -8.84   -8.67   -8.01   -7.95
  700.00  -10.50  -10.72  -10.81  -10.82  -10.70  -10.46  -10.21  -10.14  -10.36  -10.50   -9.13   -9.20   -9.29   -8.69   -8.14   -7.58   -6.94   -6.44   -6.07   -5.76   -5.54   -5.41   -4.98   -4.85
  750.00   -7.83   -7.94   -7.95   -7.95   -7.99   -7.93   -7.85   -7.90   -8.22   -8.21   -6.59   -6.70   -6.25   -5.69   -5.23   -4.67   -4.10   -3.86   -3.60   -3.27   -2.91   -2.54   -2.25   -2.07
  775.00   -7.59   -7.58   -7.57   -7.65   -7.79   -7.66   -7.44   -7.36   -7.22   -6.86   -5.36   -5.50   -5.04   -4.43   -3.87   -3.23   -2.79   -2.69   -2.51   -2.22   -1.88   -1.30   -0.64   -0.64
  800.00   -8.51   -8.19   -8.00   -7.94   -7.82   -7.56   -7.32   -6.91   -6.31   -5.56   -4.69   -4.67   -4.03   -3.35   -2.64   -1.97   -1.69   -1.66   -1.56   -1.36   -0.96   -0.27    0.79    0.74
  825.00   -8.29   -8.19   -7.92   -7.80   -7.66   -7.40   -7.01   -6.49   -5.62   -4.76   -4.51   -4.00   -3.15   -2.52   -1.79   -1.10   -0.87   -0.89   -0.87   -0.75   -0.35    0.39    1.89    2.10
  850.00   -7.38   -7.22   -7.09   -6.99   -6.79   -6.63   -6.40   -5.91   -5.04   -4.23   -4.40   -3.43   -2.60   -2.09   -1.41   -0.74   -0.53   -0.65   -0.63   -0.48   -0.09    0.72    2.44    3.28
  875.00   -6.14   -5.99   -5.85   -5.67   -5.50   -5.37   -5.24   -4.95   -4.24   -3.78   -4.12   -3.09   -2.51   -2.10   -1.49   -0.90   -0.64   -0.66   -0.58   -0.37    0.01    0.79    2.32    3.69
  900.00   -4.70   -4.57   -4.38   -4.24   -4.10   -4.03   -4.00   -3.79   -3.45   -3.21   -3.66   -3.09   -2.85   -2.37   -1.82   -1.06   -0.63   -0.55   -0.50   -0.27    0.12    0.78    1.79    3.15
  925.00   -2.97   -2.97   -2.94   -2.87   -2.81   -2.72   -2.66   -2.53   -2.35   -1.97   -3.22   -2.57   -1.95   -1.21   -0.51   -0.11    0.16    0.14    0.15    0.19    0.45    0.95    1.60    2.54
  950.00   -1.01   -0.99   -0.97   -0.93   -0.89   -0.86   -0.85   -0.87   -0.86   -0.66   -1.31   -0.51    0.20    0.99    1.79    1.88    2.03    1.61    1.22    1.13    1.29    1.86    2.06    2.49
  975.00    0.63    0.64    0.66    0.72    0.74    0.77    0.78    0.79    0.82    1.05    0.33    1.10    1.77    2.54    3.30    3.58    3.57    3.42    3.12    3.02    3.20    3.71    3.95    4.59
 1000.00    2.30    2.32    2.35    2.40    2.41    2.45    2.47    2.46    2.51    2.75    2.04    2.87    3.59    4.41    4.91    4.99    4.95    4.78    4.44    4.35    4.53    5.05    5.30    5.95
