#  level#  00:00#  01:00#  02:00#  03:00#  04:00#  05:00#  06:00#  07:00#  08:00#  09:00#  10:00#  11:00#  12:00#  13:00#  14:00#  15:00#  16:00#  17:00#  18:00#  19:00#  20:00#  21:00#  22:00#  23:00
    1.00   -3.70   -4.67   -5.74   -7.54   -9.17   -9.33   -8.79   -8.05   -7.66   -8.10   -7.39   -6.55   -6.10   -6.16   -5.04   -3.56   -1.91   -1.47   -1.04   -1.78   -2.57   -3.17   -4.32   -5.50
    2.00   -6.54   -6.82   -6.54   -5.79   -6.22   -6.72   -6.41   -8.22   -7.53   -5.84   -4.69   -4.83   -5.43   -5.43   -4.79   -3.28   -3.03   -1.19   -1.46   -1.79   -3.58   -4.38   -2.60   -3.17
    3.00  -10.58  -11.21  -12.03  -13.30  -15.27  -17.02  -16.21  -16.09  -15.57  -13.79  -12.33  -10.31   -8.94   -9.34  -10.52  -10.09  -11.15  -11.98  -10.03   -9.91  -10.05  -11.22  -11.47  -10.79
   10.00  -38.90  -39.57  -39.80  -39.81  -39.64  -38.39  -37.25  -37.55  -38.05  -37.12  -36.20  -36.46  -37.82  -38.93  -38.86  -37.56  -36.61  -36.72  -37.13  -36.85  -36.32  -35.69  -36.81  -38.46
   20.00  -47.20  -47.15  -47.33  -47.69  -47.56  -47.48  -47.70  -47.85  -46.97  -46.66  -46.99  -46.98  -46.97  -47.23  -47.28  -47.41  -47.49  -47.65  -47.65  -47.16  -46.76  -46.43  -45.67  -46.17
   30.00  -52.02  -51.84  -51.80  -52.26  -52.89  -53.29  -52.51  -52.48  -52.87  -52.46  -52.07  -51.45  -50.86  -50.74  -50.68  -51.09  -52.04  -52.10  -52.62  -52.99  -53.14  -53.02  -52.15  -52.17
   50.00  -58.13  -58.40  -58.31  -57.66  -57.28  -57.27  -57.00  -56.55  -56.47  -56.89  -57.48  -58.01  -58.22  -58.54  -58.42  -57.48  -56.64  -56.65  -56.41  -56.56  -56.47  -56.25  -56.38  -57.11
   70.00  -57.90  -58.17  -58.66  -58.88  -58.92  -59.08  -59.34  -59.36  -59.00  -58.75  -58.54  -58.32  -57.75  -57.60  -58.00  -58.05  -57.96  -57.80  -57.64  -57.64  -58.36  -58.90  -58.51  -58.16
  100.00  -59.42  -59.51  -59.80  -59.97  -59.94  -59.76  -59.74  -59.83  -59.97  -60.26  -60.89  -61.04  -60.96  -60.69  -60.80  -60.74  -60.53  -60.37  -60.32  -59.93  -59.24  -58.80  -59.18  -59.23
  125.00  -60.73  -60.75  -60.66  -60.54  -60.49  -60.37  -60.15  -59.92  -59.62  -59.48  -59.84  -60.09  -60.50  -60.60  -60.66  -60.86  -61.03  -61.15  -61.14  -61.01  -60.72  -60.51  -60.47  -60.58
  150.00  -61.24  -61.25  -61.14  -61.05  -61.04  -61.03  -61.11  -61.42  -61.48  -61.25  -60.03  -60.30  -60.92  -61.40  -61.48  -61.44  -61.31  -61.24  -61.14  -60.72  -60.46  -60.37  -59.97  -60.02
  175.00  -63.33  -63.20  -62.76  -62.44  -62.44  -62.27  -61.83  -61.71  -61.80  -61.72  -60.98  -60.67  -60.48  -60.60  -60.66  -60.67  -60.68  -60.74  -60.90  -60.74  -60.27  -59.90  -59.43  -59.44
  200.00  -60.92  -60.67  -60.47  -60.33  -60.36  -60.45  -60.32  -60.10  -59.97  -59.94  -59.89  -59.72  -59.32  -59.16  -59.11  -59.02  -58.88  -58.68  -58.51  -58.49  -58.26  -58.33  -58.59  -58.82
  225.00  -56.52  -56.39  -56.24  -56.11  -56.08  -56.21  -56.40  -56.53  -56.55  -56.48  -56.21  -56.35  -56.29  -56.05  -55.74  -55.55  -55.54  -55.57  -55.45  -55.49  -55.53  -55.68  -55.78  -55.41
  250.00  -51.03  -50.91  -50.72  -50.64  -50.67  -50.75  -50.88  -51.06  -51.23  -51.33  -51.21  -51.29  -51.29  -51.20  -51.02  -50.87  -50.85  -50.92  -50.96  -51.06  -51.15  -51.02  -50.69  -50.77
  300.00  -40.69  -40.69  -40.63  -40.58  -40.50  -40.42  -40.38  -40.45  -40.61  -40.75  -40.97  -41.08  -41.14  -41.12  -41.02  -40.96  -40.95  -41.01  -41.07  -41.14  -41.18  -41.01  -40.55  -40.36
  350.00  -31.82  -31.89  -31.86  -31.78  -31.77  -31.90  -31.95  -31.85  -31.83  -31.94  -31.98  -31.96  -32.01  -32.04  -31.89  -31.76  -31.69  -31.72  -31.77  -31.81  -31.88  -32.05  -31.97  -32.03
  400.00  -23.95  -24.04  -24.21  -24.39  -24.51  -24.67  -24.70  -24.69  -24.61  -24.52  -24.49  -24.26  -24.07  -23.95  -23.78  -23.65  -23.63  -23.64  -23.71  -23.83  -23.91  -23.95  -23.54  -23.71
  450.00  -17.35  -17.53  -17.82  -17.98  -18.00  -18.06  -18.10  -18.14  -18.11  -18.10  -18.02  -17.81  -17.53  -17.33  -17.00  -16.65  -16.56  -16.59  -16.53  -16.45  -16.60  -16.80  -16.39  -16.70
  500.00  -11.74  -11.86  -12.07  -12.23  -12.17  -12.20  -12.30  -12.43  -12.52  -12.44  -12.31  -11.91  -11.50  -11.35  -11.28  -11.07  -10.99  -10.97  -10.86  -10.88  -11.23  -11.66  -11.50  -11.65
  550.00   -7.70   -7.92   -7.90   -8.11   -8.17   -8.28   -8.33   -8.34   -8.27   -7.97   -7.90   -7.59   -7.03   -6.66   -6.68   -6.76   -6.86   -6.85   -6.79   -6.84   -7.03   -7.08   -7.07   -7.36
  600.00   -3.87   -4.08   -4.07   -4.18   -4.27   -4.18   -4.16   -4.05   -3.92   -3.83   -3.82   -3.83   -3.66   -3.49   -3.38   -3.20   -3.00   -2.84   -2.85   -2.93   -2.94   -2.86   -3.28   -3.47
  650.00    0.64    0.39    0.20    0.01   -0.11   -0.12   -0.22   -0.19   -0.16   -0.07    0.12    0.09    0.13    0.17    0.23    0.36    0.57    0.84    0.93    0.88    0.90    0.96    0.46    0.45
  700.00    5.01    4.78    4.55    4.30    4.07    3.88    3.78    3.84    3.92    4.06    3.99    4.10    4.32    4.48    4.56    4.64    4.81    4.98    5.00    4.86    4.69    4.47    4.18    4.21
  750.00    8.70    8.69    8.60    8.48    8.32    8.06    7.94    8.02    8.11    8.17    7.94    7.99    8.17    8.32    8.32    8.27    8.25    8.29    8.20    8.00    7.88    7.56    7.52    7.53
  775.00   10.30   10.31   10.18   10.01    9.87    9.66    9.62    9.73    9.79    9.72    9.42    9.48    9.71    9.80    9.75    9.60    9.34    9.11    8.74    8.38    8.26    8.02    8.24    8.55
  800.00   11.73   11.71   11.56   11.42   11.27   11.01   10.94   10.94   10.82   10.54   10.09   10.26   10.54   10.73   10.83   10.76   10.39    9.85    9.12    8.54    8.29    8.08    8.20    8.66
  825.00   12.96   12.87   12.66   12.54   12.37   12.07   11.97   11.78   11.42   10.99   10.38   10.56   10.86   11.03   11.24   11.32   11.10   10.57    9.67    9.06    8.85    8.61    8.41    8.52
  850.00   13.62   13.35   13.11   13.01   12.92   12.67   12.53   12.26   11.76   11.40   10.98   11.05   11.26   11.56   11.82   11.77   11.50   10.93   10.17    9.64    9.62    9.39    8.95    8.80
  875.00   13.60   13.19   12.79   12.79   12.81   12.64   12.31   11.71   11.44   11.30   11.29   11.68   11.55   10.97   11.05   11.34   11.28   10.93    9.92    9.48    9.41    9.72    9.45    9.28
  900.00   13.02   12.58   12.07   12.12   12.23   12.00   11.69   11.40   11.24   11.43   11.44   11.56   11.66   11.68   11.65   11.49   11.51   11.15   10.83   10.37   10.17   10.18    9.64    9.75
  925.00   12.31   12.26   12.21   12.14   12.07   12.04   11.98   11.78   11.73   11.99   11.95   12.22   12.62   13.08   12.94   12.92   12.96   12.62   12.37   11.98   11.80   11.73   11.04   10.76
  950.00   13.20   13.15   13.10   13.08   13.01   13.08   13.15   13.10   13.14   13.51   13.30   13.87   14.14   14.44   14.28   14.23   14.39   14.08   13.74   13.31   13.09   12.92   12.34   11.78
  975.00   15.09   15.02   14.96   14.92   14.88   14.78   14.83   15.07   15.17   15.25   15.24   15.84   16.24   16.48   16.15   15.88   15.99   15.64   15.35   14.88   14.53   14.24   13.79   13.45
 1000.00   16.44   16.39   16.34   16.29   16.29   16.16   16.19   16.25   16.28   16.65   16.60   17.12   17.46   17.70   17.47   17.25   17.30   16.96   16.76   16.37   16.05   15.76   15.38   15.11
