#  level#  00:00#  01:00#  02:00#  03:00#  04:00#  05:00#  06:00#  07:00#  08:00#  09:00#  10:00#  11:00#  12:00#  13:00#  14:00#  15:00#  16:00#  17:00#  18:00#  19:00#  20:00#  21:00#  22:00#  23:00
    1.00   -7.85   -7.17   -6.11   -8.58   -9.95   -8.95   -8.88   -8.66   -9.12   -8.68  -10.49   -9.86   -9.02   -6.35   -5.62   -5.41   -5.06   -5.37   -4.65   -3.87   -4.11   -4.50   -5.90   -6.11
    2.00   -4.85   -7.09   -8.05   -7.34   -9.68  -10.34  -10.76  -10.75   -8.45   -9.28   -7.17   -5.76   -7.84   -7.46   -7.14   -7.30   -6.40   -5.60   -6.26   -5.33   -4.95   -4.89   -4.68   -6.18
    3.00  -13.28  -12.01  -14.48  -11.99  -12.99  -16.42  -16.36  -17.72  -17.62  -15.45  -15.93  -13.88  -11.37  -12.96  -11.95  -10.92  -11.95  -11.51  -12.19  -14.33  -15.61  -16.04  -15.84  -13.26
   10.00  -38.50  -38.13  -35.99  -38.05  -39.39  -38.55  -38.51  -38.73  -39.17  -37.86  -36.83  -37.48  -37.53  -36.25  -36.84  -37.72  -38.29  -37.31  -36.94  -36.97  -38.32  -38.76  -38.99  -39.35
   20.00  -46.68  -47.35  -48.68  -48.05  -46.35  -46.86  -46.98  -46.60  -46.17  -45.80  -46.42  -45.75  -45.28  -46.00  -47.20  -47.23  -46.35  -45.93  -45.85  -45.53  -45.54  -45.70  -45.87  -46.17
   30.00  -52.02  -51.70  -51.57  -51.63  -51.29  -51.02  -51.92  -52.55  -52.01  -51.65  -51.55  -51.43  -52.06  -51.81  -51.02  -51.16  -51.49  -51.21  -50.93  -50.85  -50.60  -50.70  -51.02  -51.06
   50.00  -56.34  -56.62  -56.28  -55.94  -56.20  -56.67  -56.81  -56.57  -56.58  -56.65  -55.99  -55.51  -55.58  -56.07  -56.40  -56.11  -55.95  -56.26  -56.48  -56.40  -56.32  -56.14  -55.99  -56.00
   70.00  -59.24  -58.86  -58.32  -57.89  -57.94  -58.08  -58.04  -57.82  -57.75  -57.83  -58.08  -58.21  -58.32  -58.52  -58.93  -58.97  -58.48  -58.01  -57.88  -57.76  -57.47  -57.53  -58.04  -58.36
  100.00  -55.33  -55.25  -55.60  -56.04  -56.39  -56.68  -56.71  -56.27  -55.85  -55.85  -56.44  -56.70  -56.63  -56.44  -56.41  -56.51  -56.47  -56.27  -56.30  -56.52  -56.60  -56.60  -56.85  -56.88
  125.00  -54.88  -54.64  -54.54  -54.53  -54.54  -54.79  -55.29  -55.64  -55.47  -54.96  -55.00  -55.28  -55.58  -55.53  -55.50  -55.65  -55.94  -55.91  -55.69  -55.66  -55.80  -55.88  -55.96  -55.79
  150.00  -52.91  -52.86  -52.73  -52.56  -52.33  -52.24  -52.43  -52.97  -53.39  -53.31  -53.32  -53.54  -53.83  -53.78  -53.69  -53.65  -53.79  -53.89  -53.69  -53.49  -53.56  -53.69  -53.53  -53.34
  175.00  -51.52  -51.89  -51.96  -51.94  -51.95  -51.94  -51.67  -51.68  -52.03  -52.32  -51.88  -51.98  -52.34  -52.47  -52.34  -52.55  -53.03  -53.63  -53.84  -53.92  -54.17  -54.35  -53.95  -53.81
  200.00  -52.29  -52.56  -52.58  -52.43  -52.33  -52.52  -52.49  -52.54  -52.68  -53.05  -53.40  -54.32  -55.09  -55.86  -56.29  -56.38  -56.39  -56.38  -56.40  -56.25  -55.93  -55.71  -55.65  -55.89
  225.00  -54.42  -54.89  -55.17  -55.00  -54.61  -54.41  -54.34  -54.21  -54.47  -54.80  -55.34  -55.57  -56.06  -56.05  -56.43  -56.61  -56.51  -56.27  -55.82  -55.41  -55.27  -55.26  -55.04  -54.73
  250.00  -54.19  -54.42  -54.74  -54.86  -54.76  -54.56  -54.55  -54.34  -54.16  -54.41  -55.11  -54.34  -53.70  -54.28  -54.54  -54.35  -54.18  -54.09  -53.76  -53.18  -52.75  -52.56  -52.15  -51.93
  300.00  -47.35  -47.23  -47.15  -47.19  -47.30  -47.41  -47.56  -47.64  -47.59  -47.44  -46.96  -46.83  -46.49  -45.98  -45.68  -45.36  -44.98  -45.05  -45.40  -45.60  -45.37  -44.56  -43.75  -43.63
  350.00  -38.91  -38.79  -38.73  -38.79  -38.91  -38.96  -38.98  -39.02  -38.94  -38.72  -38.08  -37.47  -37.17  -37.13  -36.84  -36.13  -35.94  -35.77  -35.77  -35.97  -36.29  -36.58  -36.80  -36.43
  400.00  -31.13  -31.10  -31.13  -31.25  -31.39  -31.50  -31.51  -31.53  -31.49  -31.40  -31.17  -30.71  -30.16  -29.59  -29.02  -28.92  -28.84  -28.46  -28.06  -28.02  -28.23  -28.52  -29.03  -29.14
  450.00  -24.60  -24.50  -24.52  -24.56  -24.57  -24.53  -24.47  -24.47  -24.52  -24.52  -24.60  -24.34  -24.07  -23.73  -23.25  -23.12  -22.84  -22.34  -21.97  -21.75  -21.79  -21.87  -22.04  -22.11
  500.00  -19.40  -19.20  -19.11  -19.06  -18.95  -18.72  -18.42  -18.22  -18.09  -17.93  -18.05  -17.95  -17.85  -17.72  -17.54  -17.42  -17.26  -17.05  -16.98  -16.89  -16.71  -16.63  -16.53  -16.43
  550.00  -14.55  -14.37  -14.20  -14.13  -14.10  -13.96  -13.68  -13.32  -12.93  -12.50  -12.36  -12.29  -12.23  -12.04  -11.90  -11.85  -11.84  -11.96  -12.13  -12.44  -12.45  -12.29  -12.17  -12.01
  600.00   -9.57   -9.52   -9.41   -9.35   -9.40   -9.44   -9.36   -9.08   -8.66   -8.22   -8.24   -8.27   -8.19   -7.85   -7.73   -7.72   -7.71   -7.91   -8.16   -8.54   -8.62   -8.56   -8.28   -8.24
  650.00   -5.11   -5.06   -4.98   -4.91   -4.98   -5.12   -5.17   -4.99   -4.69   -4.41   -4.64   -4.52   -4.36   -4.19   -4.44   -4.57   -4.61   -4.85   -5.11   -5.32   -5.24   -5.13   -4.83   -4.88
  700.00   -1.77   -1.65   -1.59   -1.41   -1.30   -1.27   -1.29   -1.12   -0.85   -0.68   -0.80   -0.68   -0.60   -0.55   -0.81   -0.96   -1.12   -1.48   -1.81   -2.00   -1.92   -1.88   -1.88   -2.27
  750.00    0.26    0.41    0.40    0.44    0.54    0.82    0.99    1.44    2.03    2.20    2.21    2.50    2.69    2.86    2.64    2.37    2.15    1.78    1.33    0.89    0.70    0.74    0.68    0.46
  775.00    1.21    1.20    1.16    1.26    1.39    1.63    1.77    2.10    2.62    2.78    2.77    3.31    3.93    4.26    4.00    3.79    3.62    3.29    2.86    2.54    2.31    2.26    2.12    1.99
  800.00    2.65    2.49    2.40    2.49    2.62    2.76    2.84    3.01    3.31    3.44    3.52    4.13    4.73    4.66    4.43    4.78    5.04    4.71    4.35    4.14    4.16    3.81    3.28    3.09
  825.00    4.29    4.14    4.04    4.06    4.15    4.19    4.23    4.36    4.55    4.60    4.91    5.42    4.90    5.17    5.71    6.23    6.62    6.24    5.80    5.54    5.43    5.07    4.39    4.21
  850.00    5.74    5.74    5.71    5.65    5.70    5.72    5.73    5.81    5.86    5.89    6.19    6.05    5.95    6.36    7.29    8.04    8.33    7.91    7.27    6.80    6.53    6.19    5.64    5.58
  875.00    6.94    6.99    7.03    7.05    7.04    7.04    6.97    7.01    7.09    6.90    7.00    7.14    7.40    7.81    8.57    9.01    9.44    9.19    8.59    7.98    7.56    7.20    6.84    6.90
  900.00    7.96    7.98    8.04    8.00    7.99    7.93    7.84    7.88    7.98    7.82    8.20    8.57    9.12    9.53    9.93   10.27   10.15   10.07    9.61    9.05    8.59    8.27    7.96    7.97
  925.00    8.97    8.99    9.02    9.06    9.10    9.04    8.95    8.91    8.86    9.30    9.81   10.33   11.04   11.42   11.63   11.76   11.51   10.90   10.35   10.01    9.55    9.32    9.12    9.00
  950.00   10.21   10.15   10.14   10.13   10.18   10.31   10.26   10.13   10.39   11.00   11.53   12.09   12.85   13.22   13.38   13.46   13.16   12.53   11.88   11.25   10.89   10.63   10.45   10.35
  975.00   11.69   11.54   11.45   11.37   11.32   11.31   11.40   11.79   12.26   12.84   13.14   13.70   14.32   14.57   14.69   14.74   14.40   13.77   13.19   12.73   12.46   12.26   12.03   11.87
 1000.00   13.47   13.31   13.16   13.03   12.99   13.05   13.11   13.23   13.73   14.36   14.74   15.25   15.72   15.74   15.72   15.83   15.65   15.24   14.85   14.43   14.17   13.97   13.76   13.60
