#  level#  00:00#  01:00#  02:00#  03:00#  04:00#  05:00#  06:00#  07:00#  08:00#  09:00#  10:00#  11:00#  12:00#  13:00#  14:00#  15:00#  16:00#  17:00#  18:00#  19:00#  20:00#  21:00#  22:00#  23:00
    1.00   -6.43   -5.98   -6.50   -7.48   -8.80  -10.60  -11.84  -12.53  -12.05  -11.24   -8.87   -7.64   -7.76   -7.49   -5.83   -4.88   -5.28   -6.65   -4.83   -4.42   -5.97   -7.83   -5.75   -5.94
    2.00   -5.98   -6.17   -7.02   -7.87   -7.81   -7.19   -5.62   -4.47   -5.89   -7.04   -8.18   -8.18   -5.88   -4.28   -3.81   -3.21   -1.77    0.16   -1.00   -3.60   -5.50   -3.96   -6.69   -5.32
    3.00  -11.39  -10.48   -9.90  -10.02  -11.20  -12.46  -14.31  -15.21  -14.47  -12.22  -10.25  -10.96  -11.59  -11.26  -10.94  -10.84  -10.39   -9.28   -8.42   -7.52   -9.04   -9.70  -10.12  -13.48
   10.00  -41.28  -42.67  -43.18  -43.40  -43.66  -44.60  -44.70  -43.45  -43.29  -42.19  -40.97  -41.54  -42.25  -43.13  -42.62  -41.02  -40.39  -40.38  -40.22  -41.01  -41.29  -41.67  -42.09  -43.17
   20.00  -52.70  -53.03  -52.43  -51.20  -50.38  -50.06  -50.40  -51.17  -51.23  -51.14  -51.85  -52.06  -51.39  -49.62  -48.61  -49.09  -49.50  -49.74  -50.16  -50.54  -51.05  -50.66  -51.16  -50.41
   30.00  -52.67  -52.69  -53.40  -53.64  -54.23  -55.05  -55.62  -55.93  -56.12  -55.63  -54.50  -53.61  -53.87  -54.93  -55.65  -55.79  -55.14  -53.96  -53.83  -54.51  -55.18  -54.68  -54.18  -54.00
   50.00  -55.46  -55.01  -55.30  -55.87  -55.88  -55.78  -55.67  -55.69  -55.55  -55.43  -55.82  -55.96  -56.17  -56.50  -56.26  -55.64  -55.05  -54.95  -54.98  -55.03  -55.53  -56.12  -55.97  -55.93
   70.00  -55.04  -55.07  -54.61  -54.51  -54.56  -54.63  -54.70  -54.97  -55.23  -55.07  -54.27  -54.15  -54.09  -54.36  -54.48  -54.34  -54.10  -54.13  -54.23  -54.12  -54.02  -54.35  -55.39  -55.16
  100.00  -53.24  -52.90  -52.91  -53.15  -53.39  -53.41  -53.52  -53.75  -54.01  -54.22  -54.21  -53.98  -53.88  -53.69  -53.64  -53.73  -53.94  -54.44  -55.00  -55.23  -54.94  -54.25  -53.74  -54.45
  125.00  -51.98  -52.02  -51.98  -51.79  -51.82  -51.99  -52.07  -52.14  -52.32  -52.66  -53.42  -53.29  -53.20  -53.44  -53.66  -53.83  -53.62  -53.14  -53.01  -53.41  -53.88  -53.94  -53.45  -53.46
  150.00  -49.96  -50.53  -50.90  -50.86  -50.71  -50.84  -50.85  -50.66  -50.47  -50.49  -51.14  -51.29  -51.07  -51.12  -51.38  -52.04  -52.67  -52.65  -52.09  -51.67  -51.84  -52.10  -52.06  -51.64
  175.00  -48.62  -49.14  -49.42  -49.74  -49.92  -50.18  -50.41  -50.49  -50.45  -50.59  -50.78  -51.33  -51.14  -50.85  -50.54  -50.85  -51.52  -52.04  -52.20  -52.06  -51.96  -52.08  -52.01  -51.81
  200.00  -48.25  -48.79  -48.81  -49.14  -49.81  -50.62  -51.32  -51.94  -52.27  -52.42  -51.79  -52.77  -53.64  -54.38  -54.39  -53.97  -53.90  -54.44  -55.12  -55.33  -55.20  -54.61  -53.73  -54.05
  225.00  -52.20  -53.09  -53.57  -53.71  -53.89  -54.32  -55.02  -55.70  -56.44  -56.99  -56.94  -57.56  -57.99  -58.24  -58.55  -58.70  -58.51  -58.27  -58.59  -58.92  -59.29  -59.80  -61.03  -60.73
  250.00  -54.53  -54.81  -55.05  -55.42  -55.93  -56.34  -56.68  -56.91  -57.39  -57.65  -57.54  -57.39  -57.13  -57.30  -57.58  -57.41  -57.33  -57.26  -56.97  -56.70  -56.46  -56.22  -56.60  -56.67
  300.00  -48.14  -48.29  -48.43  -48.66  -48.71  -48.60  -48.36  -48.16  -47.90  -47.86  -47.49  -47.34  -47.05  -46.76  -46.42  -46.28  -46.34  -46.32  -46.24  -46.22  -46.18  -46.06  -45.85  -46.08
  350.00  -40.12  -39.80  -39.75  -39.78  -39.74  -39.64  -39.53  -39.27  -39.09  -38.84  -38.17  -37.92  -37.65  -37.37  -37.02  -36.99  -36.90  -36.75  -36.66  -36.84  -36.94  -37.04  -36.57  -36.55
  400.00  -35.05  -34.29  -33.84  -33.37  -33.08  -32.70  -32.17  -31.70  -31.50  -31.24  -30.88  -30.78  -30.49  -30.24  -30.11  -29.89  -29.30  -28.96  -29.06  -29.39  -29.53  -29.63  -29.29  -29.14
  450.00  -29.12  -29.09  -29.05  -28.61  -27.85  -27.39  -27.08  -26.85  -26.45  -26.06  -25.63  -25.17  -24.69  -24.34  -24.15  -23.88  -23.41  -23.24  -23.11  -22.94  -22.99  -23.17  -23.28  -23.24
  500.00  -23.72  -23.81  -23.81  -23.40  -22.82  -22.17  -21.62  -21.17  -20.73  -20.35  -20.12  -19.79  -19.63  -19.42  -19.15  -18.78  -18.55  -18.32  -17.95  -17.66  -17.67  -17.72  -17.67  -17.86
  550.00  -18.79  -18.83  -18.86  -18.65  -18.26  -17.71  -17.21  -16.78  -16.25  -15.67  -15.27  -14.79  -14.67  -14.60  -14.46  -14.21  -13.98  -13.79  -13.60  -13.32  -13.20  -13.13  -12.96  -13.00
  600.00  -14.18  -14.12  -14.12  -14.03  -13.77  -13.43  -13.11  -12.81  -12.43  -12.01  -11.22  -10.63  -10.53  -10.43  -10.22   -9.98  -10.02  -10.01   -9.94   -9.73   -9.70   -9.63   -9.14   -9.22
  650.00   -9.94   -9.79   -9.81   -9.76   -9.63   -9.60   -9.52   -9.23   -8.90   -8.56   -7.90   -7.45   -7.35   -7.12   -6.88   -6.82   -6.92   -6.89   -6.90   -6.80   -6.71   -6.38   -6.22   -6.20
  700.00   -6.63   -6.33   -6.24   -6.21   -6.28   -6.52   -6.61   -6.37   -6.09   -5.81   -5.61   -5.28   -4.97   -4.63   -4.43   -4.45   -4.52   -4.44   -4.24   -3.96   -3.61   -3.36   -3.60   -3.42
  750.00   -3.76   -3.42   -3.13   -3.04   -3.10   -3.28   -3.35   -3.34   -3.33   -3.21   -3.43   -3.07   -2.56   -2.27   -2.13   -2.23   -2.26   -2.21   -1.99   -1.62   -1.05   -0.94   -0.85   -0.58
  775.00   -2.35   -2.09   -1.77   -1.71   -1.84   -1.98   -1.95   -1.89   -1.87   -1.74   -2.08   -1.68   -1.15   -0.99   -1.01   -1.10   -1.09   -1.13   -1.07   -0.69   -0.37   -0.29   -0.03    0.32
  800.00   -0.75   -0.60   -0.47   -0.58   -0.76   -0.90   -0.83   -0.69   -0.61   -0.43   -0.75   -0.39    0.11    0.25    0.12    0.11    0.14   -0.05   -0.12    0.02    0.02    0.19    0.44    1.00
  825.00    0.98    1.02    0.93    0.72    0.54    0.45    0.53    0.63    0.70    0.87    0.56    0.72    1.09    1.21    1.24    1.09    1.21    1.06    0.80    0.75    1.00    1.56    1.95    2.43
  850.00    2.59    2.63    2.50    2.26    2.15    2.17    2.20    2.22    2.19    2.19    1.99    1.69    2.01    2.30    2.43    2.57    2.79    2.89    2.58    2.61    2.87    3.25    3.63    3.79
  875.00    4.29    4.25    4.07    3.83    3.72    3.79    3.90    3.94    3.88    3.45    3.48    3.52    3.42    3.39    3.55    3.85    4.28    4.50    4.22    4.30    4.68    4.80    5.13    5.20
  900.00    5.85    5.87    5.70    5.44    5.36    5.39    5.46    5.42    5.35    5.53    5.08    5.18    5.18    5.09    4.94    5.09    5.48    5.55    5.42    5.64    6.03    6.23    6.45    6.59
  925.00    6.99    7.15    7.10    6.96    6.88    6.88    6.87    6.80    6.72    7.05    6.80    6.92    6.91    6.67    6.48    6.43    6.61    6.63    6.50    6.70    7.04    7.41    7.59    7.83
  950.00    7.94    8.13    8.22    8.23    8.21    8.14    8.08    7.99    8.02    8.52    8.40    8.53    8.45    8.19    8.21    8.26    8.31    8.21    8.07    8.17    8.33    8.67    8.67    9.00
  975.00    9.44    9.49    9.51    9.48    9.47    9.44    9.39    9.35    9.58   10.12    9.76    9.88    9.93    9.75    9.72    9.70    9.72    9.65    9.50    9.61    9.85   10.25   10.27   10.56
 1000.00   11.18   11.22   11.21   11.19   11.19   11.15   11.09   11.04   11.25   11.77   11.42   11.56   11.64   11.43   11.39   11.37   11.37   11.32   11.22   11.32   11.56   11.97   11.95   12.23
