#  level#  00:00#  01:00#  02:00#  03:00#  04:00#  05:00#  06:00#  07:00#  08:00#  09:00#  10:00#  11:00#  12:00#  13:00#  14:00#  15:00#  16:00#  17:00#  18:00#  19:00#  20:00#  21:00#  22:00#  23:00
    1.00  -13.26  -14.75  -16.30  -16.75  -17.58  -18.23  -18.93  -19.35  -19.03  -18.56  -17.28  -16.29  -15.91  -15.24  -14.78  -15.37  -15.97  -16.11  -15.78  -16.07  -16.40  -16.44  -15.06  -14.48
    2.00   -2.81   -3.59   -5.91   -7.67   -7.26   -7.95   -9.53  -10.98  -12.24  -12.06  -10.97  -11.21   -9.22   -8.34   -8.13   -9.03   -9.94   -9.85   -9.12   -6.90   -4.73   -5.06   -6.60   -7.55
    3.00  -17.87  -18.09  -19.29  -21.41  -21.51  -20.18  -20.13  -21.11  -21.05  -20.89  -21.68  -21.77  -21.50  -21.27  -19.41  -18.25  -18.49  -19.11  -20.09  -19.98  -18.92  -16.72  -15.24  -15.13
   10.00  -51.94  -51.84  -51.22  -51.63  -51.33  -50.56  -49.60  -48.39  -47.87  -48.36  -48.20  -48.08  -47.42  -47.52  -47.39  -46.54  -46.58  -47.65  -48.72  -49.28  -48.84  -48.94  -50.72  -50.76
   20.00  -59.69  -59.15  -58.96  -58.65  -58.72  -58.48  -57.78  -57.19  -57.08  -56.69  -56.76  -56.64  -56.37  -56.85  -57.46  -57.94  -57.92  -58.38  -58.80  -58.76  -58.85  -58.86  -58.40  -58.37
   30.00  -61.15  -61.58  -62.00  -62.54  -62.83  -63.06  -63.46  -63.92  -64.28  -64.51  -64.36  -64.96  -65.07  -64.76  -64.20  -64.08  -63.59  -62.48  -61.80  -61.60  -61.78  -62.62  -64.50  -64.67
   50.00  -62.56  -62.57  -62.48  -62.78  -63.02  -63.25  -63.27  -63.60  -63.98  -64.10  -63.43  -63.55  -64.12  -64.37  -64.63  -64.94  -65.66  -66.26  -66.55  -66.91  -67.10  -66.84  -66.28  -66.56
   70.00  -68.32  -67.61  -67.28  -66.94  -67.21  -68.28  -69.13  -69.61  -70.17  -70.50  -70.95  -71.18  -71.77  -72.29  -72.49  -72.62  -72.63  -72.69  -72.54  -71.91  -71.92  -72.08  -72.17  -72.11
  100.00  -67.21  -67.75  -67.24  -66.84  -67.11  -67.18  -66.75  -66.83  -68.77  -69.52  -68.54  -67.75  -67.07  -67.17  -67.55  -67.42  -67.37  -67.70  -68.31  -68.70  -68.77  -68.86  -68.91  -69.11
  125.00  -62.15  -61.56  -62.83  -64.71  -65.29  -65.39  -65.96  -65.89  -64.69  -63.96  -64.24  -65.34  -65.25  -64.66  -64.63  -65.42  -66.22  -66.49  -66.55  -66.73  -66.84  -66.70  -66.17  -65.99
  150.00  -67.77  -69.45  -68.43  -67.57  -67.86  -67.99  -67.39  -66.61  -66.32  -66.94  -67.06  -66.83  -66.84  -67.22  -67.70  -67.61  -66.86  -66.51  -66.53  -66.36  -65.95  -65.62  -64.81  -64.70
  175.00  -70.64  -70.23  -70.57  -70.45  -69.98  -69.21  -68.52  -68.36  -68.49  -68.44  -69.10  -68.74  -68.60  -68.71  -68.67  -68.39  -67.86  -67.19  -66.68  -66.57  -66.60  -66.58  -66.41  -66.19
  200.00  -65.11  -64.94  -65.13  -64.83  -64.49  -64.29  -63.97  -63.96  -63.83  -63.10  -63.45  -63.44  -63.40  -63.41  -63.09  -63.09  -63.33  -63.48  -63.74  -64.03  -64.05  -63.88  -64.09  -63.93
  225.00  -59.94  -59.60  -59.30  -59.13  -58.94  -58.83  -58.92  -59.07  -58.95  -58.70  -58.45  -58.33  -58.47  -58.54  -58.39  -58.31  -58.50  -58.70  -58.85  -58.81  -58.73  -58.67  -59.07  -59.13
  250.00  -54.65  -54.41  -54.20  -53.95  -53.88  -53.71  -53.62  -53.61  -53.66  -53.60  -53.07  -53.04  -53.00  -52.90  -52.83  -52.93  -53.14  -53.27  -53.24  -53.11  -52.92  -52.84  -53.14  -53.34
  300.00  -44.29  -44.27  -43.95  -43.79  -43.79  -43.82  -43.74  -43.52  -43.26  -43.18  -43.15  -43.01  -42.97  -43.08  -43.16  -43.17  -43.08  -42.98  -42.99  -42.99  -43.08  -43.22  -43.11  -43.21
  350.00  -35.37  -35.37  -35.38  -35.45  -35.38  -35.23  -35.14  -35.00  -35.05  -34.94  -34.48  -34.40  -34.23  -34.12  -34.05  -34.06  -33.96  -33.82  -33.80  -33.95  -34.11  -34.22  -34.12  -34.21
  400.00  -27.46  -27.40  -27.48  -27.61  -27.70  -27.89  -27.79  -27.57  -27.47  -27.31  -27.15  -26.77  -26.44  -26.26  -26.00  -25.87  -25.82  -25.65  -25.51  -25.60  -25.80  -26.00  -26.15  -26.33
  450.00  -20.64  -20.46  -20.48  -20.62  -20.89  -21.03  -21.03  -20.92  -20.66  -20.60  -20.99  -20.86  -20.63  -20.50  -20.16  -19.54  -19.29  -19.26  -19.09  -18.95  -18.99  -18.99  -19.02  -18.97
  500.00  -15.37  -15.06  -14.86  -14.90  -15.19  -15.30  -15.32  -15.24  -15.02  -14.75  -14.44  -14.47  -14.59  -14.75  -14.89  -14.80  -14.53  -14.32  -14.12  -13.81  -13.53  -13.34  -13.41  -13.11
  550.00  -10.70  -10.32   -9.94   -9.86   -9.95   -9.89   -9.95   -9.95   -9.75   -9.46   -8.92   -8.81   -8.81   -8.96   -9.15   -9.33   -9.42   -9.44   -9.38   -9.09   -8.68   -8.32   -8.44   -8.14
  600.00   -6.53   -6.10   -5.71   -5.59   -5.49   -5.22   -5.11   -5.00   -4.91   -4.75   -4.41   -4.24   -4.07   -3.95   -3.89   -3.96   -4.08   -4.18   -4.24   -4.14   -3.93   -3.70   -3.76   -3.43
  650.00   -3.02   -2.51   -2.14   -2.06   -1.87   -1.58   -1.37   -1.11   -0.94   -0.82   -0.69   -0.55   -0.32   -0.10    0.20    0.40    0.51    0.59    0.61    0.69    0.83    0.94    1.25    1.32
  700.00   -0.17    0.23    0.58    0.72    1.17    1.60    1.89    2.18    2.35    2.48    2.85    2.87    2.92    2.99    3.25    3.48    3.68    3.93    4.10    4.34    4.65    4.87    5.46    5.55
  750.00    3.03    2.98    2.80    2.63    3.13    3.82    4.43    4.93    5.15    5.26    5.86    5.74    5.58    5.55    5.66    5.74    5.79    5.89    5.92    6.11    6.46    6.81    6.75    7.09
  775.00    4.50    4.26    3.86    3.50    3.88    4.50    5.18    5.78    6.09    6.32    7.23    6.98    6.77    6.69    6.66    6.64    6.61    6.59    6.57    6.70    6.91    7.17    6.74    7.04
  800.00    5.53    5.22    4.77    4.32    4.52    4.98    5.62    6.18    6.56    6.96    8.09    7.84    7.70    7.61    7.61    7.59    7.51    7.40    7.32    7.38    7.50    7.61    7.02    7.20
  825.00    5.86    5.61    5.28    4.95    4.99    5.26    5.80    6.24    6.57    7.05    7.76    7.88    7.91    7.98    8.15    8.25    8.27    8.19    8.10    8.17    8.24    8.28    7.47    7.49
  850.00    5.61    5.54    5.37    5.31    5.44    5.49    5.76    6.09    6.32    6.70    6.42    6.88    7.10    7.41    7.77    8.05    8.29    8.40    8.42    8.51    8.56    8.60    7.83    7.69
  875.00    5.18    5.25    5.30    5.55    5.90    5.87    5.83    5.93    6.00    6.18    4.54    4.65    4.88    4.95    5.18    5.75    6.39    7.03    7.67    8.23    8.51    8.65    7.90    7.87
  900.00    4.44    4.46    4.56    4.75    5.05    5.16    5.14    5.01    4.84    4.84    2.77    2.77    2.55    3.35    4.36    5.18    5.71    6.39    7.01    7.33    7.40    7.45    6.57    6.70
  925.00    4.93    4.64    4.36    4.22    4.23    4.12    3.99    3.87    3.77    3.79    1.50    2.46    3.91    5.30    6.54    7.38    7.76    7.73    7.68    7.66    7.57    7.42    6.61    6.46
  950.00    5.81    5.43    5.11    4.94    4.88    4.70    4.51    4.34    4.19    4.16    2.41    4.16    5.80    7.17    8.38    9.18    9.52    9.36    9.03    8.71    8.43    8.16    7.38    7.18
  975.00    7.46    7.09    6.75    6.51    6.37    6.17    6.02    5.85    5.70    5.68    3.69    5.51    7.13    8.50    9.71   10.52   10.89   10.76   10.48   10.20    9.94    9.70    8.84    8.66
 1000.00    8.87    8.48    8.15    7.96    7.84    7.67    7.51    7.32    7.15    7.10    5.09    6.86    8.46    9.82   11.06   11.87   12.26   12.15   11.89   11.63   11.38   11.15   10.29   10.11
