#  level#  00:00#  01:00#  02:00#  03:00#  04:00#  05:00#  06:00#  07:00#  08:00#  09:00#  10:00#  11:00#  12:00#  13:00#  14:00#  15:00#  16:00#  17:00#  18:00#  19:00#  20:00#  21:00#  22:00#  23:00
    1.00  -16.51  -16.51  -16.91  -18.60  -19.73  -18.09  -16.26  -15.21  -16.56  -15.26  -13.02  -11.66  -11.19   -8.84   -5.67   -5.36   -6.13   -5.89   -4.85   -5.68   -7.33   -9.12  -11.15  -11.73
    2.00  -14.23  -15.45  -14.56  -14.64  -15.44  -16.08  -16.47  -16.12  -14.60  -13.42  -12.81  -13.98  -13.76  -13.45  -12.76  -12.44  -12.14  -11.68  -10.30   -7.89   -6.49   -6.34   -6.48   -6.27
    3.00  -15.64  -17.50  -18.52  -18.35  -19.09  -21.01  -21.28  -21.84  -21.04  -20.33  -17.59  -17.43  -17.29  -17.49  -16.63  -14.66  -14.31  -14.25  -15.67  -16.53  -16.36  -15.55  -15.04  -15.07
   10.00  -39.30  -39.95  -40.07  -39.86  -39.20  -38.47  -38.50  -38.70  -38.32  -38.49  -38.87  -38.18  -37.40  -37.56  -37.26  -37.58  -38.35  -38.74  -39.04  -38.95  -39.08  -38.15  -37.06  -38.17
   20.00  -47.66  -48.17  -47.93  -47.47  -47.20  -46.93  -45.80  -45.36  -45.98  -46.87  -47.28  -48.01  -48.46  -47.91  -47.06  -46.24  -45.74  -44.82  -44.83  -45.53  -46.32  -46.95  -48.13  -48.06
   30.00  -52.92  -53.64  -53.89  -53.57  -53.07  -53.11  -53.04  -52.46  -51.92  -52.30  -52.96  -52.80  -52.95  -53.61  -54.00  -53.99  -53.56  -53.47  -53.00  -52.46  -52.18  -52.24  -52.21  -51.91
   50.00  -58.44  -57.80  -57.77  -57.67  -57.88  -58.24  -58.60  -59.09  -59.43  -59.27  -58.73  -57.90  -57.17  -57.08  -57.02  -57.45  -57.96  -58.09  -58.22  -58.54  -58.12  -57.71  -57.53  -57.13
   70.00  -60.63  -60.80  -60.85  -60.90  -60.90  -60.87  -60.60  -60.36  -60.11  -59.82  -59.55  -59.79  -59.97  -59.87  -59.98  -59.91  -60.02  -60.06  -59.70  -59.64  -60.07  -59.90  -59.76  -59.72
  100.00  -63.92  -63.87  -63.89  -63.99  -63.94  -64.05  -64.13  -64.08  -64.08  -63.93  -63.31  -62.79  -62.93  -62.86  -62.67  -62.67  -62.73  -62.88  -63.31  -63.17  -62.71  -62.48  -62.27  -62.08
  125.00  -63.04  -62.87  -62.77  -62.75  -62.66  -62.58  -62.79  -62.88  -62.81  -62.98  -63.19  -62.92  -62.80  -62.85  -62.67  -62.35  -61.88  -60.75  -60.22  -60.10  -59.91  -59.49  -58.65  -58.58
  150.00  -60.35  -60.22  -60.08  -59.86  -59.63  -59.24  -59.07  -59.04  -58.69  -58.49  -58.75  -58.50  -58.18  -58.00  -57.86  -57.90  -57.75  -57.16  -56.82  -56.73  -56.54  -56.55  -56.23  -56.48
  175.00  -54.02  -53.95  -54.00  -54.08  -54.07  -53.85  -53.60  -53.49  -53.43  -53.45  -53.84  -53.79  -53.64  -53.38  -53.04  -52.73  -52.79  -52.89  -52.83  -52.81  -52.79  -52.92  -52.74  -52.70
  200.00  -49.83  -49.56  -49.58  -49.60  -49.45  -49.19  -48.78  -48.61  -48.69  -49.02  -49.61  -49.70  -49.60  -49.43  -48.99  -48.34  -48.45  -48.85  -49.02  -49.58  -50.08  -50.51  -50.17  -49.42
  225.00  -46.92  -46.79  -46.40  -46.08  -45.70  -45.34  -45.02  -44.89  -44.98  -45.42  -45.74  -46.04  -46.31  -46.77  -46.90  -46.63  -46.79  -46.67  -46.66  -47.16  -47.64  -48.02  -47.43  -47.08
  250.00  -44.22  -44.73  -44.70  -44.50  -44.11  -43.41  -42.64  -42.17  -41.61  -41.39  -41.67  -42.25  -42.50  -43.03  -43.46  -44.08  -44.78  -45.01  -45.37  -45.99  -46.02  -45.65  -45.42  -45.92
  300.00  -34.72  -35.02  -35.29  -35.68  -36.26  -36.83  -37.13  -37.16  -37.03  -36.76  -35.87  -36.10  -36.70  -37.37  -37.67  -37.69  -37.91  -38.37  -38.52  -38.67  -38.45  -38.50  -39.06  -39.76
  350.00  -27.76  -27.25  -26.92  -26.89  -27.03  -27.50  -28.16  -28.60  -28.98  -29.44  -29.78  -29.75  -29.44  -29.54  -29.76  -29.92  -30.09  -30.45  -30.69  -30.80  -30.99  -31.22  -31.41  -31.87
  400.00  -20.97  -21.11  -21.21  -21.19  -21.24  -21.41  -21.90  -22.46  -22.80  -22.93  -23.18  -23.05  -22.77  -22.76  -22.67  -22.67  -22.82  -23.08  -23.27  -23.33  -23.54  -23.63  -23.49  -23.71
  450.00  -15.18  -15.44  -15.74  -15.98  -16.31  -16.50  -16.75  -17.11  -17.40  -17.48  -17.39  -17.13  -16.63  -16.50  -16.60  -16.70  -16.63  -16.73  -16.79  -16.83  -17.07  -17.19  -16.82  -16.79
  500.00  -10.82  -11.11  -11.62  -11.98  -12.16  -12.21  -12.47  -12.61  -12.50  -12.41  -12.38  -12.34  -11.76  -11.32  -11.22  -11.36  -11.45  -11.51  -11.49  -11.52  -11.66  -11.98  -12.21  -12.25
  550.00   -7.65   -7.86   -8.09   -8.13   -8.29   -8.32   -8.38   -8.34   -8.26   -8.34   -8.01   -7.86   -7.29   -6.58   -6.55   -6.65   -6.59   -6.84   -6.89   -6.91   -7.21   -7.67   -8.13   -8.06
  600.00   -4.19   -4.21   -4.09   -3.91   -4.04   -4.13   -4.21   -4.49   -4.75   -4.59   -4.06   -3.89   -3.68   -3.14   -3.12   -3.10   -2.98   -3.14   -3.19   -3.23   -3.24   -3.62   -4.41   -4.28
  650.00    0.50    0.49    0.54    0.54    0.39    0.26    0.13   -0.07   -0.05   -0.13   -0.14    0.09    0.01    0.04    0.63    0.54    0.38    0.05   -0.12    0.05    0.25   -0.15   -0.41   -0.46
  700.00    5.44    5.31    5.24    5.12    5.05    4.96    4.83    4.66    4.48    4.31    4.10    4.21    4.19    4.31    4.56    4.35    4.19    4.07    3.84    3.79    3.72    3.63    3.37    3.01
  750.00   10.11    9.88    9.71    9.43    9.26    9.19    9.15    9.12    9.01    8.92    8.71    8.66    8.63    8.63    8.52    8.20    8.22    8.16    8.05    7.87    7.71    7.61    7.22    6.91
  775.00   12.18   11.96   11.65   11.32   11.13   11.13   11.10   11.07   10.99   10.99   10.81   10.76   10.66   10.52   10.16   10.02   10.11    9.98    9.76    9.50    9.26    9.18    8.65    8.44
  800.00   14.05   13.77   13.44   13.11   12.96   12.95   12.84   12.78   12.63   12.70   12.68   12.49   12.49   11.82   11.35   11.57   11.73   11.54   11.22   10.74   10.41   10.34    9.90    9.79
  825.00   15.55   15.21   14.89   14.57   14.49   14.44   14.22   14.07   13.81   13.92   13.94   13.69   13.30   12.45   12.25   12.74   13.05   12.64   12.12   11.51   11.34   11.37   10.97   10.76
  850.00   16.75   16.40   15.89   15.43   15.50   15.44   15.16   14.92   14.56   14.65   14.55   14.24   13.46   12.98   13.12   13.65   13.58   12.95   12.35   11.66   11.58   12.11   11.88   11.60
  875.00   17.35   16.80   16.06   15.67   15.85   15.78   15.49   15.23   14.79   14.73   14.15   14.09   13.72   13.55   13.84   14.38   13.84   13.13   12.65   11.93   11.76   12.47   12.57   12.37
  900.00   17.45   16.62   15.86   15.50   15.64   15.63   15.44   14.92   14.53   14.27   13.99   14.05   14.17   14.27   14.15   14.23   13.62   13.24   12.86   12.35   12.21   12.71   12.99   12.96
  925.00   16.96   16.29   15.57   15.31   15.32   15.20   14.98   14.68   14.54   14.63   14.06   14.33   14.77   14.80   14.51   14.41   14.08   13.88   13.80   13.47   13.37   13.45   13.97   13.80
  950.00   17.24   16.83   16.25   15.76   15.46   15.45   15.39   15.24   15.32   15.82   15.22   15.99   16.29   16.36   15.90   15.47   15.46   15.42   15.24   15.04   14.87   14.82   15.69   15.45
  975.00   18.06   17.56   17.27   17.07   16.94   16.84   16.81   16.76   16.92   17.38   16.78   17.50   17.92   18.01   17.61   17.32   17.10   17.07   16.87   16.61   16.31   16.21   17.30   17.07
 1000.00   19.61   19.29   19.02   18.81   18.71   18.61   18.58   18.51   18.61   19.06   18.45   19.14   19.53   19.68   19.27   18.95   18.80   18.78   18.59   18.33   18.04   17.94   18.89   18.66
