#  level#  00:00#  01:00#  02:00#  03:00#  04:00#  05:00#  06:00#  07:00#  08:00#  09:00#  10:00#  11:00#  12:00#  13:00#  14:00#  15:00#  16:00#  17:00#  18:00#  19:00#  20:00#  21:00#  22:00#  23:00
    1.00   -5.61   -6.19   -6.55   -7.71   -8.12   -9.29   -8.39   -8.24   -7.77   -8.32   -7.86   -7.25   -5.06   -4.02   -3.12   -1.69   -1.34   -3.02   -4.74   -5.47   -4.78   -3.68   -3.47   -4.14
    2.00   -6.12   -5.69   -4.96   -4.75   -5.78   -6.77   -6.96   -5.59   -5.16   -6.25   -7.21   -8.31   -7.53   -6.24   -4.75   -2.98    0.05    0.79    1.02   -0.64   -2.83   -4.05   -4.11   -3.00
    3.00  -11.81  -13.39  -15.03  -14.70  -14.33  -15.40  -16.05  -16.68  -15.74  -14.42  -13.19  -13.04  -13.98  -15.27  -14.11  -13.33  -13.42  -13.64  -11.63  -10.93  -11.82  -12.39  -12.11  -11.79
   10.00  -39.13  -39.16  -40.34  -40.04  -38.43  -38.21  -37.78  -38.37  -39.54  -40.37  -40.04  -39.95  -39.26  -38.45  -37.20  -36.62  -36.68  -37.43  -38.07  -38.75  -38.96  -38.88  -39.61  -40.51
   20.00  -46.29  -45.69  -45.47  -45.92  -45.88  -45.67  -45.51  -45.79  -45.35  -44.66  -44.72  -45.51  -46.12  -46.58  -46.49  -45.83  -45.13  -44.67  -44.12  -44.34  -44.91  -45.65  -46.60  -47.26
   30.00  -52.20  -51.05  -50.17  -50.90  -51.72  -52.15  -52.33  -51.98  -51.08  -50.55  -49.75  -49.70  -49.83  -50.13  -50.94  -51.90  -52.60  -52.77  -51.66  -50.61  -50.35  -49.98  -49.28  -49.53
   50.00  -57.91  -58.60  -59.06  -59.42  -59.22  -58.76  -58.27  -58.30  -58.44  -58.44  -58.03  -58.15  -58.13  -57.96  -57.68  -57.89  -58.37  -58.91  -58.98  -58.84  -58.87  -58.84  -57.79  -57.97
   70.00  -60.62  -60.16  -60.23  -60.49  -60.53  -60.52  -60.52  -60.78  -61.05  -61.13  -61.57  -61.37  -61.09  -60.87  -60.63  -60.35  -60.07  -60.04  -60.13  -60.08  -60.18  -60.46  -61.08  -61.30
  100.00  -59.09  -58.92  -58.61  -58.46  -58.64  -59.00  -58.96  -58.76  -58.66  -58.85  -58.76  -58.81  -58.72  -58.57  -58.63  -58.86  -59.00  -59.10  -59.44  -59.84  -60.08  -60.31  -60.56  -60.42
  125.00  -55.69  -55.99  -56.06  -55.97  -55.92  -56.21  -56.47  -56.59  -56.56  -56.65  -56.83  -57.03  -57.17  -57.09  -56.95  -57.08  -57.55  -58.00  -58.37  -58.82  -59.15  -59.40  -59.71  -59.92
  150.00  -53.72  -54.18  -54.58  -54.63  -54.27  -54.02  -54.21  -54.54  -54.73  -54.89  -54.70  -54.91  -55.45  -55.94  -56.08  -55.83  -55.73  -56.01  -56.60  -57.45  -58.24  -58.79  -58.97  -59.13
  175.00  -52.45  -52.57  -52.95  -53.34  -53.42  -53.16  -52.99  -53.29  -53.80  -54.43  -54.38  -54.58  -55.28  -56.20  -56.92  -57.32  -57.53  -57.71  -57.66  -57.53  -57.36  -57.51  -58.42  -58.89
  200.00  -51.66  -51.52  -51.72  -52.15  -52.53  -52.80  -52.81  -53.20  -53.86  -54.62  -54.52  -54.36  -54.43  -54.88  -55.43  -55.85  -56.24  -56.77  -57.34  -57.83  -57.96  -57.50  -57.36  -56.69
  225.00  -51.70  -51.34  -51.07  -50.96  -51.09  -51.65  -52.01  -52.09  -52.15  -52.26  -52.03  -52.21  -51.74  -51.16  -51.01  -51.12  -51.29  -51.55  -51.93  -52.39  -52.85  -53.21  -53.63  -53.67
  250.00  -49.24  -49.10  -49.02  -48.88  -48.63  -48.64  -48.90  -48.87  -49.02  -49.34  -49.25  -48.76  -48.14  -47.89  -47.92  -48.09  -48.09  -48.03  -47.94  -47.89  -47.89  -47.93  -47.83  -48.05
  300.00  -40.52  -40.74  -40.74  -40.75  -40.88  -40.99  -40.91  -40.88  -40.81  -40.63  -40.35  -40.30  -40.53  -40.65  -40.53  -40.12  -39.66  -39.26  -38.90  -38.61  -38.37  -38.18  -38.01  -37.98
  350.00  -31.80  -32.11  -32.29  -32.26  -32.13  -32.03  -32.02  -32.03  -31.84  -31.58  -31.56  -31.37  -31.16  -31.13  -31.14  -30.99  -30.77  -30.53  -30.24  -29.97  -29.73  -29.54  -29.47  -29.38
  400.00  -25.14  -25.10  -25.05  -25.05  -24.84  -24.27  -23.78  -23.51  -23.34  -23.29  -23.73  -23.61  -23.35  -23.00  -22.77  -22.63  -22.48  -22.26  -22.01  -21.79  -21.62  -21.55  -21.43  -21.44
  450.00  -19.26  -19.19  -18.95  -18.70  -18.57  -18.31  -17.93  -17.48  -17.08  -16.91  -17.33  -16.98  -16.71  -16.52  -16.25  -15.90  -15.51  -15.14  -14.84  -14.67  -14.65  -14.68  -14.75  -14.75
  500.00  -13.40  -13.37  -13.18  -12.88  -12.66  -12.55  -12.53  -12.41  -11.98  -11.38  -11.52  -11.40  -11.21  -10.94  -10.58  -10.18   -9.80   -9.51   -9.28   -9.19   -9.29   -9.37   -9.46   -9.30
  550.00   -8.72   -8.60   -8.36   -8.08   -7.84   -7.80   -7.97   -7.97   -7.65   -7.23   -7.37   -7.25   -6.95   -6.47   -5.80   -5.29   -4.87   -4.50   -4.22   -4.08   -4.15   -4.19   -4.19   -4.02
  600.00   -5.08   -4.99   -4.64   -4.27   -4.11   -4.16   -4.14   -3.95   -3.80   -3.77   -3.87   -3.72   -3.45   -3.22   -2.61   -1.76   -1.23   -0.73   -0.23    0.17    0.20    0.41    0.71    0.95
  650.00   -0.65   -0.75   -0.79   -0.73   -0.78   -0.90   -0.66   -0.30   -0.26   -0.30   -0.08    0.06    0.21    0.17    0.21   -2.22   -2.57   -1.86   -0.89    1.38    2.40    2.99    3.71    4.00
  700.00    4.05    3.89    3.68    3.45    3.13    2.79    2.78    2.93    2.89    2.94    3.11    3.28    3.45    2.84    1.17    2.14    2.91    3.10    2.66    2.57    3.58    4.55    4.99    5.03
  750.00    8.02    8.22    8.03    7.65    7.16    6.71    6.56    6.48    6.34    6.34    6.04    5.67    5.21    5.71    6.34    7.58    8.28    8.40    8.37    8.00    7.53    7.44    7.62    7.53
  775.00    9.61    9.92   10.01    9.68    9.13    8.61    8.45    8.32    8.14    8.12    7.54    6.89    7.54    8.29    9.07   10.26   10.90   10.95   10.99   10.75    9.93    9.46    9.16    9.03
  800.00   11.60   11.48   11.66   11.53   10.96   10.33   10.15   10.05    9.86    9.84    8.59    9.15   10.12   10.89   11.70   12.82   13.46   13.20   13.14   12.89   11.93   11.32   10.71   10.52
  825.00   13.66   13.43   13.29   13.10   12.53   11.92   11.68   11.59   11.43   10.87   10.63   11.68   12.64   13.42   14.25   15.37   16.00   15.60   15.08   14.70   13.69   13.13   12.52   12.11
  850.00   15.55   15.26   15.06   14.70   14.17   13.60   13.29   13.03   12.78   12.44   13.03   14.15   15.10   15.89   16.78   17.91   18.53   18.06   17.24   16.37   15.16   14.56   14.09   13.55
  875.00   17.63   17.16   16.86   16.54   15.95   15.25   14.88   14.43   13.81   14.85   15.44   16.57   17.56   18.36   19.25   20.37   20.98   20.49   19.74   18.64   17.05   16.07   15.88   15.48
  900.00   19.55   19.17   18.61   18.08   17.52   16.85   16.18   15.57   16.16   17.24   17.92   19.07   20.04   20.85   21.77   22.90   23.49   22.91   22.07   21.05   19.31   18.18   17.96   17.63
  925.00   20.48   20.10   19.67   19.11   18.41   17.69   17.18   17.74   18.85   20.11   20.88   22.08   23.13   23.91   24.78   25.83   26.22   25.49   24.55   23.39   21.61   20.41   20.16   19.76
  950.00   22.26   21.94   21.58   21.09   20.54   19.81   19.21   18.97   20.01   21.19   21.91   23.09   24.08   24.89   25.81   26.89   27.43   26.77   25.90   24.77   23.05   21.86   21.67   21.31
  975.00   23.73   23.41   23.04   22.56   21.98   21.23   20.64   20.38   21.44   22.62   23.36   24.53   25.52   26.34   27.27   28.36   28.90   28.25   27.39   26.27   24.54   23.35   23.12   22.73
 1000.00   25.18   24.87   24.50   24.02   23.45   22.70   22.09   21.80   22.85   24.03   24.76   25.94   26.94   27.76   28.68   29.78   30.34   29.69   28.83   27.70   25.97   24.79   24.56   24.18
