#  level#  00:00#  01:00#  02:00#  03:00#  04:00#  05:00#  06:00#  07:00#  08:00#  09:00#  10:00#  11:00#  12:00#  13:00#  14:00#  15:00#  16:00#  17:00#  18:00#  19:00#  20:00#  21:00#  22:00#  23:00
    1.00  -11.26  -11.94  -12.06  -12.80  -12.94  -12.92  -14.17  -14.87  -14.43  -13.92  -13.75  -14.08  -12.93  -11.49  -10.34  -10.94  -11.82  -11.53  -10.71  -10.87  -10.79  -10.03   -9.40   -9.96
    2.00   -4.19   -4.88   -5.35   -5.98   -6.59   -7.46   -8.14   -8.09   -7.58   -6.33   -4.77   -4.40   -5.03   -6.20   -5.88   -4.98   -3.87   -3.63   -3.89   -4.72   -5.74   -6.66   -6.20   -6.33
    3.00   -9.23  -10.13  -10.43  -11.62  -13.39  -13.04  -13.10  -14.22  -15.17  -14.47  -12.69  -10.70   -9.26   -9.46  -10.15  -10.31  -10.06  -10.70  -10.51  -10.83  -10.62  -10.84  -11.79  -12.02
   10.00  -45.58  -46.60  -47.63  -47.90  -47.35  -46.88  -46.40  -46.22  -46.33  -46.20  -46.77  -46.89  -47.19  -47.35  -46.98  -46.92  -46.26  -45.92  -46.05  -46.34  -46.42  -46.28  -46.30  -46.60
   20.00  -53.55  -53.41  -53.42  -53.86  -54.48  -54.52  -54.54  -54.58  -54.39  -53.78  -52.85  -53.18  -53.11  -52.95  -52.26  -52.05  -52.62  -53.20  -53.57  -53.81  -53.64  -53.66  -53.00  -52.72
   30.00  -59.74  -59.86  -59.74  -59.55  -59.43  -59.19  -58.88  -58.62  -58.76  -58.96  -58.63  -58.11  -57.39  -57.43  -57.78  -58.22  -58.74  -59.33  -59.60  -59.25  -58.28  -57.36  -57.11  -57.26
   50.00  -61.36  -61.62  -61.96  -62.23  -62.41  -62.55  -62.75  -62.92  -62.71  -62.38  -62.44  -62.64  -62.36  -62.36  -62.49  -62.36  -61.94  -61.43  -61.15  -61.18  -61.07  -60.84  -60.51  -61.05
   70.00  -62.69  -62.59  -62.76  -63.15  -63.51  -63.65  -63.50  -63.33  -63.26  -63.16  -62.73  -62.96  -63.13  -63.23  -63.42  -63.49  -63.28  -62.97  -62.52  -62.48  -62.57  -62.73  -62.20  -61.67
  100.00  -63.90  -64.30  -64.47  -64.37  -64.10  -63.66  -63.05  -62.20  -61.54  -61.02  -61.57  -61.14  -61.15  -61.35  -61.65  -61.83  -61.56  -61.10  -60.49  -59.91  -59.62  -59.34  -59.63  -59.33
  125.00  -61.45  -60.99  -60.56  -60.17  -59.69  -59.20  -59.09  -58.97  -58.98  -58.98  -58.71  -58.32  -57.88  -57.68  -57.58  -57.65  -57.62  -57.40  -57.24  -56.77  -56.21  -55.89  -55.84  -55.74
  150.00  -59.24  -59.62  -60.06  -60.26  -60.15  -59.75  -59.41  -59.19  -58.93  -58.79  -58.72  -58.61  -58.47  -58.65  -58.73  -58.31  -57.88  -57.72  -57.26  -57.15  -56.81  -56.10  -55.93  -55.64
  175.00  -63.45  -62.75  -62.56  -62.55  -62.88  -63.06  -63.16  -63.11  -62.74  -62.32  -62.12  -62.66  -62.97  -62.42  -61.27  -60.51  -60.72  -60.66  -60.06  -59.15  -58.12  -57.43  -56.66  -55.67
  200.00  -63.66  -63.63  -64.05  -64.19  -63.99  -63.71  -63.53  -63.41  -63.14  -62.95  -62.40  -62.51  -62.48  -62.37  -62.32  -62.51  -62.01  -61.44  -61.95  -61.62  -60.86  -60.31  -59.72  -58.80
  225.00  -59.11  -59.19  -59.15  -59.06  -59.00  -59.01  -58.96  -58.88  -58.84  -58.76  -58.32  -58.18  -58.12  -58.11  -58.38  -58.74  -58.81  -58.64  -58.57  -58.39  -58.29  -58.26  -57.85  -57.15
  250.00  -53.77  -53.68  -53.55  -53.73  -53.86  -53.75  -53.60  -53.64  -53.65  -53.74  -53.74  -53.38  -53.27  -53.26  -53.32  -53.25  -53.25  -53.45  -53.55  -53.59  -53.67  -53.71  -53.45  -53.24
  300.00  -43.66  -43.76  -43.74  -43.74  -43.49  -43.29  -43.49  -43.87  -44.04  -44.14  -43.70  -43.59  -43.51  -43.46  -43.48  -43.43  -43.41  -43.75  -43.84  -44.21  -44.27  -44.28  -44.61  -45.10
  350.00  -34.44  -34.74  -34.89  -34.77  -34.77  -34.64  -34.57  -34.60  -34.84  -35.06  -34.88  -34.92  -35.15  -35.42  -35.71  -35.77  -35.62  -35.49  -35.67  -36.17  -37.11  -37.82  -39.23  -39.75
  400.00  -27.63  -27.65  -27.42  -27.45  -27.76  -28.10  -28.18  -27.79  -27.57  -27.60  -27.70  -27.99  -28.34  -28.54  -28.66  -29.17  -29.64  -29.62  -29.76  -30.09  -30.86  -31.91  -32.82  -33.30
  450.00  -20.97  -20.97  -20.78  -20.76  -21.13  -21.67  -22.27  -22.63  -22.79  -22.72  -22.49  -22.50  -22.25  -22.40  -22.57  -22.75  -23.06  -24.07  -24.29  -24.68  -24.97  -25.43  -26.04  -26.50
  500.00  -14.21  -14.25  -14.43  -14.79  -15.31  -15.94  -16.48  -16.92  -17.25  -17.40  -18.25  -18.36  -17.97  -17.53  -17.30  -17.60  -18.12  -18.51  -19.29  -19.77  -19.86  -19.81  -19.75  -21.00
  550.00   -7.44   -8.04   -8.75   -9.51  -10.18  -10.76  -11.17  -11.47  -11.64  -11.79  -12.28  -12.97  -13.31  -13.43  -13.67  -14.04  -14.47  -14.35  -14.50  -14.83  -15.33  -15.99  -15.37  -15.90
  600.00   -3.13   -3.27   -4.08   -4.76   -5.25   -5.59   -5.80   -5.90   -5.94   -6.23   -6.59   -7.46   -8.16   -8.55   -8.73   -8.95   -9.52   -9.89  -10.10  -10.29  -10.55  -11.30  -11.54  -11.70
  650.00   -1.83   -1.50   -1.04   -0.75   -0.87   -1.10   -1.19   -1.33   -1.78   -2.31   -3.25   -3.53   -3.48   -3.77   -4.28   -4.94   -5.24   -5.51   -5.77   -6.22   -6.84   -7.46   -7.56   -8.05
  700.00    0.34    0.27    0.64    1.52    1.80    1.57    1.29    0.91    0.55    0.30   -0.66   -0.77   -0.86   -1.02   -1.32   -1.75   -1.82   -1.81   -2.14   -2.57   -3.21   -3.81   -4.07   -4.22
  750.00    3.07    3.10    3.18    3.40    3.32    2.92    2.67    2.55    2.41    2.35    2.06    2.24    2.17    1.87    1.59    1.51    1.65    1.60    1.31    0.80    0.27   -0.23   -0.80   -1.15
  775.00    4.58    4.67    4.69    4.69    4.46    4.12    3.91    3.79    3.68    3.59    3.66    3.76    3.48    2.74    2.60    2.85    3.25    3.30    3.03    2.50    1.92    1.51    1.06    0.58
  800.00    6.18    6.28    6.30    6.19    5.90    5.60    5.43    5.33    5.09    5.05    5.26    4.99    3.53    3.64    3.86    4.33    5.01    5.06    4.74    4.23    3.74    3.30    2.94    2.48
  825.00    8.05    7.94    7.86    7.74    7.44    7.15    6.97    6.79    6.67    6.51    6.69    5.10    5.44    5.65    5.94    6.22    6.47    6.83    6.59    6.02    5.61    5.18    4.70    4.17
  850.00    9.80    9.55    9.28    9.06    8.78    8.52    8.34    8.17    8.02    7.79    6.53    7.23    7.74    7.97    8.28    8.52    8.51    8.47    8.31    7.92    7.62    7.17    6.59    5.75
  875.00   12.03   11.37   10.79   10.27    9.77    9.40    9.17    8.97    8.72    8.06    8.42    9.41    9.94   10.29   10.58   10.85   10.88   10.73   10.38    9.91    9.55    9.09    8.64    7.69
  900.00   14.22   13.46   12.75   12.08   11.48   10.95   10.50   10.05    9.70    9.59   10.60   11.59   12.20   12.61   12.92   13.16   13.17   13.02   12.66   12.14   11.54   10.80   10.26    9.67
  925.00   14.34   13.60   12.88   12.14   11.52   11.11   10.73   10.51   10.85   12.03   13.07   14.14   14.72   15.16   15.46   15.68   15.65   15.39   14.81   13.94   13.06   12.10   11.30   10.90
  950.00   16.29   15.52   14.81   14.15   13.53   13.04   12.67   12.37   12.12   13.31   14.35   15.47   16.05   16.47   16.78   16.99   16.96   16.71   16.25   15.52   14.68   13.66   12.86   12.43
  975.00   17.64   16.87   16.14   15.47   14.85   14.33   13.97   13.68   13.50   14.75   15.86   16.96   17.55   17.97   18.27   18.48   18.44   18.18   17.71   16.95   16.07   15.03   14.22   13.80
 1000.00   19.04   18.28   17.55   16.89   16.26   15.77   15.40   15.11   14.90   16.13   17.23   18.31   18.88   19.30   19.60   19.82   19.80   19.55   19.08   18.34   17.49   16.47   15.64   15.19
