#  level#  00:00#  01:00#  02:00#  03:00#  04:00#  05:00#  06:00#  07:00#  08:00#  09:00#  10:00#  11:00#  12:00#  13:00#  14:00#  15:00#  16:00#  17:00#  18:00#  19:00#  20:00#  21:00#  22:00#  23:00
    1.00  -26.74  -26.53  -26.49  -26.16  -27.50  -26.31  -24.69  -24.20  -24.71  -26.66  -25.87  -28.37  -30.55  -31.34  -30.88  -28.78  -27.60  -27.24  -26.25  -26.06  -23.71  -23.20  -23.81  -20.76
    2.00  -22.94  -25.23  -23.10  -22.41  -25.50  -27.21  -26.24  -25.33  -25.31  -23.35  -21.05  -20.15  -20.24  -19.24  -19.64  -21.16  -21.20  -22.58  -22.17  -21.92  -21.52  -21.00  -22.15  -24.75
    3.00  -16.30  -18.67  -20.58  -21.50  -21.75  -24.15  -25.40  -24.56  -24.14  -24.61  -23.57  -22.91  -22.71  -24.19  -24.60  -26.79  -27.95  -29.78  -30.60  -30.35  -30.81  -30.82  -30.50  -30.25
   10.00  -52.60  -54.28  -54.49  -55.23  -57.12  -58.09  -55.95  -54.17  -55.03  -55.91  -56.42  -56.12  -56.93  -55.80  -54.95  -57.00  -59.00  -59.11  -57.79  -57.65  -58.58  -58.82  -59.13  -59.07
   20.00  -59.54  -60.30  -61.35  -62.03  -61.90  -60.50  -60.04  -60.41  -60.55  -60.64  -60.54  -60.78  -60.67  -61.16  -62.39  -62.11  -61.31  -62.37  -63.83  -63.87  -63.44  -63.62  -63.76  -63.80
   30.00  -61.74  -61.89  -62.51  -63.00  -63.46  -63.44  -62.53  -62.22  -62.38  -63.15  -62.96  -62.91  -62.56  -62.08  -61.86  -62.33  -62.50  -62.06  -61.43  -61.75  -62.23  -62.25  -61.92  -61.44
   50.00  -63.77  -63.11  -61.46  -60.56  -60.36  -61.57  -62.91  -63.31  -62.14  -60.33  -59.31  -59.49  -59.84  -60.56  -61.29  -61.89  -61.91  -61.96  -62.15  -61.59  -61.29  -61.65  -61.61  -62.08
   70.00  -59.17  -60.12  -60.82  -60.92  -60.27  -59.29  -58.79  -59.08  -60.01  -60.96  -60.84  -60.56  -60.37  -60.61  -61.14  -61.71  -61.61  -60.93  -60.62  -60.85  -61.00  -60.94  -61.04  -61.38
  100.00  -57.63  -57.50  -57.55  -58.40  -59.42  -59.68  -59.63  -59.90  -59.98  -59.49  -59.22  -59.61  -60.08  -60.61  -60.57  -60.47  -60.92  -61.69  -61.57  -61.03  -60.48  -60.23  -60.18  -60.22
  125.00  -55.98  -56.00  -55.94  -56.03  -56.58  -57.03  -56.76  -56.55  -57.24  -58.13  -58.26  -58.16  -57.92  -58.18  -58.64  -58.52  -57.90  -57.90  -58.14  -58.44  -58.53  -58.23  -58.05  -57.97
  150.00  -54.62  -54.75  -54.85  -54.97  -55.67  -56.38  -56.56  -56.10  -55.75  -56.27  -56.88  -57.70  -57.65  -57.01  -56.83  -57.10  -56.96  -56.76  -56.67  -56.83  -56.73  -56.46  -56.17  -55.75
  175.00  -55.15  -55.43  -55.45  -55.33  -55.42  -55.61  -55.80  -55.58  -54.68  -53.85  -53.62  -54.44  -55.29  -55.06  -54.54  -54.75  -55.02  -54.98  -54.85  -54.96  -55.40  -55.47  -54.83  -55.59
  200.00  -54.55  -54.90  -54.87  -54.67  -54.48  -54.46  -54.53  -54.74  -54.43  -53.56  -52.34  -52.13  -52.70  -53.33  -53.16  -52.97  -53.24  -53.51  -53.68  -53.84  -54.31  -55.45  -55.69  -55.82
  225.00  -52.89  -53.28  -53.42  -53.37  -53.26  -53.14  -52.72  -52.48  -52.40  -52.20  -51.78  -51.18  -50.63  -50.82  -51.36  -51.38  -51.35  -51.74  -52.45  -53.24  -53.58  -54.71  -55.96  -55.60
  250.00  -51.57  -51.63  -51.49  -51.06  -50.71  -50.67  -50.69  -50.66  -50.59  -50.49  -50.33  -50.04  -49.31  -48.68  -49.03  -49.92  -50.05  -49.84  -49.87  -50.56  -51.43  -52.16  -52.65  -52.66
  300.00  -46.92  -47.03  -47.26  -47.54  -47.53  -47.53  -47.22  -46.81  -46.49  -46.26  -45.36  -45.53  -45.75  -45.74  -45.46  -45.26  -45.44  -45.85  -45.97  -45.73  -45.22  -44.77  -45.13  -45.55
  350.00  -41.32  -41.53  -41.92  -42.20  -42.18  -41.84  -41.44  -40.89  -40.41  -40.16  -39.27  -39.41  -39.73  -39.87  -39.71  -39.53  -39.50  -39.62  -39.78  -39.86  -39.70  -39.05  -38.18  -38.01
  400.00  -35.37  -35.25  -35.53  -36.02  -36.26  -36.33  -36.43  -36.55  -36.38  -35.81  -35.01  -34.43  -34.34  -34.39  -34.25  -34.01  -33.85  -33.84  -33.82  -33.69  -33.58  -33.53  -33.56  -33.87
  450.00  -29.77  -29.59  -29.64  -29.83  -30.19  -30.63  -30.97  -31.26  -31.51  -31.54  -31.58  -30.85  -30.38  -30.36  -30.34  -30.21  -30.08  -29.95  -29.67  -29.14  -28.48  -28.00  -27.62  -27.88
  500.00  -25.33  -24.81  -24.53  -24.31  -24.31  -24.67  -25.29  -25.81  -26.12  -26.38  -27.05  -26.90  -26.59  -26.47  -26.29  -25.95  -25.53  -25.12  -24.73  -24.36  -23.97  -23.46  -22.82  -22.33
  550.00  -22.04  -21.44  -20.98  -20.48  -20.02  -19.77  -19.96  -20.49  -21.11  -21.51  -22.02  -22.10  -21.92  -21.65  -21.15  -20.60  -20.04  -19.57  -19.26  -19.08  -18.98  -18.87  -18.92  -18.51
  600.00  -18.99  -18.75  -18.62  -18.35  -17.83  -17.11  -16.55  -16.32  -16.37  -16.56  -17.08  -17.07  -16.84  -16.51  -16.12  -15.73  -15.35  -15.00  -14.72  -14.49  -14.23  -14.03  -14.29  -14.13
  650.00  -15.69  -15.66  -15.70  -15.65  -15.43  -15.16  -14.91  -14.63  -14.26  -13.77  -13.98  -13.72  -13.58  -13.71  -13.92  -13.91  -13.53  -12.79  -12.14  -11.60  -11.03  -10.42  -10.36   -9.91
  700.00  -13.95  -13.66  -13.49  -13.32  -13.03  -13.01  -13.20  -13.36  -13.52  -13.39  -13.37  -13.31  -12.86  -12.91  -12.85  -12.81  -12.51  -12.04  -11.43  -10.85  -10.25   -9.54   -9.12   -8.03
  750.00  -11.72  -11.78  -11.87  -12.02  -11.76  -11.64  -11.78  -12.03  -12.27  -12.36  -12.59  -12.03  -12.21  -11.95  -11.57  -10.91  -10.93  -10.14   -9.23   -8.68   -8.24   -7.98   -8.11   -7.43
  775.00  -11.04  -10.91  -10.71  -10.71  -10.67  -10.75  -10.64  -10.90  -11.17  -11.26  -11.78  -10.68  -10.83  -10.62  -10.56   -9.87   -9.75   -9.58   -9.06   -8.49   -7.93   -7.57   -7.86   -6.91
  800.00   -9.66   -9.64   -9.35   -9.22   -9.11   -9.12   -8.98   -9.41   -9.42   -9.46  -10.41   -9.56   -9.49   -9.18   -9.49   -9.20   -8.68   -9.02   -9.03   -8.78   -8.68   -8.64   -8.88   -7.81
  825.00   -8.02   -8.06   -7.88   -7.68   -7.64   -7.29   -7.49   -7.78   -7.62   -7.63   -8.46   -7.97   -7.86   -7.64   -7.93   -7.83   -7.36   -7.78   -7.76   -7.85   -7.96   -7.95   -8.05   -7.88
  850.00   -6.43   -6.43   -6.42   -6.25   -6.10   -5.87   -5.94   -6.16   -5.85   -5.87   -6.26   -6.19   -6.09   -6.09   -6.10   -6.21   -5.90   -6.03   -6.05   -6.32   -6.39   -6.40   -6.51   -6.51
  875.00   -5.02   -4.84   -4.83   -4.67   -4.63   -4.36   -4.40   -4.42   -4.06   -4.11   -4.19   -4.25   -4.37   -4.48   -4.27   -4.54   -4.35   -4.40   -4.29   -4.60   -4.66   -4.60   -4.71   -4.86
  900.00   -3.68   -3.38   -3.40   -3.26   -3.34   -3.16   -3.06   -2.90   -2.52   -2.54   -2.30   -2.47   -2.74   -2.77   -2.56   -2.76   -2.70   -2.70   -2.71   -2.88   -2.91   -2.91   -2.72   -2.89
  925.00   -2.25   -1.73   -1.86   -1.85   -1.82   -1.87   -1.71   -1.38   -1.06   -1.01   -0.77   -0.85   -0.99   -1.01   -0.83   -1.03   -1.16   -1.05   -1.25   -1.11   -1.14   -1.01   -0.74   -0.87
  950.00   -0.52   -0.27   -0.30   -0.33   -0.44   -0.57   -0.44    0.21    0.58    0.65    0.87    0.96    1.08    0.99    1.15    0.95    0.73    0.71    0.49    0.80    0.80    0.91    1.13    1.10
  975.00    1.16    1.41    1.33    1.25    1.11    0.86    0.97    1.89    2.22    2.31    2.65    2.74    2.83    2.65    2.89    2.65    2.38    2.35    2.19    2.51    2.46    2.61    2.82    2.80
 1000.00    2.93    3.09    3.11    2.96    2.83    2.55    2.65    3.54    3.91    3.97    4.25    4.35    4.53    4.35    4.53    4.31    4.08    4.12    3.85    4.19    4.22    4.27    4.45    4.44
