#  level#  00:00#  01:00#  02:00#  03:00#  04:00#  05:00#  06:00#  07:00#  08:00#  09:00#  10:00#  11:00#  12:00#  13:00#  14:00#  15:00#  16:00#  17:00#  18:00#  19:00#  20:00#  21:00#  22:00#  23:00
    1.00  -24.61  -25.22  -25.20  -27.20  -29.50  -30.52  -29.72  -28.37  -28.95  -29.22  -28.62  -23.81  -20.49  -18.22  -17.57  -17.38  -17.07  -17.66  -18.56  -18.39  -18.05  -18.45  -20.28  -21.36
    2.00  -33.64  -34.57  -34.65  -35.25  -36.09  -36.98  -38.17  -38.86  -38.05  -36.61  -36.66  -37.32  -37.47  -35.75  -33.69  -33.69  -32.23  -30.49  -28.53  -27.00  -25.15  -23.68  -24.32  -25.55
    3.00  -38.40  -38.62  -38.90  -38.98  -39.31  -40.21  -41.06  -42.56  -43.45  -43.51  -42.14  -42.29  -42.62  -42.46  -42.59  -43.37  -43.33  -42.01  -40.53  -39.07  -37.98  -36.40  -35.07  -34.66
   10.00  -60.27  -61.24  -61.80  -63.31  -64.36  -64.56  -64.05  -63.48  -63.23  -63.19  -62.92  -62.29  -61.47  -60.77  -60.71  -61.21  -61.93  -62.59  -62.95  -62.64  -61.55  -60.60  -60.72  -61.88
   20.00  -68.98  -68.93  -68.79  -68.65  -68.64  -68.79  -68.86  -68.64  -68.53  -68.74  -68.77  -68.30  -67.98  -67.75  -67.42  -67.37  -67.72  -68.18  -68.17  -67.97  -67.99  -68.06  -67.58  -67.63
   30.00  -67.12  -67.58  -67.83  -67.72  -67.66  -67.87  -67.96  -67.97  -67.77  -67.69  -67.48  -67.20  -67.37  -67.72  -67.81  -67.78  -67.83  -68.14  -68.02  -67.51  -67.20  -67.23  -67.29  -66.83
   50.00  -66.75  -66.08  -66.51  -67.11  -67.67  -68.03  -67.73  -67.47  -67.33  -67.20  -67.02  -66.73  -66.35  -66.33  -66.74  -67.17  -67.18  -67.01  -66.72  -66.34  -66.13  -66.03  -66.01  -65.95
   70.00  -66.19  -65.92  -65.98  -65.93  -65.52  -65.51  -65.88  -66.32  -66.59  -66.67  -66.55  -66.00  -65.26  -64.97  -65.15  -65.51  -65.59  -65.61  -65.61  -65.35  -64.94  -64.52  -64.64  -64.67
  100.00  -63.79  -63.73  -63.43  -63.50  -63.49  -63.49  -63.59  -63.60  -63.43  -63.32  -63.56  -63.68  -63.52  -63.03  -62.45  -62.27  -62.32  -62.53  -62.81  -63.01  -63.06  -62.85  -62.19  -62.25
  125.00  -60.98  -61.41  -61.38  -61.52  -61.47  -61.23  -61.17  -61.26  -61.10  -60.69  -60.57  -60.49  -60.67  -60.80  -60.65  -60.44  -60.24  -60.14  -60.12  -60.19  -60.29  -60.24  -60.07  -59.78
  150.00  -60.70  -60.75  -60.40  -60.42  -60.52  -60.27  -59.96  -59.87  -59.90  -60.10  -60.60  -60.42  -60.46  -60.48  -60.18  -59.76  -59.35  -59.11  -58.91  -58.79  -58.84  -59.01  -59.13  -59.19
  175.00  -61.63  -61.75  -61.50  -61.28  -61.40  -61.65  -61.76  -61.73  -61.30  -60.83  -60.92  -60.88  -60.85  -60.91  -60.79  -60.49  -60.02  -59.62  -59.21  -58.90  -58.79  -58.98  -59.61  -59.86
  200.00  -62.78  -62.54  -62.51  -62.26  -62.04  -62.03  -62.36  -62.88  -63.19  -63.04  -62.13  -62.18  -62.18  -61.89  -61.61  -61.63  -61.80  -62.06  -62.22  -62.16  -61.88  -61.48  -61.69  -61.80
  225.00  -61.66  -62.12  -63.04  -63.53  -63.48  -63.11  -62.49  -61.84  -61.48  -61.94  -61.95  -61.54  -61.65  -62.15  -62.54  -62.87  -62.88  -62.75  -62.61  -62.36  -61.92  -61.33  -60.77  -60.34
  250.00  -60.29  -60.40  -60.49  -60.48  -60.34  -60.17  -60.16  -60.12  -59.65  -58.85  -58.69  -59.04  -59.20  -59.22  -59.19  -59.14  -59.10  -59.09  -59.04  -58.94  -58.86  -58.81  -58.67  -58.52
  300.00  -49.20  -49.25  -49.29  -49.28  -49.19  -49.10  -49.13  -49.21  -49.27  -49.18  -48.63  -48.46  -48.34  -48.23  -48.16  -48.17  -48.21  -48.28  -48.31  -48.31  -48.25  -48.22  -48.01  -48.12
  350.00  -40.01  -40.05  -40.03  -39.90  -39.93  -39.86  -39.76  -39.89  -39.94  -39.78  -39.83  -39.73  -39.65  -39.52  -39.38  -39.27  -39.17  -39.04  -38.99  -39.01  -39.06  -39.15  -39.25  -39.36
  400.00  -32.07  -32.10  -32.09  -32.17  -32.25  -32.36  -32.36  -32.29  -32.24  -32.18  -32.17  -31.93  -31.72  -31.53  -31.43  -31.36  -31.39  -31.52  -31.74  -32.03  -32.41  -32.73  -32.91  -33.10
  450.00  -26.04  -25.85  -25.80  -25.93  -26.01  -26.16  -26.30  -26.25  -26.16  -26.23  -26.35  -26.39  -26.45  -26.48  -26.41  -26.39  -26.41  -26.43  -26.55  -26.86  -27.20  -27.43  -27.69  -27.82
  500.00  -21.15  -20.95  -20.87  -20.99  -21.02  -21.12  -21.14  -21.05  -21.07  -21.26  -21.39  -21.34  -21.35  -21.35  -21.45  -21.61  -21.76  -21.88  -21.92  -21.87  -21.88  -21.92  -22.07  -22.16
  550.00  -16.26  -16.11  -16.00  -16.06  -16.18  -16.32  -16.32  -16.31  -16.46  -16.77  -16.84  -16.81  -16.87  -17.11  -17.45  -17.60  -17.71  -17.82  -17.91  -17.75  -17.51  -17.41  -17.47  -17.64
  600.00  -11.20  -11.18  -11.27  -11.55  -11.88  -12.15  -12.19  -12.24  -12.53  -12.95  -13.02  -13.06  -13.16  -13.47  -13.93  -14.26  -14.32  -14.30  -14.41  -14.45  -14.52  -14.71  -15.19  -15.27
  650.00   -6.78   -7.09   -7.35   -7.60   -7.88   -8.12   -8.20   -8.36   -8.82   -9.41   -9.46   -9.47   -9.60   -9.94  -10.40  -10.73  -10.96  -10.98  -10.83  -10.78  -10.85  -10.82  -11.08  -11.04
  700.00   -3.79   -4.16   -4.32   -4.41   -4.59   -4.77   -4.86   -5.10   -5.59   -5.95   -5.63   -5.49   -5.39   -5.66   -6.19   -6.61   -6.85   -7.00   -7.18   -7.26   -7.26   -7.17   -6.99   -6.96
  750.00   -1.56   -1.80   -1.87   -1.76   -1.74   -1.80   -1.73   -1.69   -1.72   -1.86   -1.69   -1.84   -1.92   -2.12   -2.32   -2.48   -2.66   -2.86   -3.03   -3.18   -3.22   -3.15   -2.62   -2.41
  775.00    0.06   -0.03   -0.03    0.07    0.12    0.16    0.27    0.32    0.12   -0.23   -0.24   -0.30   -0.30   -0.34   -0.41   -0.51   -0.67   -0.85   -1.00   -1.12   -1.13   -1.02   -0.50   -0.15
  800.00    2.06    2.04    2.04    2.12    2.17    2.12    2.08    1.95    1.60    1.22    1.29    1.34    1.38    1.36    1.34    1.29    1.20    1.06    0.94    0.86    0.90    1.03    1.55    1.87
  825.00    3.70    3.69    3.69    3.83    3.81    3.66    3.47    3.26    2.90    2.61    2.89    2.85    2.82    2.79    2.86    2.90    2.85    2.80    2.81    2.85    2.93    3.07    3.45    3.52
  850.00    4.66    4.62    4.57    4.70    4.65    4.53    4.35    4.12    3.77    3.56    4.05    3.80    3.68    3.71    3.95    4.08    4.11    4.15    4.27    4.41    4.56    4.68    4.72    4.68
  875.00    4.82    4.72    4.68    4.81    4.82    4.77    4.65    4.45    4.11    3.95    4.54    4.28    4.06    4.24    4.61    4.85    4.92    5.00    5.18    5.36    5.55    5.64    5.36    5.14
  900.00    4.54    4.40    4.32    4.48    4.58    4.64    4.55    4.35    4.00    3.84    4.79    4.55    3.99    4.09    4.50    5.00    5.04    5.08    5.26    5.45    5.62    5.69    5.29    5.02
  925.00    4.44    4.31    4.27    4.41    4.49    4.58    4.59    4.41    4.22    4.21    4.99    4.89    4.76    4.87    5.16    5.34    5.40    5.24    5.35    5.54    5.70    5.85    5.65    5.51
  950.00    5.38    5.25    5.18    5.24    5.26    5.33    5.41    5.39    5.37    5.46    6.05    6.28    6.52    6.76    6.94    6.76    6.60    6.39    6.35    6.50    6.67    6.83    6.94    6.90
  975.00    6.77    6.61    6.59    6.62    6.63    6.69    6.78    6.83    6.84    7.11    7.89    8.33    8.67    8.76    8.77    8.56    8.27    7.95    7.90    8.00    8.14    8.31    8.44    8.43
 1000.00    8.39    8.19    8.15    8.17    8.18    8.24    8.33    8.41    8.43    8.63    9.30    9.72   10.06   10.29   10.41   10.21    9.92    9.61    9.53    9.63    9.76    9.92   10.11   10.12
