#  level#  00:00#  01:00#  02:00#  03:00#  04:00#  05:00#  06:00#  07:00#  08:00#  09:00#  10:00#  11:00#  12:00#  13:00#  14:00#  15:00#  16:00#  17:00#  18:00#  19:00#  20:00#  21:00#  22:00#  23:00
    1.00   -9.05   -8.34   -7.72   -6.80   -5.78   -5.36   -5.53   -7.30   -7.98   -7.58   -7.82   -9.29  -11.45  -11.72  -10.83  -10.26   -9.17   -7.75   -6.67   -5.21   -4.93   -6.36   -7.44   -8.50
    2.00   -7.61   -8.04   -8.42  -10.26  -11.47  -12.10  -10.38   -9.53   -7.79   -7.17   -7.94   -8.00   -7.96   -7.45   -5.73   -4.74   -3.43   -1.37   -1.40   -3.85   -4.83   -3.20   -1.28    0.76
    3.00  -12.88  -13.66  -13.88  -14.59  -14.94  -15.67  -15.08  -14.63  -15.21  -15.32  -14.25  -13.03  -12.34  -12.96  -13.84  -15.34  -16.40  -14.63  -11.22  -10.87  -12.77  -12.50  -12.45  -13.38
   10.00  -38.86  -38.44  -38.05  -38.28  -38.16  -38.60  -39.20  -40.12  -40.48  -40.52  -40.15  -39.65  -38.60  -38.01  -38.29  -38.49  -38.67  -38.76  -38.34  -38.04  -37.86  -38.27  -39.72  -40.60
   20.00  -45.95  -46.34  -46.58  -46.82  -46.72  -46.26  -45.84  -46.36  -47.00  -47.28  -47.18  -47.26  -47.71  -48.01  -47.58  -46.68  -45.76  -45.26  -45.16  -45.53  -46.16  -46.38  -46.17  -46.31
   30.00  -50.83  -51.01  -51.28  -51.26  -50.91  -50.89  -50.72  -50.65  -50.73  -50.63  -51.08  -50.92  -50.80  -51.14  -51.45  -51.54  -51.27  -50.90  -51.06  -51.25  -51.24  -51.53  -51.52  -51.49
   50.00  -56.56  -56.68  -56.62  -56.67  -56.92  -57.11  -56.77  -56.31  -56.02  -55.94  -55.49  -55.36  -55.44  -55.53  -55.46  -55.59  -56.37  -57.03  -57.05  -56.61  -56.19  -55.75  -55.33  -55.09
   70.00  -59.12  -59.06  -59.35  -59.70  -59.87  -60.06  -59.93  -59.55  -59.09  -58.74  -58.26  -58.00  -57.90  -58.17  -58.48  -58.56  -58.62  -58.85  -59.01  -58.75  -58.31  -57.96  -58.25  -58.07
  100.00  -63.10  -63.24  -63.07  -62.98  -62.78  -62.75  -62.80  -62.67  -62.32  -62.10  -62.04  -62.10  -62.02  -62.11  -62.32  -62.20  -61.60  -60.65  -59.90  -59.67  -59.59  -59.50  -59.30  -58.84
  125.00  -62.86  -62.95  -62.85  -62.68  -62.46  -62.40  -62.58  -62.78  -62.62  -62.14  -61.72  -61.65  -61.68  -61.76  -61.96  -62.07  -62.05  -61.92  -61.66  -61.40  -61.03  -60.52  -60.69  -60.66
  150.00  -60.52  -60.76  -60.91  -60.87  -60.59  -60.25  -60.07  -60.19  -60.30  -60.27  -59.91  -59.56  -59.20  -58.92  -58.95  -59.09  -59.23  -59.35  -59.32  -59.22  -59.14  -58.89  -58.89  -58.59
  175.00  -56.21  -56.31  -56.45  -56.55  -56.59  -56.59  -56.58  -56.62  -56.68  -56.71  -56.63  -56.66  -56.69  -56.58  -56.43  -56.42  -56.57  -56.70  -56.67  -56.45  -56.18  -56.02  -55.88  -55.75
  200.00  -51.86  -51.81  -51.85  -51.86  -51.73  -51.55  -51.41  -51.34  -51.40  -51.53  -51.54  -51.65  -51.74  -51.68  -51.56  -51.49  -51.49  -51.55  -51.62  -51.66  -51.66  -51.68  -51.70  -52.05
  225.00  -48.61  -48.66  -48.82  -48.84  -48.60  -48.25  -47.96  -47.79  -47.85  -48.01  -47.81  -47.83  -47.82  -47.64  -47.35  -47.16  -47.05  -47.12  -47.28  -47.41  -47.51  -47.59  -47.61  -47.98
  250.00  -44.80  -44.73  -44.67  -44.71  -44.75  -44.73  -44.69  -44.56  -44.41  -44.36  -44.25  -44.22  -44.24  -44.21  -44.10  -43.97  -43.86  -43.82  -43.95  -44.05  -44.10  -44.17  -44.23  -44.46
  300.00  -35.15  -35.09  -35.15  -35.34  -35.63  -35.94  -36.21  -36.36  -36.36  -36.27  -36.82  -36.66  -36.44  -36.27  -36.15  -36.12  -36.13  -36.12  -36.16  -36.27  -36.37  -36.41  -36.34  -36.19
  350.00  -26.65  -26.75  -26.86  -27.02  -27.23  -27.41  -27.58  -27.74  -27.84  -27.89  -28.16  -28.41  -28.66  -28.81  -28.77  -28.58  -28.43  -28.35  -28.33  -28.39  -28.50  -28.52  -28.20  -28.01
  400.00  -19.69  -19.76  -19.70  -19.53  -19.39  -19.41  -19.60  -19.87  -20.14  -20.38  -20.27  -20.50  -20.71  -20.91  -21.11  -21.24  -21.31  -21.40  -21.51  -21.70  -21.97  -22.13  -21.89  -21.72
  450.00  -12.92  -12.85  -12.75  -12.67  -12.56  -12.44  -12.35  -12.34  -12.44  -12.60  -12.54  -12.73  -12.87  -13.06  -13.27  -13.44  -13.60  -13.80  -14.03  -14.27  -14.57  -14.85  -14.91  -15.23
  500.00   -7.03   -7.01   -6.98   -6.96   -6.96   -6.94   -6.88   -6.82   -6.72   -6.57   -6.60   -6.59   -6.53   -6.54   -6.64   -6.79   -6.97   -7.23   -7.54   -7.85   -8.20   -8.51   -8.38   -8.49
  550.00   -2.62   -2.63   -2.69   -2.74   -2.77   -2.81   -2.86   -2.92   -2.96   -2.92   -2.83   -2.79   -2.81   -2.62   -2.25   -2.08   -2.23   -2.59   -3.06   -3.38   -3.59   -3.71   -3.55   -3.91
  600.00    1.46    1.25    1.05    0.89    0.82    0.79    0.76    0.72    0.72    0.80    0.64    0.70    0.66    0.67    0.80    0.89    0.81    0.57    0.27    0.07   -0.03   -0.04   -0.11   -0.62
  650.00    5.87    5.61    5.30    4.99    4.78    4.72    4.72    4.70    4.67    4.65    4.38    4.60    4.72    4.81    4.91    4.95    4.89    4.76    4.64    4.62    4.52    4.36    4.16    3.83
  700.00    9.03    8.90    8.74    8.50    8.30    8.24    8.37    8.50    8.55    8.52    8.75    8.85    8.82    8.71    8.61    8.55    8.45    8.32    8.29    8.43    8.59    8.62    8.64    8.32
  750.00   11.12   11.30   11.44   11.31   11.04   10.84   10.74   10.70   10.61   10.44   10.79   10.81   10.72   10.70   10.70   10.87   11.01   11.09   11.11   11.16   11.25   11.26   11.54   11.21
  775.00   12.03   12.32   12.45   12.27   11.96   11.73   11.59   11.43   11.22   10.93   10.97   10.97   10.98   11.04   11.21   11.47   11.76   12.04   12.05   12.01   11.99   11.91   12.18   11.77
  800.00   12.22   12.60   12.76   12.59   12.33   12.10   12.03   11.92   11.73   11.48   11.08   11.19   11.25   11.32   11.47   11.68   11.90   12.22   12.27   12.29   12.32   12.17   12.21   11.75
  825.00   11.97   12.25   12.27   12.26   12.15   12.02   12.01   12.09   12.01   11.74   10.73   10.73   11.05   11.23   11.47   11.61   11.40   11.41   11.58   11.77   11.85   11.79   11.41   10.94
  850.00   11.20   11.36   11.23   11.27   11.39   11.39   11.44   11.34   11.23   11.10    9.71    9.93    9.96    9.89   10.03   10.17   10.29   10.50   10.33   10.43   10.63   10.41    9.56    9.20
  875.00   10.95   10.91   10.71   10.59   10.72   10.59   10.34   10.16   10.01    9.92    9.34    9.52    9.50    9.39    9.28    9.23    9.23    9.43    9.52    9.54    9.56    9.30    8.76    8.76
  900.00   11.56   11.49   11.19   11.05   11.23   10.99   10.86   10.77   10.67   10.66   10.52   10.46   10.41   10.35   10.18   10.01    9.90    9.71    9.70    9.76    9.74    9.75    9.75    9.60
  925.00   12.71   12.68   12.54   12.41   12.38   12.36   12.27   12.17   11.95   12.01   11.75   11.57   11.51   11.58   11.69   11.62   11.61   11.51   11.38   11.25   11.19   11.29   11.29   11.19
  950.00   14.27   14.21   14.11   14.12   13.89   13.87   13.79   13.63   13.72   13.81   13.47   13.40   13.34   13.41   13.52   13.52   13.54   13.48   13.45   13.39   13.32   13.23   13.08   13.00
  975.00   16.12   15.98   15.82   15.80   15.65   15.57   15.59   15.57   15.78   15.83   15.54   15.59   15.52   15.64   15.80   15.78   15.79   15.64   15.62   15.55   15.40   15.30   15.10   14.97
 1000.00   17.61   17.52   17.40   17.44   17.27   17.25   17.11   17.06   17.23   17.32   17.03   17.07   16.97   17.04   17.19   17.19   17.20   17.10   17.09   17.03   16.96   16.95   16.68   16.62
