#  level#  00:00#  01:00#  02:00#  03:00#  04:00#  05:00#  06:00#  07:00#  08:00#  09:00#  10:00#  11:00#  12:00#  13:00#  14:00#  15:00#  16:00#  17:00#  18:00#  19:00#  20:00#  21:00#  22:00#  23:00
    1.00   -4.65   -5.00   -5.34   -5.99   -7.30   -8.36  -10.02  -11.04   -9.34   -6.21   -4.24   -3.07   -3.60   -4.20   -4.14   -3.76   -3.29   -3.31   -3.04   -3.01   -2.90   -3.04   -3.05   -3.94
    2.00   -4.57   -5.34   -7.26   -8.58   -8.40   -7.09   -6.76   -7.15   -7.45   -8.02   -8.35   -8.01   -8.72   -8.96   -8.23   -7.55   -6.12   -5.07   -3.71   -3.76   -5.57   -7.37   -9.05   -8.66
    3.00  -12.66  -12.96  -12.79  -13.38  -15.34  -17.56  -18.25  -17.13  -15.75  -15.14  -13.45  -11.11  -10.96  -11.59  -12.02  -12.75  -13.91  -14.74  -15.59  -15.12  -14.49  -13.28  -13.44  -13.43
   10.00  -40.44  -41.65  -42.47  -42.35  -41.16  -39.87  -39.15  -38.50  -38.27  -38.99  -39.89  -40.54  -40.73  -41.04  -40.82  -39.66  -38.05  -37.16  -37.29  -38.40  -39.68  -40.20  -39.83  -39.46
   20.00  -50.42  -50.96  -51.12  -51.33  -51.73  -52.26  -52.73  -52.80  -52.18  -51.20  -50.40  -50.52  -50.51  -50.68  -51.24  -51.90  -52.58  -52.84  -52.35  -51.61  -50.37  -49.40  -49.89  -51.04
   30.00  -53.45  -53.55  -53.83  -54.27  -54.92  -55.19  -55.22  -55.38  -55.57  -55.79  -55.57  -55.47  -55.24  -54.82  -54.62  -54.84  -55.00  -55.26  -55.23  -54.95  -55.40  -55.93  -55.86  -55.88
   50.00  -56.07  -56.30  -56.40  -56.30  -56.06  -55.66  -55.08  -54.84  -55.23  -55.80  -55.94  -56.11  -56.32  -56.40  -56.15  -55.90  -55.76  -55.61  -55.95  -56.48  -56.21  -55.95  -56.58  -56.68
   70.00  -57.06  -56.88  -56.38  -55.66  -55.00  -54.76  -54.84  -54.97  -55.20  -55.58  -56.39  -56.36  -56.33  -56.42  -56.35  -56.32  -56.63  -56.63  -56.06  -55.97  -56.32  -56.42  -56.27  -56.12
  100.00  -54.58  -54.63  -54.97  -55.26  -55.34  -55.34  -55.50  -55.84  -56.27  -56.58  -56.45  -56.53  -56.53  -56.56  -56.60  -56.28  -55.75  -55.65  -55.68  -55.55  -55.26  -54.91  -54.26  -54.63
  125.00  -55.36  -54.99  -54.83  -54.87  -54.87  -54.72  -54.48  -54.15  -53.74  -53.50  -53.44  -53.75  -54.24  -54.73  -55.23  -55.69  -55.69  -55.73  -55.90  -56.07  -56.29  -56.45  -57.21  -57.41
  150.00  -56.67  -56.62  -56.54  -56.76  -57.20  -57.60  -57.90  -58.14  -58.28  -58.23  -57.53  -57.38  -57.22  -57.39  -57.73  -58.28  -58.75  -59.07  -59.21  -59.03  -58.90  -58.85  -58.63  -58.46
  175.00  -58.45  -58.59  -58.41  -58.23  -58.40  -58.80  -59.21  -59.71  -60.22  -60.62  -60.59  -61.17  -61.55  -61.98  -62.27  -62.34  -62.47  -62.56  -62.85  -63.14  -63.05  -62.54  -61.68  -61.54
  200.00  -60.53  -60.33  -60.31  -60.09  -59.88  -59.93  -60.02  -60.14  -60.35  -61.02  -61.70  -62.32  -62.89  -63.38  -63.82  -64.04  -64.04  -63.84  -63.64  -63.72  -63.87  -63.99  -64.03  -64.18
  225.00  -59.27  -59.17  -59.02  -59.05  -59.07  -59.00  -58.86  -58.81  -59.25  -60.07  -60.53  -60.33  -60.00  -59.66  -59.43  -59.29  -59.23  -59.19  -59.13  -59.21  -59.37  -59.56  -59.59  -59.72
  250.00  -54.37  -54.57  -54.66  -55.00  -55.33  -55.49  -55.55  -55.68  -55.93  -55.91  -55.75  -55.53  -55.18  -54.80  -54.48  -54.35  -54.29  -54.20  -54.21  -54.23  -54.24  -54.37  -54.40  -54.49
  300.00  -45.29  -45.65  -45.96  -46.16  -46.29  -46.36  -46.37  -46.39  -46.25  -45.97  -45.68  -45.67  -45.65  -45.62  -45.53  -45.46  -45.41  -45.27  -45.08  -45.04  -44.95  -44.77  -44.69  -44.54
  350.00  -37.07  -37.30  -37.51  -37.64  -37.75  -37.90  -38.04  -38.04  -37.84  -37.56  -37.60  -37.26  -36.98  -36.78  -36.60  -36.50  -36.54  -36.55  -36.39  -36.23  -36.26  -36.33  -36.28  -36.30
  400.00  -29.87  -29.91  -29.94  -29.87  -29.84  -29.95  -30.13  -30.27  -30.31  -30.17  -30.43  -30.18  -29.93  -29.63  -29.31  -29.04  -28.96  -28.99  -29.00  -29.01  -29.07  -29.22  -29.62  -29.66
  450.00  -23.15  -23.10  -23.08  -22.96  -22.83  -22.71  -22.65  -22.67  -22.76  -22.86  -23.36  -23.31  -23.20  -23.04  -22.87  -22.65  -22.48  -22.41  -22.37  -22.37  -22.34  -22.32  -22.47  -22.71
  500.00  -16.90  -16.91  -16.92  -16.85  -16.79  -16.77  -16.60  -16.34  -16.21  -16.18  -16.38  -16.32  -16.30  -16.36  -16.44  -16.49  -16.46  -16.47  -16.53  -16.54  -16.47  -16.31  -16.19  -16.27
  550.00  -11.32  -11.24  -11.20  -11.14  -11.23  -11.48  -11.62  -11.47  -11.13  -10.78  -10.53  -10.40  -10.36  -10.46  -10.58  -10.69  -10.81  -11.05  -11.31  -11.36  -11.28  -11.12  -11.01  -10.99
  600.00   -8.21   -7.75   -7.38   -6.93   -6.59   -6.63   -6.80   -6.91   -6.82   -6.59   -6.50   -6.18   -5.90   -5.81   -5.82   -5.89   -6.07   -6.37   -6.55   -6.53   -6.49   -6.43   -6.50   -6.64
  650.00   -6.49   -6.11   -5.71   -5.45   -4.82   -4.03   -3.50   -3.23   -2.92   -2.64   -2.70   -2.50   -2.24   -2.03   -1.88   -1.88   -2.02   -2.13   -2.15   -2.15   -2.26   -2.43   -2.97   -3.07
  700.00   -1.55   -1.70   -1.79   -1.89   -2.08   -2.01   -1.52   -1.10   -0.68   -0.11    0.27    0.57    0.82    1.00    1.39    1.54    1.55    1.71    1.84    2.00    2.01    1.82    1.62    2.06
  750.00    3.06    3.09    2.99    2.88    2.71    2.40    2.04    1.83    1.77    1.94    2.36    2.79    3.10    3.44    4.11    4.47    4.84    5.12    5.16    5.04    4.97    5.03    5.97    6.44
  775.00    4.98    5.03    4.86    4.73    4.64    4.31    4.05    3.78    3.55    3.50    3.91    4.12    4.30    4.76    5.23    5.85    6.26    6.54    6.47    6.27    6.18    6.41    7.81    8.13
  800.00    6.65    6.58    6.20    5.92    5.83    5.64    5.51    5.25    5.08    5.00    5.51    5.58    5.80    6.06    6.37    7.14    7.56    7.70    7.67    7.45    7.41    7.80    9.43    9.57
  825.00    7.94    7.60    6.88    6.28    6.00    6.06    6.00    5.83    5.84    5.96    6.49    6.57    6.99    6.40    6.65    8.08    8.50    8.55    8.66    8.53    8.62    9.13   10.73   10.68
  850.00    8.70    8.02    7.01    6.23    6.01    5.94    5.92    6.01    6.08    6.21    6.51    6.79    6.72    6.22    6.42    8.19    9.23    9.19    9.35    9.42    9.65   10.19   11.45   11.26
  875.00    8.89    7.87    6.92    6.47    6.12    6.24    6.32    6.43    6.35    6.24    6.28    6.60    6.73    6.72    7.01    8.48    9.59    9.73    9.90   10.09   10.29   10.74   11.42   11.19
  900.00    8.63    7.81    7.21    6.98    6.96    6.92    6.98    7.00    6.95    6.99    7.06    7.24    7.44    7.88    8.24    8.85    9.15    9.01    9.73   10.13   10.37   10.89   11.09   10.66
  925.00    8.50    8.18    8.14    8.01    8.02    8.11    8.11    8.01    8.08    7.96    8.08    8.42    8.88    9.42    9.72    9.85    9.97    9.65    9.50    9.83    9.98   10.25   10.04    9.71
  950.00    9.25    9.19    9.16    9.25    9.32    9.18    9.13    9.24    9.44    9.66    9.76   10.38   10.44   10.80   10.90   11.09   11.21   11.00   10.63   10.25   10.09   10.38   10.19    9.90
  975.00   10.69   10.72   10.71   10.72   10.76   10.75   10.78   11.01   11.48   11.55   11.66   12.18   12.23   12.43   12.44   12.31   12.38   12.25   12.11   11.93   11.81   11.72   11.61   11.41
 1000.00   12.49   12.44   12.42   12.46   12.47   12.48   12.45   12.67   13.08   13.03   12.93   13.45   13.54   13.82   13.71   13.56   13.63   13.61   13.47   13.20   12.97   12.88   12.94   12.83
