#  level#  00:00#  01:00#  02:00#  03:00#  04:00#  05:00#  06:00#  07:00#  08:00#  09:00#  10:00#  11:00#  12:00#  13:00#  14:00#  15:00#  16:00#  17:00#  18:00#  19:00#  20:00#  21:00#  22:00#  23:00
    1.00  -16.61  -17.38  -19.26  -20.83  -21.18  -21.21  -21.37  -21.97  -21.84  -21.34  -21.69  -20.66  -19.13  -18.96  -19.58  -19.16  -19.26  -19.40  -18.83  -18.58  -19.41  -20.22  -21.38  -21.84
    2.00  -21.26  -22.44  -23.35  -24.45  -26.03  -26.14  -25.78  -26.05  -25.97  -25.82  -25.92  -26.17  -24.90  -24.27  -23.90  -23.40  -23.94  -23.65  -23.08  -22.57  -20.96  -20.20  -19.70  -18.37
    3.00  -29.27  -29.31  -30.18  -31.16  -31.82  -32.77  -33.47  -33.77  -33.44  -32.17  -31.07  -30.65  -30.14  -30.53  -30.78  -30.51  -30.66  -31.20  -31.76  -31.65  -30.73  -30.48  -30.73  -30.07
   10.00  -61.43  -61.03  -61.27  -61.80  -62.01  -61.68  -60.79  -59.47  -59.03  -59.04  -58.71  -59.32  -59.40  -59.70  -60.48  -59.86  -58.23  -57.47  -57.58  -57.90  -57.49  -57.49  -58.51  -58.89
   20.00  -63.58  -63.36  -63.55  -63.83  -63.64  -64.25  -64.48  -64.40  -64.71  -64.58  -63.62  -63.32  -63.68  -63.31  -63.34  -64.04  -64.94  -65.44  -65.02  -64.86  -65.53  -66.14  -65.55  -65.81
   30.00  -64.87  -64.82  -64.93  -64.60  -64.99  -65.50  -65.58  -65.26  -64.98  -65.29  -65.15  -65.28  -65.45  -65.79  -65.67  -65.13  -64.78  -64.48  -64.90  -65.18  -65.33  -65.83  -66.05  -65.71
   50.00  -64.49  -64.39  -64.75  -65.10  -65.14  -65.00  -65.10  -65.40  -65.45  -65.71  -65.75  -66.05  -65.79  -65.29  -65.21  -65.13  -65.20  -65.43  -65.51  -65.56  -65.48  -65.08  -64.58  -64.61
   70.00  -63.65  -63.22  -62.75  -62.99  -63.53  -63.44  -62.68  -62.53  -62.68  -62.58  -62.68  -62.76  -63.20  -63.59  -63.73  -63.93  -64.15  -63.96  -63.80  -63.60  -63.22  -62.67  -62.85  -63.28
  100.00  -59.66  -59.96  -60.46  -60.41  -60.12  -60.26  -60.65  -60.86  -60.79  -60.98  -61.04  -60.62  -60.14  -60.18  -60.84  -61.26  -61.15  -61.38  -61.76  -62.07  -62.16  -62.41  -62.57  -62.34
  125.00  -58.98  -59.32  -59.92  -60.36  -60.46  -60.36  -60.28  -60.26  -60.04  -59.58  -59.96  -60.24  -60.69  -61.28  -61.27  -60.68  -61.06  -61.21  -61.16  -61.16  -60.99  -60.88  -60.85  -61.08
  150.00  -56.45  -56.66  -57.01  -57.53  -58.02  -58.41  -58.73  -59.05  -59.46  -59.65  -59.50  -59.34  -59.49  -59.81  -60.56  -60.82  -60.21  -59.91  -59.84  -60.06  -60.54  -60.73  -60.00  -59.58
  175.00  -54.71  -55.02  -55.31  -55.70  -56.05  -56.28  -56.61  -56.96  -57.28  -57.83  -58.24  -58.18  -58.20  -58.36  -58.69  -59.22  -59.82  -60.10  -59.98  -59.78  -59.96  -60.51  -60.17  -60.10
  200.00  -53.49  -53.91  -54.48  -55.16  -55.75  -56.10  -56.49  -57.03  -57.52  -58.03  -58.60  -58.65  -58.88  -59.14  -59.26  -59.22  -59.26  -59.61  -59.92  -59.91  -59.71  -59.85  -59.80  -59.82
  225.00  -53.55  -53.76  -54.05  -54.48  -55.02  -55.52  -56.00  -56.47  -56.87  -57.08  -57.45  -57.61  -57.80  -57.94  -57.90  -57.76  -57.77  -58.02  -58.33  -58.56  -58.61  -58.66  -58.98  -59.05
  250.00  -52.75  -53.05  -53.24  -53.37  -53.80  -54.42  -55.01  -55.35  -55.50  -55.45  -55.56  -55.54  -55.65  -55.66  -55.54  -55.38  -55.29  -55.34  -55.55  -55.84  -56.03  -56.00  -56.01  -55.99
  300.00  -53.82  -53.57  -53.41  -53.22  -53.05  -52.78  -52.20  -51.53  -51.23  -51.09  -50.65  -50.40  -50.17  -49.99  -49.77  -49.48  -49.17  -48.85  -48.72  -48.74  -48.78  -48.66  -48.60  -48.55
  350.00  -45.98  -45.92  -45.81  -45.64  -45.38  -45.11  -44.93  -44.80  -44.62  -44.41  -43.89  -43.66  -43.36  -43.08  -42.98  -42.97  -42.88  -42.66  -42.39  -42.11  -41.95  -41.81  -41.85  -41.75
  400.00  -37.66  -37.52  -37.39  -37.30  -37.20  -37.04  -36.83  -36.67  -36.60  -36.58  -36.31  -36.25  -36.14  -35.99  -35.90  -35.89  -35.91  -35.88  -35.79  -35.64  -35.46  -35.34  -35.50  -35.46
  450.00  -30.49  -30.39  -30.22  -30.02  -29.79  -29.59  -29.43  -29.28  -29.17  -29.07  -28.76  -28.74  -28.79  -28.87  -28.99  -29.13  -29.25  -29.29  -29.30  -29.30  -29.25  -29.18  -29.39  -29.45
  500.00  -24.58  -24.62  -24.47  -24.11  -23.66  -23.30  -23.01  -22.77  -22.60  -22.53  -22.26  -22.30  -22.40  -22.55  -22.74  -22.95  -23.14  -23.25  -23.26  -23.25  -23.25  -23.24  -23.32  -23.40
  550.00  -19.41  -19.60  -19.70  -19.54  -19.15  -18.82  -18.48  -18.10  -17.77  -17.60  -17.21  -17.25  -17.37  -17.51  -17.67  -17.79  -17.90  -18.00  -18.02  -17.95  -17.87  -17.87  -18.05  -18.14
  600.00  -15.03  -15.10  -15.09  -14.97  -14.87  -14.84  -14.80  -14.62  -14.33  -14.01  -13.32  -13.26  -13.20  -13.12  -13.07  -13.01  -12.97  -12.98  -13.02  -13.04  -13.08  -13.17  -13.43  -13.49
  650.00  -11.01  -10.97  -10.92  -10.78  -10.67  -10.66  -10.62  -10.54  -10.38  -10.18   -9.69   -9.60   -9.42   -9.18   -8.99   -8.81   -8.70   -8.67   -8.75   -8.84   -8.94   -9.06   -9.22   -9.26
  700.00   -7.27   -6.93   -6.81   -6.71   -6.67   -6.73   -6.76   -6.74   -6.66   -6.48   -6.45   -6.46   -6.37   -6.15   -5.88   -5.62   -5.43   -5.30   -5.24   -5.17   -5.10   -5.08   -5.01   -5.02
  750.00   -5.06   -4.64   -4.16   -3.61   -3.26   -3.18   -3.14   -3.10   -3.06   -2.98   -3.45   -3.61   -3.61   -3.48   -3.23   -2.98   -2.79   -2.53   -2.27   -2.02   -1.81   -1.71   -1.54   -1.58
  775.00   -4.08   -3.69   -3.48   -2.85   -2.46   -2.43   -2.43   -2.20   -1.98   -1.75   -2.27   -2.43   -2.39   -2.23   -2.00   -1.77   -1.59   -1.33   -1.06   -0.81   -0.58   -0.51   -0.36   -0.49
  800.00   -2.87   -2.62   -2.63   -2.45   -2.55   -2.83   -2.96   -2.71   -2.35   -1.88   -2.10   -2.06   -1.69   -1.33   -1.01   -0.72   -0.50   -0.24   -0.03    0.15    0.30    0.34    0.37    0.19
  825.00   -1.57   -1.66   -1.81   -2.03   -2.34   -2.55   -2.87   -3.07   -3.14   -3.12   -2.83   -2.76   -1.93   -1.26   -0.84   -0.25    0.23    0.54    0.66    0.77    0.87    0.86    0.47    0.16
  850.00   -0.26   -0.64   -0.70   -0.87   -1.03   -1.22   -1.42   -1.72   -1.91   -2.27   -2.28   -2.35   -2.06   -1.85   -1.64   -1.11   -0.55    0.00    0.26    0.18    0.21    0.26   -0.42   -0.59
  875.00    0.92    0.67    0.71    0.51    0.37    0.32   -0.01   -0.24   -0.51   -0.80   -0.66   -0.62   -0.65   -0.64   -0.66   -0.80   -0.84   -0.73   -0.74   -0.81   -0.76   -0.86   -0.75   -0.89
  900.00    2.34    2.32    2.26    2.12    2.04    1.90    1.46    1.24    1.10    0.78    0.86    0.98    1.05    1.00    1.11    1.00    0.70    0.54    0.40    0.28    0.19    0.07    0.27    0.26
  925.00    3.76    3.83    3.71    3.55    3.59    3.43    3.09    2.89    2.79    2.59    2.62    2.58    2.56    2.46    2.66    2.62    2.48    2.21    2.13    1.88    1.74    1.64    1.79    1.68
  950.00    5.39    5.40    5.21    5.07    4.97    4.84    4.61    4.44    4.28    4.18    4.18    4.13    4.01    4.17    4.17    4.07    4.00    3.76    3.71    3.59    3.48    3.40    3.45    3.35
  975.00    7.01    7.04    6.85    6.72    6.66    6.43    6.35    6.18    6.14    6.09    6.11    6.07    5.99    6.09    6.13    6.06    5.97    5.67    5.49    5.36    5.24    5.20    5.24    5.14
 1000.00    8.64    8.69    8.46    8.23    8.18    7.92    7.91    7.78    7.68    7.58    7.57    7.51    7.43    7.52    7.55    7.49    7.44    7.19    7.05    6.92    6.80    6.73    6.75    6.68
