#  level#  00:00#  01:00#  02:00#  03:00#  04:00#  05:00#  06:00#  07:00#  08:00#  09:00#  10:00#  11:00#  12:00#  13:00#  14:00#  15:00#  16:00#  17:00#  18:00#  19:00#  20:00#  21:00#  22:00#  23:00
    1.00  -11.15  -12.03  -13.02  -12.89  -12.11  -15.08  -16.12  -15.74  -14.45  -11.24  -10.70  -10.24  -11.05  -13.03  -11.90  -10.33   -9.35   -9.81   -9.45  -11.17  -11.34  -11.68  -11.27  -11.30
    2.00  -16.63  -15.02  -15.30  -16.82  -17.83  -14.96  -16.95  -19.59  -20.29  -21.13  -17.88  -15.96  -14.94  -14.10  -14.21  -14.79  -13.94  -15.03  -16.38  -16.48  -16.37  -13.42  -13.52  -13.97
    3.00  -24.55  -24.19  -22.94  -22.65  -24.24  -24.25  -22.99  -23.52  -23.81  -25.41  -27.53  -26.31  -24.20  -23.16  -22.65  -23.16  -22.37  -21.66  -22.32  -23.19  -24.87  -26.51  -26.95  -26.57
   10.00  -42.51  -43.44  -42.72  -44.65  -43.63  -43.71  -43.98  -43.50  -42.55  -42.95  -43.63  -44.03  -44.06  -44.25  -44.64  -45.27  -44.56  -43.59  -42.84  -42.80  -43.13  -43.23  -43.33  -43.70
   20.00  -49.90  -49.86  -50.45  -50.95  -52.27  -52.43  -51.52  -50.32  -49.92  -50.73  -50.02  -49.71  -50.26  -51.06  -51.63  -51.75  -51.35  -50.77  -50.30  -50.43  -51.07  -51.26  -50.87  -50.94
   30.00  -54.69  -54.81  -55.30  -55.28  -55.45  -55.54  -55.33  -54.60  -53.68  -53.34  -54.04  -54.58  -54.58  -54.07  -54.01  -54.84  -55.51  -55.78  -55.35  -54.38  -53.69  -53.80  -54.17  -54.53
   50.00  -57.40  -57.34  -57.17  -56.81  -56.12  -56.05  -56.32  -56.58  -56.78  -56.98  -57.30  -57.57  -57.81  -58.22  -57.97  -57.68  -57.11  -56.81  -56.83  -57.16  -57.40  -57.66  -57.78  -57.79
   70.00  -58.39  -58.30  -58.28  -58.66  -59.06  -59.66  -59.86  -60.39  -60.49  -60.41  -60.15  -59.87  -59.48  -59.40  -59.45  -59.54  -59.45  -59.48  -59.43  -59.44  -59.52  -59.43  -59.80  -60.26
  100.00  -58.41  -59.46  -60.10  -60.28  -59.91  -60.11  -60.27  -60.32  -60.75  -60.96  -60.82  -61.05  -61.27  -61.59  -61.67  -61.60  -61.47  -61.38  -61.38  -61.44  -61.80  -62.13  -62.13  -62.39
  125.00  -58.64  -58.16  -58.73  -59.46  -59.66  -59.34  -59.69  -59.73  -59.93  -60.48  -60.46  -60.41  -60.31  -60.57  -61.03  -61.36  -61.87  -62.40  -62.63  -62.61  -62.64  -62.71  -62.53  -62.76
  150.00  -57.10  -56.67  -56.47  -57.14  -57.93  -57.87  -58.07  -58.29  -58.49  -58.59  -58.52  -58.63  -58.84  -59.19  -59.94  -60.31  -60.12  -60.51  -61.41  -61.90  -62.04  -62.22  -62.74  -63.72
  175.00  -55.53  -55.84  -55.80  -56.10  -56.62  -56.74  -56.73  -56.53  -56.58  -56.69  -56.81  -57.11  -57.33  -57.52  -57.99  -59.27  -60.33  -61.26  -62.45  -63.66  -64.24  -64.44  -64.45  -64.41
  200.00  -54.12  -54.53  -54.86  -55.05  -55.15  -55.08  -55.11  -54.90  -54.91  -55.18  -55.68  -55.80  -56.04  -56.23  -56.29  -56.73  -57.72  -58.15  -58.32  -58.59  -58.88  -59.03  -59.14  -58.96
  225.00  -51.76  -51.71  -52.01  -52.33  -52.69  -52.71  -52.83  -52.80  -52.64  -52.79  -53.52  -53.53  -53.53  -53.65  -53.78  -54.09  -54.41  -54.57  -54.22  -53.64  -53.35  -53.41  -53.67  -53.50
  250.00  -48.97  -49.03  -49.19  -49.02  -49.20  -49.16  -49.25  -49.54  -49.50  -49.49  -49.66  -49.51  -49.46  -49.25  -49.13  -49.02  -48.88  -48.85  -48.83  -48.56  -48.21  -47.90  -48.04  -48.02
  300.00  -41.62  -41.58  -41.32  -40.97  -40.86  -40.80  -40.66  -40.83  -41.05  -41.18  -41.41  -41.43  -41.45  -41.43  -41.28  -41.08  -40.73  -40.27  -39.80  -39.17  -38.63  -38.62  -38.81  -38.77
  350.00  -36.18  -35.91  -35.51  -35.07  -34.68  -34.36  -33.85  -33.79  -33.81  -33.83  -33.70  -33.65  -33.48  -33.47  -33.31  -33.13  -32.95  -32.72  -32.44  -32.22  -31.89  -31.33  -30.31  -29.95
  400.00  -28.62  -28.25  -28.07  -27.95  -27.91  -27.93  -27.98  -27.95  -27.74  -27.53  -27.45  -27.37  -27.25  -27.04  -26.68  -26.27  -25.85  -25.42  -25.05  -24.80  -24.62  -24.42  -23.80  -23.50
  450.00  -21.83  -21.82  -21.88  -21.86  -21.77  -21.87  -21.84  -21.63  -21.20  -20.76  -20.62  -20.49  -20.26  -19.85  -19.32  -18.85  -18.40  -18.03  -17.82  -17.78  -17.89  -18.02  -17.74  -17.42
  500.00  -15.93  -15.92  -16.03  -16.08  -16.05  -16.03  -15.74  -15.39  -15.09  -14.76  -14.46  -14.24  -14.05  -13.80  -13.26  -12.71  -12.28  -11.85  -11.49  -11.38  -11.50  -11.69  -11.71  -11.66
  550.00  -10.81  -10.67  -10.70  -10.76  -10.83  -10.92  -10.77  -10.33   -9.85   -9.46   -9.04   -8.72   -8.51   -8.41   -8.21   -7.80   -7.32   -6.92   -6.62   -6.56   -6.67   -6.77   -6.60   -6.48
  600.00   -6.40   -6.38   -6.34   -6.19   -6.11   -6.21   -6.23   -6.18   -5.89   -5.36   -4.79   -4.32   -4.06   -3.93   -3.83   -3.66   -3.38   -3.14   -2.88   -2.80   -2.90   -3.02   -2.78   -2.55
  650.00   -3.24   -3.25   -3.39   -3.23   -3.02   -3.16   -3.42   -3.64   -3.56   -3.27   -2.48   -1.77   -1.33   -1.03   -0.76   -0.61   -0.43   -0.39   -0.24    0.05    0.26    0.37    0.56    0.79
  700.00   -1.08   -1.01   -1.16   -1.18   -1.11   -1.35   -1.43   -1.62   -1.46   -1.26   -1.15   -0.75   -0.45    0.26    0.78    1.11    1.45    1.60    1.66    1.92    2.33    2.59    2.57    2.74
  750.00    0.89    0.99    0.98    0.95    1.09    0.91    0.87    1.11    1.26    1.43    1.45    1.54    1.97    2.24    2.64    2.96    3.15    3.10    3.15    3.44    3.74    3.94    3.50    3.71
  775.00    2.37    2.39    2.36    2.36    2.47    2.45    2.52    2.79    2.84    3.29    3.30    3.32    3.56    3.67    3.97    4.15    4.30    4.24    4.28    4.50    4.81    5.01    4.45    4.69
  800.00    4.01    3.96    3.91    3.95    3.95    3.95    4.02    4.16    4.06    4.42    4.57    4.77    5.00    5.06    5.31    5.43    5.51    5.52    5.45    5.54    5.71    5.76    5.28    5.61
  825.00    5.49    5.41    5.33    5.39    5.48    5.45    5.35    5.46    5.32    5.65    5.75    5.94    6.36    6.53    6.59    6.53    6.60    6.73    6.55    6.68    6.64    6.62    6.28    6.62
  850.00    7.03    6.86    6.77    6.76    6.87    6.75    6.62    6.70    6.74    7.03    6.84    7.14    7.70    7.99    8.04    7.93    7.94    8.14    7.93    7.95    7.90    7.92    7.73    7.93
  875.00    8.41    8.12    8.02    7.95    8.01    7.87    7.80    7.92    8.18    8.48    8.25    8.38    8.96    9.26    9.35    9.46    9.43    9.24    9.16    9.12    9.10    9.15    9.29    9.36
  900.00    9.58    9.25    9.09    9.01    9.15    8.99    9.06    9.26    9.63    9.86    9.63    9.70   10.08   10.42   10.66   10.80   10.49   10.46   10.36   10.26   10.23   10.22   10.65   10.59
  925.00   10.56   10.23   10.21   10.00   10.07   10.07   10.27   10.56   11.03   11.18   10.83   10.84   10.92   11.45   11.64   11.90   11.64   11.82   11.56   11.47   11.48   11.59   11.78   11.71
  950.00   11.76   11.67   11.56   11.44   11.38   11.40   11.47   11.65   12.15   12.38   12.05   11.99   12.08   12.40   12.88   13.15   13.20   13.19   12.80   12.76   12.78   12.76   12.82   12.74
  975.00   13.32   13.13   12.86   12.89   12.88   12.76   12.85   12.98   13.56   14.00   13.77   14.10   14.26   14.68   15.00   15.16   15.21   14.77   14.31   14.11   13.98   14.15   14.07   14.02
 1000.00   14.92   14.75   14.53   14.55   14.64   14.53   14.54   14.56   15.02   15.31   14.91   15.18   15.17   15.53   16.03   16.25   16.39   16.08   15.74   15.64   15.66   15.85   15.53   15.47
