# 2014/03/01

1003.3	14.0	15.5	1.0	37.0	4.1	180.0	0.0	288.4	298.4	289.1
1002.1	24.0	11.4	2.2	53.0	4.5	214.5	1.1	284.4	295.4	285.2
1000.7	35.0	7.5	1.8	67.0	4.3	189.5	1.5	280.6	291.4	281.4
999.3	47.0	7.4	3.3	75.0	4.8	190.4	1.8	280.7	292.6	281.5
998.1	57.0	7.3	4.1	80.0	5.1	186.1	2.2	280.7	293.3	281.5
997.0	66.0	7.2	4.8	85.0	5.4	182.2	2.6	280.6	293.9	281.5
995.8	76.0	7.1	5.2	88.0	5.6	178.9	3.0	280.6	294.4	281.6
994.8	85.0	7.0	5.5	90.0	5.7	175.5	3.4	280.6	294.7	281.6
993.5	95.0	7.0	5.7	91.0	5.8	172.2	3.9	280.7	294.9	281.7
992.2	106.0	6.9	5.6	91.0	5.8	169.1	4.3	280.7	294.9	281.7
991.0	116.0	6.9	5.6	92.0	5.8	166.4	4.8	280.8	295.0	281.8
989.9	125.0	6.8	5.6	92.0	5.8	163.9	5.3	280.8	295.0	281.8
988.9	133.0	6.7	5.6	92.0	5.8	161.6	5.7	280.8	295.0	281.8
987.7	143.0	6.7	5.6	93.0	5.7	159.5	6.2	280.9	295.1	281.9
986.4	154.0	6.6	5.5	93.0	5.7	157.8	6.6	280.9	295.0	281.9
985.2	164.0	6.5	5.4	92.0	5.7	156.3	7.0	280.9	294.9	281.8
984.0	174.0	6.6	5.2	91.0	5.6	155.3	7.4	281.1	295.0	282.0
982.7	185.0	6.6	5.0	90.0	5.6	154.4	7.7	281.2	294.9	282.1
981.4	196.0	6.5	4.9	89.0	5.5	153.9	8.1	281.2	294.9	282.1
980.2	206.0	6.5	4.8	89.0	5.5	153.9	8.4	281.3	294.9	282.2
978.9	217.0	6.5	4.6	88.0	5.4	154.2	8.6	281.4	294.8	282.3
977.6	227.0	6.5	4.5	87.0	5.4	154.9	8.8	281.5	294.8	282.4
976.3	238.0	6.5	4.4	86.0	5.3	156.0	9.1	281.6	294.8	282.5
975.0	249.0	6.4	4.3	86.0	5.3	157.3	9.3	281.6	294.7	282.5
974.0	257.0	6.4	4.2	86.0	5.3	159.0	9.5	281.7	294.8	282.6
973.0	266.0	6.3	4.2	86.0	5.3	161.1	9.8	281.7	294.8	282.6
971.7	277.0	6.3	4.0	85.0	5.2	163.2	10.0	281.8	294.7	282.7
970.3	289.0	6.3	3.8	84.0	5.2	165.6	10.4	281.9	294.7	282.8
968.9	301.0	6.3	3.7	84.0	5.1	168.0	10.8	282.0	294.7	282.9
967.8	310.0	6.2	3.7	84.0	5.1	170.4	11.2	282.0	294.7	282.9
966.7	320.0	6.1	3.6	84.0	5.1	172.7	11.7	282.0	294.6	282.9
965.5	330.0	6.0	3.5	84.0	5.1	174.9	12.3	282.0	294.6	282.9
964.2	341.0	5.9	3.5	84.0	5.1	177.0	12.8	282.0	294.6	282.9
963.1	350.0	5.9	3.4	84.0	5.1	178.9	13.4	282.1	294.6	283.0
962.1	359.0	5.8	3.3	84.0	5.0	180.7	14.0	282.1	294.5	282.9
961.1	367.0	5.8	3.3	84.0	5.0	182.5	14.5	282.2	294.6	283.0
960.0	377.0	5.7	3.2	84.0	5.0	184.1	15.0	282.2	294.6	283.0
958.9	386.0	5.6	3.2	84.0	5.0	185.6	15.5	282.2	294.5	283.0
957.9	395.0	5.6	3.2	85.0	5.0	187.0	15.9	282.2	294.6	283.1
956.7	405.0	5.5	3.1	85.0	5.0	188.5	16.3	282.2	294.6	283.1
955.5	415.0	5.4	3.1	85.0	5.0	189.8	16.6	282.2	294.5	283.1
954.3	425.0	5.3	3.0	85.0	5.0	191.0	16.8	282.2	294.5	283.1
953.2	434.0	5.2	3.0	86.0	5.0	192.1	17.1	282.2	294.5	283.1
952.2	443.0	5.1	2.9	86.0	5.0	193.1	17.3	282.2	294.5	283.1
951.2	452.0	5.1	2.9	85.0	4.9	194.0	17.4	282.3	294.5	283.1
950.1	462.0	5.1	2.7	85.0	4.9	194.8	17.6	282.4	294.5	283.2
948.7	473.0	5.0	2.6	85.0	4.8	195.5	17.8	282.4	294.4	283.2
947.4	485.0	4.9	2.5	85.0	4.8	196.1	18.0	282.4	294.4	283.2
946.1	496.0	4.8	2.5	85.0	4.8	196.7	18.2	282.4	294.4	283.2
944.7	508.0	4.7	2.4	85.0	4.8	197.3	18.5	282.5	294.4	283.3
943.2	521.0	4.6	2.4	86.0	4.8	197.8	18.7	282.5	294.4	283.3
941.9	532.0	4.5	2.3	86.0	4.8	198.4	19.0	282.5	294.3	283.3
940.7	542.0	4.4	2.3	86.0	4.8	199.2	19.3	282.5	294.3	283.3
939.4	554.0	4.3	2.3	86.0	4.8	200.0	19.6	282.5	294.3	283.3
938.1	565.0	4.2	2.2	87.0	4.8	200.9	19.9	282.5	294.3	283.3
936.9	576.0	4.2	2.2	87.0	4.8	201.9	20.3	282.6	294.4	283.4
935.7	586.0	4.1	2.1	87.0	4.8	203.0	20.6	282.6	294.4	283.4
934.4	597.0	4.1	2.1	87.0	4.8	204.1	21.0	282.7	294.5	283.5
933.3	607.0	4.0	2.0	87.0	4.7	205.3	21.3	282.7	294.4	283.5
932.0	618.0	3.9	2.0	87.0	4.7	206.5	21.6	282.7	294.4	283.5
930.7	629.0	3.9	1.9	87.0	4.7	207.7	21.9	282.8	294.5	283.6
929.6	639.0	3.8	1.8	87.0	4.7	208.9	22.2	282.8	294.5	283.6
928.5	648.0	3.7	1.8	87.0	4.7	210.2	22.5	282.8	294.4	283.6
927.4	658.0	3.6	1.8	87.0	4.7	211.4	22.7	282.8	294.4	283.6
926.3	668.0	3.6	1.7	88.0	4.7	212.5	22.9	282.9	294.5	283.7
925.1	678.0	3.5	1.7	87.0	4.7	213.6	23.1	282.9	294.4	283.7
924.0	688.0	3.5	1.6	87.0	4.6	214.6	23.3	283.0	294.5	283.8
922.8	699.0	3.5	1.6	87.0	4.6	215.7	23.4	283.1	294.6	283.9
921.7	709.0	3.5	1.5	87.0	4.6	216.5	23.6	283.2	294.7	284.0
920.6	719.0	3.5	1.5	87.0	4.6	217.4	23.7	283.3	294.7	284.1
919.4	729.0	3.4	1.4	87.0	4.6	218.2	23.8	283.3	294.7	284.1
918.2	739.0	3.3	1.4	87.0	4.6	218.9	24.0	283.3	294.7	284.1
917.0	750.0	3.2	1.3	87.0	4.6	219.6	24.1	283.3	294.6	284.1
915.8	760.0	3.1	1.2	88.0	4.6	220.1	24.2	283.3	294.6	284.1
914.7	770.0	3.0	1.1	88.0	4.5	220.5	24.3	283.3	294.6	284.1
913.6	780.0	2.9	1.1	88.0	4.5	221.0	24.3	283.3	294.5	284.1
912.4	790.0	2.8	1.1	89.0	4.5	221.3	24.4	283.3	294.6	284.1
911.4	799.0	2.7	1.1	89.0	4.5	221.6	24.5	283.3	294.5	284.1
910.4	808.0	2.7	1.1	89.0	4.5	221.9	24.5	283.4	294.6	284.2
909.2	819.0	2.6	1.0	90.0	4.5	222.2	24.6	283.4	294.6	284.2
908.1	829.0	2.5	1.0	90.0	4.5	222.5	24.6	283.4	294.6	284.2
907.0	839.0	2.4	0.9	90.0	4.5	222.8	24.6	283.4	294.6	284.2
906.1	847.0	2.3	0.9	90.0	4.5	223.1	24.6	283.4	294.5	284.1
904.9	857.0	2.2	0.9	91.0	4.5	223.6	24.5	283.4	294.5	284.1
903.8	868.0	2.2	0.9	91.0	4.5	224.1	24.5	283.5	294.7	284.2
902.7	877.0	2.1	0.9	91.0	4.5	224.7	24.4	283.5	294.7	284.2
901.6	887.0	2.2	0.9	91.0	4.5	225.5	24.3	283.7	294.9	284.4
900.5	897.0	2.2	0.9	91.0	4.5	226.4	24.3	283.8	295.0	284.5
899.6	905.0	2.2	0.9	91.0	4.5	227.5	24.2	283.9	295.1	284.6
898.6	914.0	2.1	0.9	92.0	4.5	228.6	24.1	283.8	295.1	284.6
897.6	923.0	2.1	0.9	92.0	4.5	229.8	24.1	283.9	295.2	284.7
896.5	933.0	2.1	0.8	91.0	4.5	231.1	24.1	284.0	295.3	284.8
895.4	943.0	2.1	0.8	91.0	4.5	232.4	24.1	284.1	295.4	284.9
894.3	953.0	2.1	0.8	91.0	4.5	233.7	24.2	284.2	295.5	285.0
893.2	962.0	2.1	0.8	91.0	4.5	234.9	24.2	284.3	295.6	285.1
892.2	972.0	2.0	0.8	91.0	4.5	235.9	24.3	284.3	295.6	285.1
891.1	982.0	2.0	0.8	92.0	4.5	236.9	24.4	284.4	295.7	285.2
889.8	993.0	2.1	0.9	92.0	4.6	237.6	24.5	284.6	296.0	285.4
888.6	1004.0	2.1	0.9	92.0	4.6	238.1	24.5	284.7	296.2	285.5
887.5	1014.0	2.2	1.0	92.0	4.6	238.5	24.5	285.0	296.4	285.7
886.5	1024.0	2.2	0.9	91.0	4.6	238.7	24.4	285.0	296.5	285.8
885.3	1034.0	2.2	0.8	90.0	4.6	238.7	24.3	285.2	296.5	285.9
884.2	1044.0	2.2	0.8	90.0	4.6	238.4	24.1	285.3	296.6	286.0
883.1	1054.0	2.1	0.8	91.0	4.6	238.1	23.9	285.3	296.6	286.0
882.1	1064.0	2.1	0.7	91.0	4.6	237.6	23.7	285.3	296.7	286.1
881.0	1074.0	2.0	0.7	91.0	4.6	237.0	23.4	285.3	296.7	286.1
880.0	1083.0	2.0	0.7	91.0	4.6	236.3	23.1	285.4	296.8	286.2
878.9	1093.0	2.0	0.7	91.0	4.6	235.5	22.8	285.5	296.9	286.3
877.9	1103.0	2.0	0.7	91.0	4.6	234.7	22.5	285.6	297.0	286.4
876.8	1113.0	2.0	0.6	91.0	4.6	233.9	22.2	285.7	297.0	286.5
875.7	1123.0	1.9	0.6	91.0	4.5	233.2	22.0	285.7	297.0	286.5
874.6	1133.0	1.8	0.5	91.0	4.5	232.4	21.8	285.7	297.0	286.5
873.4	1144.0	1.8	0.5	91.0	4.5	231.8	21.6	285.8	297.1	286.6
872.2	1155.0	1.7	0.4	91.0	4.5	231.2	21.4	285.9	297.1	286.6
871.1	1165.0	1.6	0.4	92.0	4.5	230.7	21.3	285.8	297.0	286.6
870.1	1174.0	1.5	0.3	92.0	4.5	230.4	21.1	285.8	297.0	286.6
869.1	1183.0	1.4	0.3	92.0	4.5	230.1	21.0	285.8	297.0	286.6
868.1	1193.0	1.3	0.2	93.0	4.5	229.9	20.8	285.8	297.0	286.6
867.0	1203.0	1.2	0.2	93.0	4.5	229.7	20.7	285.8	297.0	286.6
865.9	1213.0	1.1	0.2	93.0	4.5	229.5	20.5	285.8	297.0	286.6
864.9	1223.0	1.0	0.2	94.0	4.5	229.3	20.4	285.8	296.9	286.6
863.8	1233.0	1.0	0.1	94.0	4.5	228.9	20.3	285.9	297.0	286.7
862.7	1243.0	0.9	0.1	94.0	4.5	228.5	20.2	285.9	297.0	286.7
861.6	1253.0	0.8	0.0	95.0	4.5	227.9	20.2	285.9	297.0	286.7
860.6	1263.0	0.7	0.0	95.0	4.5	227.3	20.2	285.9	297.0	286.7
859.5	1273.0	0.6	0.0	96.0	4.5	226.5	20.3	285.9	297.0	286.7
858.4	1283.0	0.5	-0.1	96.0	4.4	225.7	20.4	285.9	296.9	286.7
857.3	1293.0	0.4	-0.1	96.0	4.4	224.8	20.5	285.9	296.9	286.7
856.4	1302.0	0.3	-0.1	97.0	4.5	224.0	20.6	285.9	297.0	286.6
855.5	1310.0	0.3	-0.1	97.0	4.5	223.2	20.8	286.0	297.0	286.7
854.6	1319.0	0.3	-0.1	97.0	4.5	222.5	20.9	286.1	297.1	286.8
853.8	1327.0	0.4	-0.1	96.0	4.5	222.0	21.0	286.2	297.3	287.0
852.9	1335.0	0.4	-0.2	96.0	4.4	221.7	21.0	286.3	297.4	287.1
852.0	1343.0	0.5	-0.1	96.0	4.5	221.5	21.0	286.5	297.6	287.3
851.1	1352.0	0.5	0.0	96.0	4.5	221.6	21.0	286.6	297.8	287.4
850.1	1361.0	0.6	0.0	96.0	4.5	221.8	20.9	286.8	298.0	287.6
849.1	1371.0	0.6	-0.1	95.0	4.5	222.1	20.7	286.9	298.0	287.7
848.0	1381.0	0.6	-0.1	95.0	4.5	222.7	20.5	287.0	298.2	287.8
847.1	1390.0	0.6	-0.1	95.0	4.5	223.3	20.2	287.1	298.3	287.9
846.2	1398.0	0.6	-0.1	95.0	4.5	224.1	19.9	287.2	298.4	288.0
845.3	1407.0	0.7	-0.1	94.0	4.5	224.9	19.6	287.4	298.6	288.1
844.5	1414.0	0.8	-0.1	94.0	4.5	225.8	19.3	287.6	298.8	288.3
843.9	1420.0	0.8	0.0	94.0	4.5	226.8	19.0	287.6	298.9	288.4
843.2	1427.0	0.8	0.0	94.0	4.5	227.8	18.7	287.7	299.0	288.5
842.3	1436.0	0.7	-0.1	94.0	4.5	228.9	18.4	287.7	298.9	288.4
841.3	1445.0	0.7	-0.1	94.0	4.5	230.2	18.1	287.8	299.0	288.5
840.4	1454.0	0.7	-0.1	94.0	4.5	231.5	17.9	287.8	299.1	288.6
839.3	1464.0	0.7	-0.1	94.0	4.5	232.9	17.7	288.0	299.2	288.7
838.5	1472.0	0.7	-0.1	95.0	4.5	234.5	17.5	288.0	299.3	288.8
837.8	1478.0	0.7	-0.1	95.0	4.6	236.2	17.3	288.1	299.4	288.9
837.0	1486.0	0.7	-0.1	94.0	4.5	237.9	17.2	288.2	299.5	289.0
836.2	1494.0	0.7	-0.1	95.0	4.6	239.8	17.1	288.3	299.6	289.0
835.5	1501.0	0.7	-0.1	95.0	4.6	241.6	16.9	288.3	299.7	289.1
834.8	1508.0	0.7	-0.1	95.0	4.6	243.5	16.8	288.4	299.7	289.2
834.0	1515.0	0.7	-0.1	94.0	4.6	245.3	16.7	288.5	299.8	289.3
833.1	1524.0	0.7	-0.2	94.0	4.5	247.2	16.6	288.6	299.8	289.3
832.2	1533.0	0.7	-0.3	94.0	4.5	248.9	16.5	288.7	299.9	289.4
831.4	1540.0	0.6	-0.2	94.0	4.5	250.5	16.4	288.6	299.9	289.4
830.7	1547.0	0.6	-0.2	94.0	4.5	252.0	16.3	288.7	300.0	289.5
830.0	1554.0	0.5	-0.3	94.0	4.5	253.6	16.1	288.7	299.9	289.4
829.2	1561.0	0.4	-0.3	95.0	4.5	255.0	16.0	288.6	299.9	289.4
828.4	1569.0	0.4	-0.3	95.0	4.5	256.3	15.8	288.7	300.0	289.5
827.7	1576.0	0.4	-0.3	95.0	4.5	257.7	15.7	288.8	300.1	289.6
827.0	1583.0	0.3	-0.3	96.0	4.5	259.0	15.5	288.8	300.1	289.5
826.2	1590.0	0.3	-0.3	96.0	4.5	260.3	15.4	288.8	300.1	289.6
825.5	1597.0	0.3	-0.3	96.0	4.6	261.7	15.3	288.9	300.2	289.7
824.7	1605.0	0.2	-0.3	96.0	4.6	263.1	15.2	288.9	300.2	289.7
823.9	1613.0	0.2	-0.3	97.0	4.6	264.5	15.1	289.0	300.3	289.7
823.1	1620.0	0.1	-0.3	97.0	4.6	265.8	15.0	288.9	300.3	289.7
822.5	1627.0	0.1	-0.3	97.0	4.6	267.1	14.9	289.0	300.3	289.8
821.7	1634.0	0.1	-0.3	97.0	4.6	268.4	14.9	289.1	300.5	289.9
820.9	1643.0	0.1	-0.3	97.0	4.6	269.6	14.8	289.2	300.5	289.9
820.2	1649.0	0.0	-0.4	98.0	4.6	270.8	14.8	289.1	300.4	289.9
819.5	1656.0	0.0	-0.4	98.0	4.6	271.9	14.7	289.2	300.5	290.0
818.9	1662.0	-0.1	-0.4	98.0	4.6	273.0	14.7	289.1	300.5	289.9
818.3	1668.0	-0.1	-0.4	98.0	4.6	273.9	14.7	289.2	300.5	290.0
817.6	1674.0	-0.2	-0.4	98.0	4.5	274.9	14.6	289.2	300.5	290.0
816.9	1681.0	-0.2	-0.4	98.0	4.6	275.7	14.6	289.2	300.6	290.0
816.2	1688.0	-0.1	-0.4	98.0	4.6	276.6	14.6	289.4	300.8	290.2
815.5	1695.0	-0.1	-0.4	98.0	4.6	277.5	14.7	289.5	300.9	290.3
814.8	1702.0	-0.1	-0.4	98.0	4.6	278.3	14.8	289.6	300.9	290.3
814.2	1708.0	-0.1	-0.4	98.0	4.6	279.1	14.9	289.6	301.0	290.4
813.5	1715.0	-0.1	-0.4	98.0	4.6	279.8	15.0	289.7	301.1	290.5
812.8	1722.0	0.0	-0.4	98.0	4.6	280.7	15.2	289.9	301.3	290.7
812.1	1729.0	0.0	-0.4	98.0	4.6	281.4	15.5	289.9	301.4	290.7
811.3	1736.0	-0.1	-0.4	98.0	4.6	282.1	15.7	289.9	301.3	290.7
810.6	1743.0	-0.1	-0.4	98.0	4.6	282.8	16.0	290.0	301.4	290.8
809.9	1750.0	-0.1	-0.4	98.0	4.6	283.5	16.3	290.1	301.5	290.9
809.2	1758.0	-0.1	-0.4	98.0	4.6	284.0	16.6	290.1	301.6	290.9
808.5	1764.0	-0.1	-0.4	98.0	4.6	284.5	16.9	290.2	301.7	291.0
807.8	1771.0	-0.1	-0.4	98.0	4.6	284.9	17.1	290.3	301.8	291.1
807.1	1778.0	-0.1	-0.4	98.0	4.6	285.3	17.4	290.3	301.8	291.1
806.4	1786.0	-0.1	-0.4	98.0	4.6	285.5	17.6	290.4	301.9	291.2
805.7	1792.0	-0.2	-0.5	98.0	4.6	285.6	17.8	290.4	301.8	291.2
804.9	1800.0	-0.3	-0.5	98.0	4.6	285.7	18.0	290.4	301.8	291.2
804.3	1806.0	-0.3	-0.6	98.0	4.6	285.7	18.1	290.4	301.8	291.2
803.6	1813.0	-0.3	-0.6	98.0	4.6	285.5	18.3	290.5	301.8	291.3
803.0	1819.0	-0.4	-0.7	98.0	4.6	285.3	18.4	290.4	301.8	291.2
802.3	1826.0	-0.4	-0.7	98.0	4.6	285.0	18.5	290.5	301.9	291.3
801.6	1833.0	-0.4	-0.6	98.0	4.6	284.5	18.7	290.6	302.0	291.4
800.9	1840.0	-0.4	-0.6	98.0	4.6	284.1	18.8	290.7	302.0	291.5
800.3	1846.0	-0.4	-0.7	98.0	4.5	283.6	19.0	290.7	302.0	291.5
799.6	1853.0	-0.4	-0.8	97.0	4.5	283.0	19.1	290.8	302.1	291.6
798.9	1860.0	-0.5	-0.8	97.0	4.5	282.5	19.3	290.8	302.0	291.5
798.1	1868.0	-0.5	-0.9	97.0	4.5	282.0	19.5	290.8	302.0	291.6
797.4	1874.0	-0.6	-1.0	97.0	4.5	281.4	19.7	290.8	302.0	291.6
796.8	1881.0	-0.6	-1.0	97.0	4.5	280.9	19.9	290.9	302.0	291.7
796.2	1887.0	-0.7	-1.0	97.0	4.5	280.4	20.1	290.8	301.9	291.6
795.5	1894.0	-0.7	-1.1	97.0	4.5	279.9	20.3	290.9	302.0	291.7
794.8	1901.0	-0.8	-1.1	97.0	4.4	279.4	20.5	290.9	301.9	291.6
794.1	1909.0	-0.8	-1.3	96.0	4.4	278.9	20.7	290.9	301.8	291.7
793.3	1916.0	-0.9	-1.5	96.0	4.3	278.4	20.9	290.9	301.7	291.7
792.7	1922.0	-0.9	-1.5	96.0	4.3	277.9	21.0	291.0	301.8	291.7
792.0	1929.0	-0.9	-1.5	96.0	4.3	277.3	21.2	291.1	301.9	291.8
791.2	1937.0	-1.0	-1.5	96.0	4.3	276.8	21.3	291.0	301.8	291.8
790.5	1945.0	-1.1	-1.6	96.0	4.3	276.3	21.5	291.0	301.7	291.8
789.7	1952.0	-1.1	-1.6	97.0	4.3	275.9	21.6	291.1	301.8	291.8
789.0	1959.0	-1.2	-1.6	97.0	4.3	275.5	21.7	291.1	301.8	291.8
788.3	1967.0	-1.2	-1.7	97.0	4.3	275.2	21.8	291.1	301.8	291.9
787.6	1974.0	-1.2	-1.7	97.0	4.3	275.0	21.9	291.2	301.9	291.9
786.9	1981.0	-1.3	-1.7	97.0	4.3	275.0	22.0	291.2	301.8	291.9
786.1	1989.0	-1.3	-1.8	97.0	4.3	275.0	22.1	291.3	301.9	292.0
785.4	1997.0	-1.4	-1.8	97.0	4.3	275.2	22.2	291.2	301.8	292.0
784.6	2004.0	-1.4	-1.8	97.0	4.3	275.6	22.3	291.3	301.9	292.0
783.9	2011.0	-1.4	-1.9	97.0	4.3	276.1	22.4	291.4	302.0	292.1
783.2	2019.0	-1.5	-1.9	97.0	4.3	276.7	22.5	291.3	301.9	292.1
782.5	2026.0	-1.5	-1.9	97.0	4.3	277.4	22.6	291.4	302.0	292.2
781.8	2033.0	-1.6	-1.9	97.0	4.3	278.2	22.7	291.4	302.0	292.1
781.1	2040.0	-1.6	-1.9	97.0	4.3	279.0	22.8	291.5	302.0	292.2
780.3	2048.0	-1.6	-2.0	97.0	4.2	279.9	23.0	291.5	302.1	292.3
779.6	2055.0	-1.6	-2.0	97.0	4.2	280.8	23.1	291.6	302.2	292.4
778.9	2063.0	-1.6	-2.0	97.0	4.2	281.7	23.3	291.7	302.2	292.4
778.1	2071.0	-1.6	-2.0	97.0	4.2	282.5	23.4	291.8	302.3	292.5
777.4	2078.0	-1.7	-2.1	97.0	4.2	283.4	23.6	291.7	302.3	292.5
776.7	2085.0	-1.7	-2.1	97.0	4.2	284.2	23.8	291.8	302.4	292.6
776.0	2092.0	-1.7	-2.1	97.0	4.2	285.0	24.0	291.9	302.4	292.6
775.3	2099.0	-1.8	-2.1	97.0	4.2	285.8	24.2	291.9	302.3	292.6
774.6	2107.0	-1.8	-2.2	97.0	4.2	286.5	24.4	291.9	302.4	292.7
773.8	2115.0	-1.8	-2.2	97.0	4.2	287.1	24.6	292.0	302.5	292.8
773.1	2122.0	-1.9	-2.2	97.0	4.2	287.8	24.8	292.0	302.5	292.7
772.4	2129.0	-1.9	-2.2	97.0	4.2	288.4	25.1	292.1	302.5	292.8
771.6	2137.0	-1.9	-2.3	97.0	4.2	288.9	25.3	292.2	302.6	292.9
770.8	2145.0	-1.9	-2.3	98.0	4.2	289.5	25.5	292.2	302.7	293.0
770.1	2153.0	-1.9	-2.3	98.0	4.2	289.9	25.8	292.3	302.8	293.1
769.4	2160.0	-2.0	-2.3	98.0	4.2	290.4	26.0	292.3	302.7	293.0
768.6	2168.0	-2.0	-2.4	98.0	4.2	290.8	26.3	292.4	302.8	293.1
767.9	2175.0	-2.1	-2.4	98.0	4.2	291.2	26.5	292.3	302.7	293.1
767.2	2183.0	-2.1	-2.5	97.0	4.2	291.6	26.8	292.4	302.8	293.1
766.5	2190.0	-2.1	-2.5	97.0	4.2	291.9	27.1	292.5	302.8	293.2
765.7	2198.0	-2.2	-2.5	97.0	4.2	292.2	27.3	292.5	302.8	293.2
765.0	2205.0	-2.2	-2.5	98.0	4.1	292.5	27.6	292.6	302.9	293.3
764.2	2214.0	-2.3	-2.6	98.0	4.1	292.7	27.9	292.5	302.8	293.3
763.5	2222.0	-2.3	-2.6	98.0	4.1	292.9	28.2	292.6	302.9	293.3
762.8	2229.0	-2.3	-2.7	98.0	4.1	293.1	28.5	292.7	302.9	293.4
762.0	2236.0	-2.4	-2.7	98.0	4.1	293.3	28.8	292.7	302.9	293.4
761.3	2244.0	-2.4	-2.7	98.0	4.1	293.4	29.2	292.7	303.0	293.5
760.6	2251.0	-2.5	-2.7	98.0	4.1	293.6	29.6	292.7	302.9	293.4
759.9	2259.0	-2.5	-2.8	98.0	4.1	293.7	29.9	292.8	303.0	293.5
759.2	2266.0	-2.5	-2.8	98.0	4.1	293.8	30.3	292.9	303.1	293.6
758.5	2274.0	-2.5	-2.8	98.0	4.1	294.0	30.7	292.9	303.1	293.7
757.8	2281.0	-2.5	-2.8	98.0	4.1	294.1	31.1	293.0	303.2	293.7
757.0	2289.0	-2.6	-2.8	98.0	4.1	294.4	31.5	293.0	303.2	293.7
756.3	2296.0	-2.6	-2.9	98.0	4.1	294.6	31.9	293.1	303.3	293.8
755.6	2304.0	-2.6	-2.8	98.0	4.1	294.9	32.4	293.2	303.4	293.9
754.8	2312.0	-2.7	-2.9	98.0	4.1	295.2	32.7	293.1	303.3	293.8
754.1	2319.0	-2.7	-3.0	98.0	4.0	295.5	33.1	293.2	303.3	293.9
753.4	2327.0	-2.8	-3.1	97.0	4.0	295.9	33.5	293.2	303.2	293.9
752.6	2336.0	-2.8	-3.1	98.0	4.0	296.2	33.9	293.3	303.3	294.0
751.8	2344.0	-2.8	-3.1	98.0	4.0	296.6	34.3	293.4	303.5	294.1
751.0	2352.0	-2.8	-3.1	98.0	4.0	296.9	34.6	293.4	303.5	294.2
750.3	2360.0	-2.8	-3.1	98.0	4.0	297.1	35.0	293.5	303.6	294.2
749.7	2366.0	-2.9	-3.1	98.0	4.0	297.3	35.3	293.5	303.6	294.2
749.0	2374.0	-2.9	-3.1	98.0	4.0	297.5	35.6	293.6	303.7	294.3
748.3	2381.0	-2.9	-3.1	98.0	4.0	297.6	35.9	293.6	303.7	294.4
747.5	2389.0	-2.9	-3.2	98.0	4.0	297.7	36.2	293.7	303.8	294.4
746.8	2397.0	-3.0	-3.2	98.0	4.0	297.7	36.5	293.7	303.8	294.4
746.0	2405.0	-3.0	-3.2	99.0	4.0	297.7	36.7	293.8	303.9	294.5
745.3	2413.0	-3.0	-3.2	99.0	4.0	297.7	37.0	293.9	303.9	294.6
744.6	2421.0	-3.1	-3.3	99.0	4.0	297.7	37.2	293.8	303.9	294.5
743.8	2428.0	-3.1	-3.3	99.0	4.0	297.7	37.5	293.9	303.9	294.6
743.2	2435.0	-3.1	-3.3	99.0	4.0	297.6	37.7	294.0	304.0	294.7
742.5	2443.0	-3.2	-3.4	99.0	4.0	297.6	38.0	294.0	304.0	294.7
741.8	2450.0	-3.2	-3.4	99.0	4.0	297.6	38.2	294.0	304.0	294.8
741.0	2459.0	-3.2	-3.4	99.0	4.0	297.7	38.5	294.1	304.1	294.8
740.3	2466.0	-3.3	-3.4	99.0	4.0	297.7	38.8	294.1	304.1	294.8
739.5	2474.0	-3.3	-3.5	99.0	4.0	297.7	39.2	294.2	304.1	294.9
738.8	2483.0	-3.4	-3.5	99.0	4.0	297.7	39.5	294.2	304.1	294.9
738.1	2490.0	-3.4	-3.5	99.0	4.0	297.7	39.8	294.3	304.2	295.0
737.2	2499.0	-3.4	-3.6	99.0	4.0	297.7	40.1	294.4	304.3	295.1
736.4	2508.0	-3.5	-3.6	99.0	4.0	297.7	40.5	294.3	304.2	295.0
735.7	2516.0	-3.5	-3.6	99.0	4.0	297.8	40.8	294.4	304.3	295.1
734.9	2524.0	-3.6	-3.6	99.0	4.0	297.8	41.1	294.4	304.3	295.1
734.2	2531.0	-3.6	-3.7	99.0	4.0	297.8	41.3	294.5	304.4	295.2
733.5	2539.0	-3.6	-3.7	99.0	4.0	297.9	41.6	294.6	304.4	295.3
732.8	2547.0	-3.7	-3.7	100.0	4.0	298.0	41.8	294.5	304.4	295.2
732.1	2554.0	-3.7	-3.7	100.0	4.0	298.1	42.0	294.6	304.5	295.3
731.3	2563.0	-3.7	-3.7	100.0	4.0	298.1	42.2	294.7	304.6	295.4
730.5	2571.0	-3.7	-3.7	100.0	4.0	298.2	42.4	294.8	304.7	295.5
729.8	2579.0	-3.8	-3.8	100.0	4.0	298.3	42.6	294.8	304.6	295.5
729.0	2587.0	-3.8	-3.8	100.0	3.9	298.4	42.7	294.9	304.7	295.6
728.3	2595.0	-3.9	-3.9	100.0	3.9	298.5	42.9	294.8	304.6	295.5
727.6	2603.0	-3.9	-3.9	100.0	3.9	298.7	43.0	294.9	304.7	295.6
726.8	2612.0	-3.9	-3.9	100.0	3.9	298.7	43.1	295.0	304.8	295.7
726.1	2620.0	-4.0	-4.0	100.0	3.9	298.9	43.3	295.0	304.8	295.7
725.3	2628.0	-4.0	-4.0	100.0	3.9	299.0	43.4	295.1	304.8	295.8
724.6	2636.0	-4.0	-4.0	100.0	3.9	299.1	43.5	295.1	304.9	295.8
723.9	2644.0	-4.1	-4.1	100.0	3.9	299.2	43.6	295.1	304.8	295.8
723.2	2651.0	-4.1	-4.1	100.0	3.9	299.3	43.7	295.2	304.9	295.9
722.5	2659.0	-4.1	-4.1	100.0	3.9	299.4	43.9	295.3	305.0	296.0
721.7	2667.0	-4.2	-4.2	100.0	3.9	299.5	44.0	295.3	304.9	296.0
721.0	2675.0	-4.2	-4.2	100.0	3.9	299.6	44.1	295.3	305.0	296.0
720.3	2682.0	-4.2	-4.2	100.0	3.9	299.8	44.2	295.4	305.1	296.1
719.6	2690.0	-4.3	-4.3	100.0	3.9	299.9	44.3	295.4	305.1	296.1
718.8	2699.0	-4.3	-4.3	100.0	3.9	300.1	44.4	295.5	305.1	296.2
718.1	2707.0	-4.3	-4.3	100.0	3.9	300.2	44.5	295.6	305.2	296.3
717.3	2715.0	-4.4	-4.4	100.0	3.9	300.3	44.6	295.6	305.2	296.2
716.6	2723.0	-4.4	-4.4	100.0	3.8	300.5	44.7	295.6	305.2	296.3
715.9	2731.0	-4.4	-4.4	100.0	3.8	300.6	44.8	295.7	305.3	296.4
715.2	2739.0	-4.4	-4.4	100.0	3.8	300.8	44.8	295.8	305.4	296.5
714.4	2747.0	-4.5	-4.5	100.0	3.8	300.9	44.9	295.8	305.3	296.5
713.8	2754.0	-4.5	-4.6	99.0	3.8	301.1	45.0	295.9	305.3	296.5
713.1	2762.0	-4.5	-4.7	98.0	3.8	301.2	45.1	295.9	305.3	296.6
712.3	2770.0	-4.5	-4.7	98.0	3.8	301.4	45.1	296.0	305.5	296.7
711.6	2779.0	-4.6	-4.7	99.0	3.8	301.6	45.2	296.0	305.4	296.7
710.8	2787.0	-4.6	-4.8	99.0	3.8	301.8	45.3	296.1	305.5	296.8
710.1	2795.0	-4.6	-4.8	99.0	3.8	302.0	45.4	296.2	305.6	296.9
709.3	2804.0	-4.6	-4.8	99.0	3.8	302.2	45.4	296.3	305.7	297.0
708.6	2812.0	-4.7	-4.8	99.0	3.8	302.4	45.6	296.3	305.6	296.9
707.8	2820.0	-4.7	-4.9	99.0	3.7	302.6	45.7	296.4	305.7	297.0
707.1	2828.0	-4.8	-4.9	99.0	3.7	302.9	45.8	296.3	305.6	297.0
706.4	2836.0	-4.8	-5.0	99.0	3.7	303.2	45.9	296.4	305.7	297.1
705.7	2844.0	-4.8	-5.0	99.0	3.7	303.4	46.0	296.5	305.8	297.2
705.0	2852.0	-4.8	-5.0	99.0	3.7	303.7	46.0	296.6	305.9	297.2
704.3	2860.0	-4.8	-5.0	99.0	3.7	304.0	46.1	296.7	306.0	297.3
703.5	2868.0	-4.8	-5.0	98.0	3.7	304.3	46.2	296.8	306.1	297.4
702.8	2876.0	-4.8	-5.1	98.0	3.7	304.6	46.2	296.9	306.1	297.5
702.1	2885.0	-4.9	-5.1	98.0	3.7	304.8	46.2	296.8	306.1	297.5
701.4	2893.0	-4.9	-5.1	98.0	3.7	305.1	46.2	296.9	306.2	297.6
700.7	2901.0	-4.9	-5.1	98.0	3.7	305.3	46.2	297.0	306.3	297.7
700.0	2908.0	-4.9	-5.2	98.0	3.7	305.5	46.1	297.1	306.3	297.7
699.2	2917.0	-5.0	-5.2	98.0	3.7	305.7	46.1	297.1	306.3	297.7
698.5	2925.0	-5.0	-5.3	98.0	3.7	305.9	46.0	297.1	306.4	297.8
697.8	2933.0	-5.0	-5.3	98.0	3.7	306.0	45.9	297.2	306.4	297.9
697.1	2941.0	-5.1	-5.4	98.0	3.7	306.1	45.8	297.2	306.3	297.9
696.4	2948.0	-5.1	-5.4	98.0	3.6	306.2	45.8	297.3	306.4	297.9
695.7	2956.0	-5.2	-5.5	98.0	3.6	306.3	45.7	297.3	306.4	297.9
694.9	2965.0	-5.2	-5.5	98.0	3.6	306.3	45.7	297.4	306.5	298.0
694.2	2973.0	-5.2	-5.6	98.0	3.6	306.3	45.6	297.5	306.5	298.1
693.5	2981.0	-5.3	-5.6	97.0	3.6	306.3	45.5	297.4	306.4	298.1
692.8	2990.0	-5.3	-5.7	97.0	3.6	306.3	45.5	297.5	306.5	298.2
692.1	2998.0	-5.4	-5.7	97.0	3.6	306.3	45.4	297.5	306.5	298.1
691.4	3006.0	-5.4	-5.8	97.0	3.6	306.2	45.4	297.6	306.5	298.2
690.7	3013.0	-5.5	-5.8	97.0	3.6	306.2	45.4	297.5	306.5	298.2
690.0	3021.0	-5.5	-5.9	97.0	3.6	306.2	45.3	297.6	306.6	298.3
689.3	3029.0	-5.5	-5.9	97.0	3.5	306.2	45.2	297.7	306.6	298.4
688.6	3037.0	-5.6	-6.0	97.0	3.5	306.2	45.2	297.7	306.5	298.3
687.9	3045.0	-5.6	-6.1	96.0	3.5	306.3	45.1	297.8	306.6	298.4
687.2	3054.0	-5.7	-6.2	96.0	3.5	306.3	45.0	297.8	306.5	298.4
686.4	3062.0	-5.7	-6.2	96.0	3.5	306.3	44.9	297.9	306.6	298.5
685.8	3069.0	-5.7	-6.3	96.0	3.5	306.4	44.8	297.9	306.6	298.6
685.1	3077.0	-5.8	-6.3	96.0	3.5	306.4	44.7	297.9	306.6	298.5
684.4	3085.0	-5.8	-6.4	96.0	3.5	306.5	44.5	298.0	306.6	298.6
683.7	3093.0	-5.9	-6.4	96.0	3.5	306.6	44.4	298.0	306.6	298.6
683.0	3101.0	-5.9	-6.4	96.0	3.5	306.6	44.3	298.1	306.7	298.7
682.3	3109.0	-6.0	-6.5	96.0	3.4	306.8	44.1	298.0	306.6	298.6
681.6	3118.0	-6.0	-6.6	96.0	3.4	306.9	44.0	298.1	306.7	298.7
680.9	3125.0	-6.1	-6.6	96.0	3.4	307.0	43.8	298.1	306.6	298.7
680.2	3133.0	-6.1	-6.7	96.0	3.4	307.2	43.7	298.2	306.7	298.8
679.5	3141.0	-6.2	-6.7	96.0	3.4	307.3	43.5	298.2	306.6	298.8
678.8	3149.0	-6.2	-6.8	95.0	3.4	307.5	43.4	298.2	306.7	298.8
678.1	3157.0	-6.3	-6.9	95.0	3.4	307.8	43.3	298.2	306.6	298.8
677.4	3166.0	-6.3	-6.9	95.0	3.4	308.0	43.1	298.3	306.7	298.9
676.7	3174.0	-6.4	-7.0	95.0	3.3	308.2	43.0	298.3	306.6	298.9
676.0	3182.0	-6.4	-7.0	95.0	3.3	308.5	42.8	298.4	306.7	299.0
675.2	3191.0	-6.5	-7.1	95.0	3.3	308.8	42.7	298.4	306.7	299.0
674.5	3200.0	-6.5	-7.1	95.0	3.3	309.0	42.5	298.5	306.7	299.0
673.8	3208.0	-6.6	-7.2	95.0	3.3	309.3	42.3	298.4	306.7	299.0
673.1	3215.0	-6.6	-7.3	95.0	3.3	309.5	42.1	298.5	306.7	299.1
672.4	3223.0	-6.6	-7.5	94.0	3.2	309.7	41.9	298.6	306.7	299.2
671.7	3231.0	-6.7	-7.6	94.0	3.2	309.9	41.7	298.6	306.6	299.2
671.0	3240.0	-6.7	-7.6	93.0	3.2	310.0	41.5	298.7	306.7	299.2
670.3	3248.0	-6.8	-7.7	93.0	3.2	310.1	41.3	298.7	306.7	299.2
669.6	3256.0	-6.8	-7.7	94.0	3.2	310.1	41.1	298.7	306.7	299.3
668.9	3264.0	-6.9	-7.8	94.0	3.2	310.1	40.9	298.7	306.7	299.3
668.3	3272.0	-6.9	-7.8	94.0	3.2	310.0	40.7	298.8	306.7	299.4
667.5	3280.0	-7.0	-7.9	94.0	3.2	309.9	40.5	298.8	306.7	299.3
666.8	3289.0	-7.1	-7.9	94.0	3.2	309.8	40.4	298.8	306.7	299.3
666.1	3297.0	-7.1	-8.0	94.0	3.1	309.6	40.2	298.9	306.7	299.4
665.4	3306.0	-7.2	-8.0	93.0	3.1	309.5	40.1	298.8	306.7	299.4
664.7	3314.0	-7.2	-8.1	93.0	3.1	309.3	40.0	298.9	306.7	299.5
664.0	3322.0	-7.2	-8.1	93.0	3.1	309.2	39.9	299.0	306.8	299.6
663.3	3330.0	-7.3	-8.2	93.0	3.1	309.0	39.8	299.0	306.8	299.5
662.6	3339.0	-7.3	-8.2	93.0	3.1	308.9	39.7	299.1	306.8	299.6
661.9	3347.0	-7.4	-8.3	93.0	3.1	308.8	39.6	299.1	306.8	299.6
661.2	3355.0	-7.4	-8.3	93.0	3.1	308.7	39.5	299.1	306.9	299.7
660.5	3363.0	-7.5	-8.4	93.0	3.1	308.7	39.4	299.1	306.8	299.7
659.8	3371.0	-7.5	-8.4	93.0	3.1	308.6	39.3	299.2	306.9	299.8
659.2	3379.0	-7.6	-8.5	93.0	3.1	308.6	39.2	299.2	306.8	299.7
658.5	3386.0	-7.6	-8.5	93.0	3.0	308.5	39.1	299.3	306.9	299.8
657.8	3394.0	-7.7	-8.6	93.0	3.0	308.5	39.0	299.2	306.9	299.8
657.1	3403.0	-7.7	-8.6	93.0	3.0	308.5	38.9	299.3	306.9	299.9
656.5	3411.0	-7.8	-8.7	93.0	3.0	308.5	38.7	299.3	306.9	299.8
655.8	3419.0	-7.8	-8.7	93.0	3.0	308.5	38.6	299.4	306.9	299.9
655.1	3427.0	-7.8	-8.8	93.0	3.0	308.5	38.5	299.5	307.0	300.0
654.4	3435.0	-7.9	-8.9	93.0	3.0	308.5	38.4	299.5	306.9	300.0
653.7	3443.0	-8.0	-8.9	93.0	3.0	308.5	38.3	299.4	306.9	300.0
653.1	3451.0	-8.0	-9.0	93.0	3.0	308.5	38.2	299.5	307.0	300.1
652.4	3459.0	-8.1	-9.0	93.0	3.0	308.5	38.1	299.5	306.9	300.0
651.7	3467.0	-8.1	-9.1	93.0	3.0	308.6	38.1	299.6	307.0	300.1
651.1	3475.0	-8.2	-9.1	93.0	3.0	308.6	38.0	299.6	307.0	300.1
650.3	3484.0	-8.2	-9.1	94.0	3.0	308.6	37.9	299.7	307.1	300.2
649.7	3492.0	-8.3	-9.1	94.0	3.0	308.7	37.8	299.6	307.0	300.2
649.0	3499.0	-8.3	-9.1	94.0	3.0	308.7	37.7	299.7	307.1	300.3
648.3	3508.0	-8.3	-9.2	94.0	2.9	308.8	37.6	299.8	307.2	300.3
647.7	3515.0	-8.4	-9.3	93.0	2.9	308.9	37.5	299.8	307.1	300.3
647.0	3523.0	-8.4	-9.3	93.0	2.9	309.0	37.4	299.9	307.2	300.4
646.3	3532.0	-8.5	-9.4	93.0	2.9	309.0	37.3	299.9	307.1	300.4
645.6	3540.0	-8.6	-9.5	93.0	2.9	309.1	37.2	299.8	307.0	300.3
645.0	3548.0	-8.6	-9.6	93.0	2.9	309.1	37.1	299.9	307.1	300.4
644.2	3557.0	-8.7	-9.7	93.0	2.9	309.1	37.0	299.9	307.1	300.4
643.6	3565.0	-8.7	-9.7	93.0	2.9	309.1	36.9	300.0	307.1	300.5
642.9	3572.0	-8.8	-9.7	93.0	2.9	309.0	36.8	300.0	307.1	300.5
642.3	3580.0	-8.8	-9.7	93.0	2.9	308.9	36.7	300.0	307.2	300.6
641.7	3588.0	-8.8	-9.8	93.0	2.9	308.8	36.7	300.1	307.3	300.6
641.0	3596.0	-8.9	-9.8	93.0	2.8	308.6	36.6	300.1	307.2	300.6
640.3	3604.0	-8.9	-9.8	93.0	2.8	308.4	36.5	300.2	307.3	300.7
639.7	3612.0	-9.0	-9.9	93.0	2.8	308.2	36.5	300.2	307.3	300.7
639.0	3620.0	-9.0	-9.9	93.0	2.8	308.0	36.5	300.3	307.3	300.8
638.4	3628.0	-9.0	-10.0	93.0	2.8	307.8	36.4	300.3	307.4	300.8
637.7	3636.0	-9.1	-10.0	93.0	2.8	307.6	36.4	300.3	307.4	300.8
637.0	3644.0	-9.1	-10.0	93.0	2.8	307.4	36.4	300.4	307.5	300.9
636.4	3652.0	-9.2	-10.0	93.0	2.8	307.2	36.3	300.4	307.4	300.9
635.7	3660.0	-9.2	-10.1	93.0	2.8	307.0	36.3	300.5	307.5	301.0
635.0	3668.0	-9.2	-10.1	93.0	2.8	306.9	36.2	300.6	307.6	301.1
634.4	3676.0	-9.3	-10.2	93.0	2.8	306.7	36.2	300.5	307.5	301.0
633.7	3684.0	-9.3	-10.2	93.0	2.8	306.6	36.1	300.6	307.6	301.1
633.1	3692.0	-9.4	-10.3	93.0	2.8	306.5	36.0	300.6	307.6	301.1
632.4	3700.0	-9.4	-10.3	93.0	2.8	306.5	36.0	300.7	307.6	301.2
631.7	3708.0	-9.4	-10.5	92.0	2.7	306.4	35.9	300.8	307.6	301.3
631.1	3716.0	-9.5	-10.6	92.0	2.7	306.3	35.9	300.8	307.6	301.2
630.4	3724.0	-9.5	-10.6	92.0	2.7	306.2	35.8	300.9	307.6	301.3
629.8	3733.0	-9.5	-10.6	92.0	2.7	306.1	35.8	300.9	307.7	301.4
629.1	3741.0	-9.6	-10.7	92.0	2.7	306.0	35.8	300.9	307.7	301.4
628.4	3749.0	-9.6	-10.7	92.0	2.7	305.9	35.8	301.0	307.8	301.5
627.8	3757.0	-9.7	-10.8	92.0	2.7	305.8	35.7	301.0	307.7	301.5
627.1	3765.0	-9.7	-10.8	92.0	2.7	305.6	35.8	301.1	307.8	301.6
626.5	3773.0	-9.7	-10.8	92.0	2.7	305.4	35.8	301.2	307.9	301.6
625.9	3781.0	-9.7	-10.8	92.0	2.7	305.2	35.8	301.2	308.0	301.7
625.2	3789.0	-9.8	-10.8	92.0	2.7	304.9	35.8	301.2	308.0	301.7
624.5	3797.0	-9.8	-10.8	92.0	2.7	304.6	35.9	301.3	308.1	301.8
623.9	3805.0	-9.8	-10.8	92.0	2.7	304.3	35.9	301.4	308.1	301.9
623.3	3813.0	-9.8	-10.9	92.0	2.7	304.0	35.9	301.5	308.2	302.0
622.6	3821.0	-9.9	-10.9	92.0	2.7	303.7	36.0	301.5	308.2	301.9
622.0	3829.0	-9.9	-11.0	92.0	2.7	303.4	36.1	301.5	308.2	302.0
621.3	3837.0	-10.0	-11.0	92.0	2.7	303.0	36.1	301.5	308.2	302.0
620.7	3845.0	-10.0	-11.1	92.0	2.7	302.7	36.2	301.6	308.3	302.1
620.0	3853.0	-10.1	-11.1	92.0	2.7	302.4	36.3	301.6	308.3	302.1
619.4	3861.0	-10.1	-11.1	92.0	2.7	302.1	36.5	301.7	308.4	302.2
618.7	3869.0	-10.1	-11.1	92.0	2.7	301.9	36.6	301.8	308.5	302.3
618.1	3877.0	-10.1	-11.1	93.0	2.7	301.6	36.8	301.9	308.6	302.3
617.4	3886.0	-10.1	-11.1	93.0	2.7	301.4	37.0	302.0	308.6	302.4
616.7	3894.0	-10.2	-11.1	93.0	2.7	301.2	37.3	301.9	308.6	302.4
616.1	3903.0	-10.2	-11.2	93.0	2.6	301.1	37.5	302.0	308.7	302.5
615.4	3911.0	-10.3	-11.2	93.0	2.6	301.0	37.8	302.0	308.6	302.5
614.7	3919.0	-10.3	-11.3	93.0	2.6	300.9	38.2	302.1	308.7	302.6
614.0	3928.0	-10.4	-11.3	93.0	2.6	300.8	38.5	302.1	308.7	302.6
613.3	3937.0	-10.4	-11.3	93.0	2.6	300.8	38.8	302.2	308.8	302.7
612.7	3945.0	-10.3	-11.2	93.0	2.7	300.8	39.2	302.4	309.1	302.9
612.0	3953.0	-10.3	-11.2	93.0	2.7	300.9	39.6	302.5	309.2	303.0
611.3	3962.0	-10.4	-11.2	94.0	2.7	300.9	39.9	302.5	309.1	303.0
610.7	3970.0	-10.4	-11.3	94.0	2.6	301.1	40.3	302.6	309.2	303.0
610.1	3977.0	-10.5	-11.4	93.0	2.6	301.2	40.7	302.5	309.2	303.0
609.4	3986.0	-10.5	-11.4	93.0	2.6	301.4	41.1	302.6	309.2	303.1
608.8	3994.0	-10.6	-11.4	94.0	2.6	301.6	41.5	302.6	309.2	303.1
608.1	4002.0	-10.6	-11.4	94.0	2.6	301.8	42.0	302.7	309.3	303.2
607.5	4010.0	-10.6	-11.5	93.0	2.6	302.0	42.4	302.8	309.4	303.3
606.9	4018.0	-10.6	-11.4	94.0	2.6	302.3	42.8	302.9	309.5	303.3
606.3	4025.0	-10.6	-11.4	94.0	2.6	302.6	43.2	303.0	309.6	303.4
605.7	4033.0	-10.6	-11.4	94.0	2.6	302.8	43.7	303.0	309.7	303.5
605.0	4042.0	-10.6	-11.5	94.0	2.6	303.1	44.2	303.1	309.8	303.6
604.3	4050.0	-10.6	-11.5	94.0	2.6	303.4	44.6	303.2	309.9	303.7
603.7	4059.0	-10.6	-11.5	94.0	2.6	303.6	45.0	303.3	310.0	303.8
603.1	4067.0	-10.6	-11.4	94.0	2.6	303.9	45.5	303.4	310.1	303.9
602.4	4075.0	-10.7	-11.5	94.0	2.6	304.1	45.9	303.4	310.0	303.9
601.8	4083.0	-10.7	-11.5	94.0	2.6	304.4	46.4	303.5	310.1	304.0
601.2	4091.0	-10.7	-11.5	94.0	2.6	304.6	46.8	303.6	310.2	304.0
600.5	4099.0	-10.8	-11.6	94.0	2.6	304.9	47.2	303.6	310.2	304.0
599.9	4107.0	-10.8	-11.6	94.0	2.6	305.2	47.7	303.6	310.2	304.1
599.3	4116.0	-10.8	-11.6	94.0	2.6	305.5	48.1	303.7	310.3	304.2
598.6	4124.0	-10.8	-11.7	94.0	2.6	305.8	48.5	303.8	310.4	304.3
598.0	4131.0	-10.9	-11.7	94.0	2.6	306.0	48.9	303.8	310.4	304.3
597.4	4139.0	-10.9	-11.7	94.0	2.6	306.4	49.3	303.9	310.5	304.4
596.8	4147.0	-10.9	-11.7	94.0	2.6	306.7	49.7	304.0	310.5	304.4
596.2	4155.0	-11.0	-11.8	94.0	2.6	307.0	50.1	303.9	310.5	304.4
595.6	4163.0	-11.0	-11.8	94.0	2.6	307.3	50.4	304.0	310.6	304.5
594.9	4172.0	-10.9	-11.7	94.0	2.6	307.6	50.7	304.3	310.8	304.7
594.2	4180.0	-11.0	-11.8	94.0	2.6	307.9	51.0	304.2	310.8	304.7
593.6	4188.0	-11.0	-11.9	93.0	2.6	308.1	51.3	304.3	310.8	304.8
593.0	4197.0	-11.0	-12.1	92.0	2.6	308.4	51.5	304.4	310.8	304.9
592.3	4205.0	-11.1	-12.1	92.0	2.5	308.6	51.7	304.4	310.8	304.9
591.7	4213.0	-11.1	-12.2	92.0	2.5	308.7	52.0	304.5	310.9	305.0
591.1	4221.0	-11.1	-12.2	92.0	2.5	308.9	52.2	304.6	311.0	305.0
590.4	4230.0	-11.2	-12.3	92.0	2.5	309.0	52.4	304.6	310.9	305.0
589.8	4238.0	-11.2	-12.3	92.0	2.5	309.1	52.6	304.7	311.0	305.1
589.1	4247.0	-11.3	-12.3	92.0	2.5	309.2	52.8	304.6	311.0	305.1
588.5	4255.0	-11.3	-12.3	92.0	2.5	309.2	53.0	304.7	311.1	305.2
587.9	4263.0	-11.3	-12.3	92.0	2.5	309.2	53.2	304.8	311.1	305.3
587.3	4270.0	-11.3	-12.4	92.0	2.5	309.2	53.5	304.9	311.2	305.4
586.7	4278.0	-11.3	-12.4	92.0	2.5	309.2	53.7	305.0	311.3	305.5
586.0	4287.0	-11.4	-12.4	92.0	2.5	309.2	53.9	305.0	311.3	305.4
585.4	4295.0	-11.4	-12.5	92.0	2.5	309.1	54.0	305.1	311.4	305.5
584.8	4303.0	-11.4	-12.5	92.0	2.5	309.0	54.2	305.2	311.4	305.6
584.2	4311.0	-11.5	-12.6	92.0	2.5	309.0	54.3	305.1	311.4	305.6
583.5	4320.0	-11.5	-12.7	91.0	2.5	308.9	54.4	305.2	311.5	305.7
582.9	4328.0	-11.6	-12.7	91.0	2.5	308.8	54.4	305.2	311.4	305.7
582.3	4336.0	-11.6	-12.8	91.0	2.5	308.8	54.4	305.3	311.5	305.7
581.7	4343.0	-11.7	-12.8	91.0	2.5	308.7	54.4	305.3	311.4	305.7
581.1	4352.0	-11.7	-12.9	91.0	2.4	308.6	54.3	305.4	311.5	305.8
580.4	4361.0	-11.8	-13.0	91.0	2.4	308.5	54.3	305.4	311.4	305.8
579.8	4369.0	-11.9	-13.1	91.0	2.4	308.5	54.1	305.3	311.4	305.8
579.2	4377.0	-11.9	-13.1	91.0	2.4	308.4	54.0	305.4	311.4	305.9
578.6	4385.0	-12.0	-13.2	90.0	2.4	308.4	53.9	305.4	311.4	305.8
578.0	4393.0	-12.0	-13.3	90.0	2.4	308.3	53.8	305.5	311.4	305.9
577.4	4401.0	-12.1	-13.4	90.0	2.4	308.3	53.7	305.5	311.4	305.9
576.7	4410.0	-12.1	-13.5	90.0	2.3	308.3	53.6	305.6	311.4	306.0
576.1	4418.0	-12.2	-13.5	90.0	2.3	308.3	53.5	305.5	311.4	306.0
575.6	4425.0	-12.2	-13.6	90.0	2.3	308.3	53.4	305.6	311.5	306.0
575.0	4433.0	-12.2	-13.6	89.0	2.3	308.3	53.4	305.7	311.5	306.1
574.4	4440.0	-12.3	-13.7	89.0	2.3	308.3	53.3	305.7	311.5	306.1
573.8	4449.0	-12.3	-13.8	89.0	2.3	308.4	53.3	305.8	311.5	306.2
573.1	4458.0	-12.4	-13.8	89.0	2.3	308.5	53.2	305.8	311.5	306.2
572.5	4466.0	-12.4	-13.8	89.0	2.3	308.6	53.1	305.8	311.6	306.3
571.9	4474.0	-12.5	-13.9	89.0	2.3	308.7	53.1	305.8	311.6	306.2
571.3	4482.0	-12.5	-13.9	89.0	2.3	308.8	53.0	305.9	311.6	306.3
570.6	4492.0	-12.6	-13.9	90.0	2.3	308.9	52.8	305.9	311.6	306.3
569.9	4500.0	-12.6	-14.1	89.0	2.3	309.0	52.7	306.0	311.7	306.4
569.4	4508.0	-12.6	-14.1	89.0	2.3	309.2	52.5	306.1	311.8	306.5
568.7	4517.0	-12.7	-14.0	90.0	2.3	309.3	52.3	306.1	311.8	306.5
568.1	4525.0	-12.7	-14.1	89.0	2.3	309.4	52.1	306.2	311.8	306.6
567.5	4534.0	-12.7	-14.2	89.0	2.2	309.6	51.9	306.3	311.9	306.7
566.8	4542.0	-12.8	-14.3	89.0	2.2	309.7	51.7	306.3	311.9	306.7
566.2	4551.0	-12.8	-14.4	88.0	2.2	309.8	51.5	306.3	311.9	306.8
565.5	4559.0	-12.9	-14.4	88.0	2.2	309.9	51.4	306.3	311.9	306.7
565.0	4567.0	-12.9	-14.5	88.0	2.2	310.1	51.2	306.4	311.9	306.8
564.3	4575.0	-12.9	-14.6	88.0	2.2	310.2	51.1	306.5	312.0	306.9
563.7	4584.0	-13.0	-14.7	87.0	2.2	310.3	51.0	306.5	312.0	306.9
563.1	4593.0	-13.0	-14.7	87.0	2.2	310.4	51.0	306.6	312.0	307.0
562.5	4601.0	-13.1	-14.8	87.0	2.2	310.4	51.0	306.6	312.0	307.0
561.8	4610.0	-13.2	-14.8	87.0	2.1	310.5	51.0	306.6	312.0	307.0
561.3	4617.0	-13.2	-14.9	87.0	2.1	310.5	51.0	306.6	312.0	307.0
560.6	4626.0	-13.2	-14.9	87.0	2.1	310.5	51.1	306.7	312.1	307.1
560.0	4634.0	-13.3	-15.0	87.0	2.1	310.5	51.1	306.7	312.1	307.1
559.3	4643.0	-13.3	-15.0	87.0	2.1	310.4	51.2	306.8	312.2	307.2
558.7	4652.0	-13.4	-15.0	87.0	2.1	310.4	51.2	306.8	312.1	307.2
558.1	4660.0	-13.5	-15.1	87.0	2.1	310.3	51.3	306.8	312.1	307.2
557.5	4668.0	-13.5	-15.2	87.0	2.1	310.2	51.3	306.9	312.2	307.3
556.8	4677.0	-13.5	-15.2	87.0	2.1	310.1	51.4	307.0	312.2	307.4
556.2	4686.0	-13.6	-15.4	86.0	2.1	310.0	51.4	307.0	312.2	307.3
555.6	4694.0	-13.7	-15.6	86.0	2.0	309.9	51.4	306.9	312.1	307.3
555.0	4702.0	-13.7	-15.6	86.0	2.0	309.8	51.5	307.0	312.2	307.4
554.4	4711.0	-13.8	-15.6	86.0	2.0	309.7	51.5	307.0	312.1	307.4
553.7	4720.0	-13.8	-15.6	86.0	2.0	309.5	51.6	307.1	312.3	307.5
553.1	4729.0	-13.9	-15.7	86.0	2.0	309.5	51.7	307.1	312.2	307.5
552.5	4737.0	-13.9	-15.7	86.0	2.0	309.4	51.8	307.2	312.3	307.6
551.8	4746.0	-14.0	-15.7	87.0	2.0	309.3	51.8	307.2	312.3	307.6
551.2	4754.0	-14.1	-15.8	87.0	2.0	309.2	51.9	307.2	312.2	307.5
550.6	4763.0	-14.1	-15.9	87.0	2.0	309.2	52.0	307.3	312.3	307.6
550.0	4772.0	-14.2	-15.9	87.0	2.0	309.1	52.2	307.2	312.3	307.6
549.4	4780.0	-14.2	-16.0	87.0	2.0	309.1	52.3	307.3	312.4	307.7
548.7	4789.0	-14.3	-16.0	87.0	2.0	309.0	52.4	307.3	312.3	307.7
548.1	4798.0	-14.3	-16.1	86.0	2.0	309.0	52.5	307.4	312.4	307.8
547.4	4807.0	-14.4	-16.2	86.0	2.0	309.0	52.5	307.4	312.4	307.8
546.7	4816.0	-14.4	-16.2	86.0	2.0	308.9	52.6	307.5	312.5	307.9
546.1	4826.0	-14.5	-16.2	86.0	2.0	308.9	52.7	307.5	312.4	307.9
545.4	4835.0	-14.5	-16.3	86.0	1.9	308.9	52.7	307.6	312.5	308.0
544.7	4844.0	-14.6	-16.3	86.0	1.9	308.8	52.7	307.6	312.5	308.0
544.1	4853.0	-14.6	-16.4	87.0	1.9	308.8	52.7	307.7	312.6	308.1
543.5	4861.0	-14.7	-16.4	87.0	1.9	308.7	52.7	307.7	312.6	308.0
543.0	4869.0	-14.7	-16.5	86.0	1.9	308.6	52.7	307.8	312.7	308.1
542.4	4876.0	-14.8	-16.6	86.0	1.9	308.6	52.7	307.7	312.6	308.1
541.9	4885.0	-14.9	-16.7	86.0	1.9	308.5	52.7	307.7	312.5	308.1
541.3	4893.0	-14.9	-16.7	86.0	1.9	308.4	52.7	307.8	312.6	308.2
540.6	4901.0	-15.0	-16.7	87.0	1.9	308.3	52.6	307.8	312.6	308.1
540.0	4910.0	-15.0	-16.8	87.0	1.9	308.2	52.6	307.9	312.7	308.2
539.4	4919.0	-15.1	-16.8	87.0	1.9	308.1	52.6	307.9	312.6	308.2
538.8	4927.0	-15.2	-16.9	86.0	1.9	308.0	52.7	307.9	312.6	308.2
538.2	4935.0	-15.2	-17.0	86.0	1.9	307.9	52.7	307.9	312.7	308.3
537.7	4943.0	-15.3	-17.0	87.0	1.9	307.8	52.7	307.9	312.7	308.3
537.0	4952.0	-15.3	-17.0	87.0	1.9	307.7	52.8	308.0	312.8	308.4
536.4	4961.0	-15.4	-17.0	87.0	1.9	307.6	52.8	308.0	312.7	308.4
535.8	4970.0	-15.4	-17.0	87.0	1.9	307.5	52.9	308.1	312.8	308.4
535.2	4978.0	-15.5	-17.1	87.0	1.9	307.4	53.0	308.1	312.8	308.4
534.6	4987.0	-15.5	-17.2	87.0	1.9	307.4	53.1	308.2	312.8	308.5
534.0	4995.0	-15.6	-17.3	87.0	1.8	307.3	53.2	308.2	312.8	308.5
533.3	5005.0	-15.6	-17.4	87.0	1.8	307.3	53.3	308.3	312.9	308.6
532.7	5013.0	-15.7	-17.4	87.0	1.8	307.2	53.4	308.3	312.8	308.6
532.0	5023.0	-15.7	-17.4	87.0	1.8	307.1	53.5	308.4	313.0	308.7
531.4	5032.0	-15.8	-17.5	87.0	1.8	307.1	53.7	308.4	312.9	308.7
530.8	5040.0	-15.9	-17.5	88.0	1.8	307.0	53.8	308.3	312.9	308.7
530.2	5049.0	-15.9	-17.4	88.0	1.8	306.9	53.9	308.4	313.0	308.8
529.6	5058.0	-16.0	-17.4	89.0	1.8	306.8	54.0	308.4	313.1	308.8
528.9	5067.0	-16.1	-17.4	89.0	1.8	306.7	54.2	308.4	313.0	308.7
528.2	5077.0	-16.1	-17.4	90.0	1.8	306.6	54.3	308.5	313.2	308.9
527.6	5085.0	-16.2	-17.4	90.0	1.8	306.6	54.5	308.5	313.1	308.8
527.1	5094.0	-16.2	-17.4	91.0	1.9	306.5	54.6	308.6	313.3	308.9
526.5	5102.0	-16.3	-17.5	90.0	1.8	306.4	54.7	308.6	313.2	308.9
525.8	5111.0	-16.3	-17.6	90.0	1.8	306.4	54.9	308.7	313.3	309.0
525.2	5120.0	-16.4	-17.6	90.0	1.8	306.4	55.0	308.7	313.3	309.0
524.6	5129.0	-16.4	-17.6	91.0	1.8	306.4	55.1	308.8	313.4	309.1
524.0	5137.0	-16.5	-17.6	91.0	1.8	306.5	55.2	308.7	313.4	309.1
523.4	5146.0	-16.5	-17.6	92.0	1.8	306.6	55.4	308.8	313.5	309.2
522.7	5156.0	-16.6	-17.5	92.0	1.8	306.7	55.5	308.8	313.5	309.2
522.1	5165.0	-16.6	-17.6	92.0	1.8	306.9	55.6	308.9	313.6	309.3
521.4	5174.0	-16.7	-17.6	93.0	1.8	307.1	55.7	308.9	313.6	309.3
520.8	5183.0	-16.7	-17.6	93.0	1.8	307.4	55.8	309.0	313.7	309.4
520.2	5192.0	-16.8	-17.6	93.0	1.8	307.7	55.9	309.0	313.7	309.4
519.6	5200.0	-16.8	-17.7	93.0	1.8	308.0	56.0	309.1	313.7	309.5
519.0	5209.0	-16.8	-17.9	92.0	1.8	308.3	56.1	309.2	313.8	309.6
518.4	5219.0	-16.9	-18.0	91.0	1.8	308.6	56.2	309.2	313.7	309.5
517.7	5229.0	-17.0	-18.0	92.0	1.8	308.9	56.3	309.2	313.7	309.5
517.0	5239.0	-17.0	-18.0	92.0	1.8	309.2	56.4	309.3	313.9	309.7
516.3	5249.0	-17.1	-18.0	92.0	1.8	309.4	56.5	309.3	313.9	309.7
515.6	5258.0	-17.1	-18.1	92.0	1.8	309.6	56.6	309.5	313.9	309.8
515.0	5268.0	-17.2	-18.1	92.0	1.8	309.8	56.6	309.4	313.9	309.8
514.4	5277.0	-17.2	-18.2	92.0	1.8	309.9	56.6	309.5	314.0	309.9
513.8	5286.0	-17.3	-18.3	91.0	1.8	310.0	56.7	309.5	313.9	309.8
513.1	5295.0	-17.3	-18.4	91.0	1.7	310.1	56.6	309.6	314.0	310.0
512.5	5304.0	-17.4	-18.5	91.0	1.7	310.1	56.6	309.6	314.0	309.9
511.9	5314.0	-17.5	-18.6	91.0	1.7	310.1	56.6	309.6	313.9	309.9
511.2	5323.0	-17.5	-18.8	90.0	1.7	310.1	56.5	309.7	314.0	310.0
510.6	5332.0	-17.6	-18.8	90.0	1.7	310.1	56.5	309.7	314.0	310.0
509.9	5342.0	-17.7	-18.9	90.0	1.7	310.0	56.4	309.7	314.0	310.0
509.4	5350.0	-17.7	-19.0	90.0	1.7	310.0	56.4	309.8	314.0	310.1
508.8	5358.0	-17.8	-19.1	89.0	1.6	309.9	56.3	309.8	313.9	310.1
508.3	5366.0	-17.8	-19.2	89.0	1.6	309.9	56.3	309.9	314.0	310.2
507.7	5375.0	-17.9	-19.4	88.0	1.6	309.8	56.3	309.8	314.0	310.2
507.1	5383.0	-18.0	-19.4	88.0	1.6	309.8	56.3	309.8	313.9	310.1
506.5	5392.0	-18.0	-19.5	88.0	1.6	309.8	56.3	309.9	314.0	310.2
505.9	5401.0	-18.1	-19.6	88.0	1.6	309.7	56.3	309.9	314.0	310.2
505.3	5410.0	-18.2	-19.6	88.0	1.6	309.7	56.3	309.9	313.9	310.2
504.7	5419.0	-18.2	-19.7	88.0	1.6	309.6	56.3	310.0	314.0	310.3
504.1	5427.0	-18.3	-19.8	88.0	1.6	309.6	56.3	310.0	314.0	310.3
503.6	5436.0	-18.4	-20.0	87.0	1.6	309.5	56.3	310.0	313.9	310.2
502.9	5445.0	-18.4	-20.0	87.0	1.6	309.5	56.4	310.1	314.0	310.4
502.3	5454.0	-18.5	-20.0	88.0	1.6	309.5	56.4	310.1	314.0	310.4
501.7	5463.0	-18.5	-20.2	87.0	1.5	309.5	56.5	310.2	314.1	310.5
501.1	5472.0	-18.6	-20.3	86.0	1.5	309.5	56.6	310.2	314.0	310.4
500.5	5481.0	-18.7	-20.5	86.0	1.5	309.6	56.7	310.1	313.9	310.4
499.9	5490.0	-18.8	-20.6	85.0	1.5	309.7	56.8	310.1	313.9	310.4
499.3	5499.0	-18.8	-20.7	85.0	1.5	309.8	57.0	310.2	313.9	310.5
498.7	5508.0	-18.9	-20.8	85.0	1.5	309.9	57.1	310.2	313.9	310.5
498.1	5517.0	-19.0	-20.8	85.0	1.5	310.0	57.3	310.2	313.9	310.5
497.5	5526.0	-19.0	-20.8	86.0	1.5	310.1	57.6	310.3	314.0	310.6
496.9	5535.0	-19.1	-20.9	86.0	1.5	310.2	57.8	310.3	314.0	310.6
496.3	5545.0	-19.2	-20.9	86.0	1.5	310.3	58.1	310.3	314.0	310.5
495.6	5554.0	-19.2	-21.0	86.0	1.4	310.4	58.4	310.4	314.1	310.7
495.1	5562.0	-19.3	-21.1	86.0	1.4	310.4	58.7	310.4	314.0	310.6
494.5	5571.0	-19.3	-21.1	86.0	1.4	310.5	59.0	310.5	314.1	310.7
493.9	5580.0	-19.4	-21.1	87.0	1.4	310.4	59.4	310.5	314.1	310.7
493.3	5589.0	-19.4	-21.0	87.0	1.5	310.4	59.8	310.6	314.3	310.8
492.7	5599.0	-19.4	-21.0	87.0	1.5	310.4	60.2	310.7	314.4	310.9
492.0	5609.0	-19.5	-21.0	88.0	1.5	310.3	60.6	310.7	314.4	311.0
491.3	5619.0	-19.6	-21.0	88.0	1.5	310.3	60.9	310.7	314.4	311.0
490.7	5629.0	-19.6	-21.0	89.0	1.5	310.2	61.3	310.8	314.5	311.1
490.0	5638.0	-19.7	-21.0	89.0	1.5	310.1	61.6	310.8	314.5	311.1
489.5	5647.0	-19.8	-21.0	90.0	1.5	310.0	61.9	310.8	314.5	311.0
488.9	5656.0	-19.8	-21.1	90.0	1.5	309.9	62.2	310.9	314.6	311.1
488.2	5666.0	-19.9	-21.1	90.0	1.5	309.8	62.4	310.9	314.6	311.2
487.6	5675.0	-19.9	-21.1	90.0	1.5	309.7	62.6	311.0	314.7	311.3
487.0	5685.0	-19.9	-21.1	91.0	1.5	309.6	62.8	311.1	314.8	311.4
486.3	5695.0	-20.0	-21.0	91.0	1.5	309.5	62.9	311.1	314.8	311.4
485.7	5704.0	-20.1	-21.0	92.0	1.5	309.4	63.1	311.1	314.8	311.4
485.1	5713.0	-20.2	-21.2	91.0	1.5	309.3	63.2	311.1	314.8	311.3
484.5	5722.0	-20.2	-21.4	91.0	1.4	309.2	63.4	311.2	314.8	311.5
483.9	5731.0	-20.3	-21.5	90.0	1.4	309.1	63.5	311.2	314.8	311.4
483.4	5739.0	-20.3	-21.5	90.0	1.4	309.0	63.7	311.3	314.9	311.5
482.9	5748.0	-20.4	-21.6	90.0	1.4	308.9	63.8	311.2	314.8	311.5
482.3	5757.0	-20.4	-21.7	90.0	1.4	308.8	64.0	311.3	314.9	311.6
481.7	5766.0	-20.5	-21.8	89.0	1.4	308.8	64.2	311.3	314.9	311.6
481.1	5775.0	-20.6	-21.9	89.0	1.4	308.7	64.3	311.3	314.8	311.6
480.4	5786.0	-20.7	-22.0	89.0	1.4	308.7	64.4	311.3	314.8	311.6
479.7	5796.0	-20.7	-22.1	88.0	1.4	308.7	64.5	311.5	314.9	311.7
479.1	5805.0	-20.8	-22.2	89.0	1.4	308.7	64.6	311.4	314.9	311.7
478.5	5815.0	-20.8	-22.2	89.0	1.4	308.6	64.6	311.6	315.0	311.8
477.9	5825.0	-20.9	-22.4	88.0	1.3	308.6	64.5	311.5	314.9	311.8
477.3	5833.0	-21.0	-22.4	88.0	1.3	308.6	64.5	311.5	314.9	311.8
476.7	5843.0	-21.1	-22.5	88.0	1.3	308.6	64.4	311.5	314.9	311.8
476.1	5852.0	-21.1	-22.6	88.0	1.3	308.6	64.3	311.6	315.0	311.9
475.6	5861.0	-21.2	-22.6	88.0	1.3	308.5	64.1	311.6	314.9	311.8
475.0	5870.0	-21.3	-22.7	88.0	1.3	308.4	64.0	311.6	314.9	311.8
474.3	5880.0	-21.3	-22.8	88.0	1.3	308.4	63.8	311.7	315.0	312.0
473.7	5889.0	-21.4	-22.9	88.0	1.3	308.3	63.7	311.7	315.0	312.0
473.1	5899.0	-21.5	-22.9	88.0	1.3	308.2	63.6	311.7	314.9	311.9
472.5	5908.0	-21.5	-23.0	88.0	1.3	308.2	63.4	311.8	315.1	312.1
472.0	5916.0	-21.6	-23.0	88.0	1.3	308.1	63.3	311.8	315.0	312.0
471.4	5926.0	-21.7	-23.2	88.0	1.3	308.1	63.2	311.8	315.0	312.0
470.8	5935.0	-21.8	-23.3	88.0	1.3	308.0	63.1	311.8	314.9	312.0
470.2	5945.0	-21.9	-23.4	88.0	1.2	308.1	62.9	311.8	314.9	312.0
469.6	5954.0	-21.9	-23.5	87.0	1.2	308.1	62.8	311.9	315.0	312.1
469.0	5963.0	-22.0	-23.5	87.0	1.2	308.2	62.8	311.9	315.0	312.1
468.4	5973.0	-22.1	-23.6	87.0	1.2	308.2	62.6	311.8	314.9	312.1
467.8	5982.0	-22.1	-23.7	87.0	1.2	308.4	62.6	312.0	315.0	312.2
467.2	5992.0	-22.2	-23.8	87.0	1.2	308.5	62.5	312.0	315.0	312.2
466.6	6001.0	-22.3	-23.9	87.0	1.2	308.6	62.4	311.9	315.0	312.2
466.0	6010.0	-22.3	-24.0	86.0	1.2	308.6	62.4	312.1	315.0	312.3
465.4	6019.0	-22.4	-24.0	87.0	1.2	308.7	62.3	312.0	315.0	312.3
464.8	6029.0	-22.5	-24.1	87.0	1.2	308.7	62.3	312.0	315.0	312.3
464.2	6038.0	-22.6	-24.2	87.0	1.2	308.7	62.2	312.0	315.0	312.2
463.6	6047.0	-22.6	-24.2	87.0	1.2	308.7	62.2	312.1	315.1	312.4
463.0	6057.0	-22.7	-24.2	87.0	1.2	308.7	62.2	312.1	315.1	312.4
462.4	6066.0	-22.8	-24.2	88.0	1.2	308.7	62.2	312.1	315.1	312.3
461.8	6076.0	-22.8	-24.3	88.0	1.2	308.6	62.1	312.2	315.2	312.5
461.3	6085.0	-22.9	-24.4	88.0	1.1	308.5	62.1	312.2	315.1	312.4
460.6	6095.0	-22.9	-24.4	88.0	1.1	308.5	62.0	312.3	315.3	312.6
460.0	6105.0	-23.0	-24.5	88.0	1.1	308.4	62.0	312.3	315.2	312.6
459.4	6115.0	-23.0	-24.6	87.0	1.1	308.4	61.9	312.5	315.3	312.7
458.8	6124.0	-23.1	-24.8	87.0	1.1	308.4	61.9	312.4	315.3	312.7
458.2	6133.0	-23.2	-25.0	86.0	1.1	308.3	61.9	312.4	315.2	312.6
457.6	6143.0	-23.3	-25.1	85.0	1.1	308.3	61.8	312.4	315.2	312.6
457.0	6153.0	-23.4	-25.2	85.0	1.1	308.3	61.7	312.4	315.2	312.6
456.4	6162.0	-23.5	-25.4	85.0	1.1	308.3	61.7	312.4	315.1	312.6
455.9	6171.0	-23.6	-25.5	84.0	1.1	308.3	61.7	312.4	315.1	312.6
455.3	6180.0	-23.6	-25.5	84.0	1.1	308.3	61.6	312.5	315.2	312.7
454.8	6189.0	-23.7	-25.7	84.0	1.0	308.3	61.5	312.5	315.1	312.7
454.2	6198.0	-23.8	-25.8	83.0	1.0	308.2	61.5	312.5	315.1	312.7
453.7	6206.0	-23.8	-25.8	84.0	1.0	308.1	61.4	312.6	315.2	312.8
453.1	6215.0	-23.9	-25.8	84.0	1.0	308.1	61.3	312.6	315.2	312.8
452.5	6225.0	-24.0	-25.8	85.0	1.0	308.0	61.2	312.6	315.2	312.7
451.9	6235.0	-24.1	-25.9	85.0	1.0	307.9	61.2	312.5	315.2	312.7
451.3	6245.0	-24.1	-26.0	85.0	1.0	307.8	61.1	312.7	315.3	312.9
450.7	6254.0	-24.2	-26.1	84.0	1.0	307.7	61.0	312.7	315.2	312.8
450.1	6264.0	-24.3	-26.2	84.0	1.0	307.6	60.9	312.7	315.2	312.8
449.5	6274.0	-24.4	-26.2	85.0	1.0	307.6	60.8	312.6	315.2	312.8
448.9	6283.0	-24.4	-26.3	84.0	1.0	307.6	60.7	312.8	315.3	313.0
448.3	6294.0	-24.5	-26.5	84.0	1.0	307.6	60.7	312.8	315.3	312.9
447.6	6304.0	-24.6	-26.6	83.0	1.0	307.7	60.6	312.8	315.2	313.0
447.0	6315.0	-24.7	-26.7	83.0	1.0	307.8	60.6	312.8	315.2	312.9
446.3	6325.0	-24.8	-26.8	83.0	1.0	307.9	60.6	312.8	315.2	313.0
445.7	6335.0	-24.9	-26.8	84.0	0.9	308.0	60.6	312.8	315.2	313.0
445.1	6345.0	-24.9	-26.9	84.0	0.9	308.2	60.6	312.9	315.3	313.1
444.5	6354.0	-25.0	-26.9	84.0	0.9	308.4	60.7	312.9	315.3	313.1
443.9	6364.0	-25.0	-26.9	84.0	0.9	308.5	60.8	313.0	315.4	313.2
443.3	6374.0	-25.0	-26.9	84.0	0.9	308.7	61.0	313.1	315.5	313.3
442.7	6384.0	-25.1	-27.0	84.0	0.9	308.9	61.2	313.1	315.5	313.3
442.1	6395.0	-25.2	-27.1	84.0	0.9	309.0	61.4	313.1	315.5	313.3
441.5	6405.0	-25.2	-27.3	82.0	0.9	309.1	61.7	313.2	315.6	313.4
440.9	6415.0	-25.2	-27.4	82.0	0.9	309.3	62.1	313.4	315.7	313.5
440.3	6424.0	-25.3	-27.4	82.0	0.9	309.4	62.4	313.4	315.7	313.5
439.7	6434.0	-25.3	-27.4	83.0	0.9	309.5	62.8	313.5	315.8	313.7
439.1	6443.0	-25.4	-27.4	83.0	0.9	309.6	63.3	313.5	315.8	313.7
438.6	6452.0	-25.5	-27.5	84.0	0.9	309.7	63.7	313.5	315.8	313.6
438.0	6462.0	-25.6	-27.5	84.0	0.9	309.8	64.2	313.5	315.8	313.6
437.4	6472.0	-25.6	-27.5	84.0	0.9	309.9	64.6	313.6	315.9	313.7
436.8	6481.0	-25.7	-27.5	84.0	0.9	309.9	65.1	313.6	315.9	313.7
436.3	6491.0	-25.7	-27.6	84.0	0.9	310.0	65.5	313.7	316.0	313.8
435.7	6501.0	-25.8	-27.6	85.0	0.9	310.0	66.0	313.7	316.0	313.8
435.1	6511.0	-25.8	-27.5	86.0	0.9	310.1	66.4	313.8	316.1	314.0
434.5	6521.0	-25.9	-27.5	86.0	0.9	310.1	66.8	313.8	316.1	314.0
433.9	6531.0	-25.9	-27.5	87.0	0.9	310.2	67.2	313.9	316.3	314.1
433.3	6541.0	-25.9	-27.4	88.0	0.9	310.2	67.6	314.0	316.4	314.2
432.7	6551.0	-25.9	-27.3	88.0	0.9	310.3	68.0	314.2	316.6	314.3
432.1	6561.0	-26.0	-27.4	88.0	0.9	310.4	68.4	314.2	316.5	314.3
431.5	6571.0	-26.0	-27.4	88.0	0.9	310.5	68.8	314.3	316.7	314.5
430.9	6581.0	-26.0	-27.4	88.0	0.9	310.5	69.2	314.4	316.8	314.6
430.2	6593.0	-26.1	-27.5	88.0	0.9	310.7	69.6	314.4	316.8	314.6
429.5	6604.0	-26.1	-27.6	88.0	0.9	310.8	70.0	314.6	316.9	314.7
428.9	6615.0	-26.2	-27.7	87.0	0.9	310.9	70.5	314.6	316.9	314.7
428.3	6625.0	-26.3	-27.8	87.0	0.9	311.0	70.9	314.6	316.9	314.7
427.7	6635.0	-26.3	-27.9	87.0	0.9	311.1	71.3	314.7	317.0	314.9
427.1	6645.0	-26.4	-28.0	86.0	0.9	311.2	71.8	314.7	317.0	314.9
426.5	6655.0	-26.4	-28.0	86.0	0.9	311.2	72.2	314.8	317.1	315.0
426.0	6664.0	-26.5	-28.1	86.0	0.9	311.3	72.6	314.8	317.1	315.0
425.4	6673.0	-26.5	-28.0	87.0	0.9	311.3	73.0	314.9	317.2	315.1
424.8	6683.0	-26.5	-28.0	88.0	0.9	311.3	73.3	315.1	317.3	315.2
424.3	6692.0	-26.5	-27.9	88.0	0.9	311.3	73.7	315.2	317.5	315.3
423.7	6702.0	-26.6	-28.0	88.0	0.9	311.3	74.0	315.2	317.5	315.3
423.1	6712.0	-26.6	-28.0	88.0	0.9	311.3	74.2	315.3	317.6	315.5
422.6	6722.0	-26.7	-28.0	88.0	0.9	311.2	74.4	315.3	317.6	315.4
422.0	6731.0	-26.7	-28.0	89.0	0.9	311.2	74.6	315.4	317.7	315.6
421.4	6742.0	-26.8	-28.1	89.0	0.9	311.1	74.8	315.4	317.7	315.6
420.8	6752.0	-26.9	-28.2	89.0	0.9	311.1	74.9	315.4	317.7	315.6
420.2	6762.0	-27.0	-28.2	89.0	0.9	311.1	75.1	315.4	317.7	315.6
419.6	6773.0	-27.0	-28.1	90.0	0.9	311.2	75.2	315.5	317.8	315.7
419.0	6783.0	-27.1	-28.1	91.0	0.9	311.3	75.3	315.5	317.8	315.7
418.3	6794.0	-27.2	-28.2	91.0	0.9	311.3	75.4	315.5	317.8	315.7
417.7	6805.0	-27.3	-28.4	91.0	0.9	311.5	75.6	315.5	317.8	315.7
417.1	6816.0	-27.4	-28.6	90.0	0.9	311.6	75.8	315.5	317.8	315.7
416.5	6826.0	-27.5	-28.7	89.0	0.9	311.7	76.0	315.6	317.7	315.7
415.9	6836.0	-27.6	-28.7	90.0	0.9	311.9	76.2	315.6	317.7	315.7
415.3	6847.0	-27.7	-28.9	89.0	0.8	312.0	76.4	315.6	317.7	315.7
414.7	6858.0	-27.7	-29.1	88.0	0.8	312.2	76.7	315.7	317.8	315.8
414.0	6869.0	-27.8	-29.2	87.0	0.8	312.3	77.0	315.7	317.8	315.9
413.4	6880.0	-27.8	-29.3	88.0	0.8	312.4	77.2	315.8	317.9	316.0
412.8	6891.0	-27.9	-29.3	88.0	0.8	312.5	77.5	315.8	317.9	316.0
412.2	6901.0	-28.0	-29.5	87.0	0.8	312.6	77.7	315.8	317.9	316.0
411.5	6912.0	-28.0	-29.6	86.0	0.8	312.6	77.9	316.0	318.0	316.1
410.9	6923.0	-28.1	-29.7	86.0	0.8	312.6	78.1	316.0	318.0	316.1
410.3	6934.0	-28.2	-29.9	85.0	0.8	312.7	78.2	316.0	318.0	316.1
409.7	6944.0	-28.2	-30.0	85.0	0.8	312.7	78.3	316.1	318.1	316.3
409.1	6954.0	-28.3	-30.0	85.0	0.8	312.7	78.4	316.1	318.1	316.3
408.5	6965.0	-28.3	-29.9	87.0	0.8	312.7	78.5	316.3	318.3	316.4
407.9	6977.0	-28.4	-29.8	88.0	0.8	312.6	78.5	316.3	318.3	316.4
407.3	6987.0	-28.5	-29.7	89.0	0.8	312.6	78.6	316.3	318.3	316.4
406.7	6997.0	-28.6	-29.8	89.0	0.8	312.5	78.7	316.3	318.3	316.4
406.1	7008.0	-28.6	-29.9	89.0	0.8	312.5	78.9	316.4	318.4	316.6
405.5	7018.0	-28.7	-30.0	89.0	0.8	312.5	79.1	316.4	318.4	316.6
404.9	7028.0	-28.7	-30.1	88.0	0.8	312.4	79.3	316.6	318.5	316.7
404.3	7039.0	-28.8	-30.2	88.0	0.8	312.4	79.6	316.6	318.5	316.7
403.7	7050.0	-28.8	-30.2	88.0	0.8	312.3	79.9	316.7	318.7	316.8
403.1	7061.0	-29.0	-30.3	88.0	0.8	312.3	80.2	316.6	318.5	316.7
402.4	7072.0	-29.0	-30.6	86.0	0.8	312.2	80.5	316.7	318.6	316.9
401.9	7083.0	-29.1	-30.7	86.0	0.7	312.2	80.9	316.7	318.6	316.8
401.3	7093.0	-29.1	-30.7	87.0	0.8	312.1	81.3	316.8	318.8	317.0
400.7	7103.0	-29.2	-30.7	87.0	0.8	312.1	81.6	316.8	318.8	317.0
400.2	7113.0	-29.3	-30.8	87.0	0.7	312.1	82.0	316.8	318.7	317.0
399.6	7123.0	-29.4	-30.9	87.0	0.7	312.1	82.3	316.8	318.7	317.0
399.1	7132.0	-29.4	-30.9	87.0	0.7	312.1	82.6	317.0	318.8	317.1
398.5	7142.0	-29.5	-31.0	87.0	0.7	312.1	82.8	317.0	318.8	317.1
398.0	7152.0	-29.5	-31.0	87.0	0.7	312.2	83.1	317.1	318.9	317.2
397.4	7162.0	-29.6	-31.1	87.0	0.7	312.3	83.4	317.1	318.9	317.2
396.8	7172.0	-29.7	-31.2	87.0	0.7	312.4	83.7	317.1	318.9	317.2
396.3	7183.0	-29.8	-31.4	86.0	0.7	312.5	83.9	317.1	318.9	317.2
395.7	7193.0	-29.9	-31.6	85.0	0.7	312.7	84.2	317.1	318.9	317.2
395.2	7203.0	-29.9	-31.7	84.0	0.7	312.9	84.5	317.2	319.0	317.3
394.6	7213.0	-30.0	-31.9	83.0	0.7	313.2	84.9	317.2	318.9	317.3
394.0	7224.0	-30.0	-32.1	82.0	0.7	313.4	85.2	317.3	319.0	317.5
393.4	7235.0	-30.1	-32.3	81.0	0.7	313.7	85.5	317.3	319.0	317.5
392.7	7247.0	-30.1	-32.4	81.0	0.7	313.9	85.9	317.5	319.2	317.6
392.1	7258.0	-30.2	-32.6	80.0	0.6	314.2	86.2	317.5	319.1	317.6
391.5	7269.0	-30.3	-32.7	80.0	0.6	314.4	86.5	317.5	319.1	317.6
390.9	7279.0	-30.4	-32.8	80.0	0.6	314.6	86.7	317.5	319.1	317.6
390.4	7290.0	-30.5	-32.9	80.0	0.6	314.9	86.9	317.5	319.1	317.6
389.8	7300.0	-30.6	-32.9	80.0	0.6	315.1	87.1	317.5	319.1	317.6
389.2	7311.0	-30.6	-33.1	79.0	0.6	315.3	87.1	317.7	319.2	317.8
388.6	7322.0	-30.6	-33.2	78.0	0.6	315.4	87.2	317.8	319.3	317.9
388.0	7333.0	-30.7	-33.4	78.0	0.6	315.6	87.2	317.8	319.3	317.9
387.4	7343.0	-30.8	-33.5	77.0	0.6	315.7	87.2	317.8	319.3	317.9
386.9	7353.0	-30.9	-33.6	77.0	0.6	315.8	87.1	317.8	319.3	317.9
386.4	7362.0	-31.0	-33.7	77.0	0.6	316.0	86.9	317.8	319.3	317.9
385.8	7372.0	-31.1	-33.8	78.0	0.6	316.1	86.8	317.8	319.3	317.9
385.3	7383.0	-31.2	-33.8	78.0	0.6	316.1	86.7	317.8	319.2	317.9
384.7	7393.0	-31.3	-33.9	78.0	0.6	316.2	86.5	317.8	319.3	317.9
384.1	7404.0	-31.4	-34.1	77.0	0.6	316.3	86.3	317.8	319.2	317.9
383.5	7416.0	-31.5	-34.2	77.0	0.6	316.4	86.1	317.8	319.2	317.9
382.9	7427.0	-31.5	-34.2	77.0	0.6	316.4	85.9	318.0	319.4	318.1
382.3	7438.0	-31.6	-34.2	78.0	0.6	316.5	85.7	318.0	319.4	318.1
381.7	7448.0	-31.7	-34.2	79.0	0.6	316.5	85.6	318.0	319.4	318.1
381.2	7459.0	-31.9	-34.4	78.0	0.6	316.6	85.4	317.8	319.2	317.9
380.6	7469.0	-31.9	-34.6	77.0	0.5	316.6	85.2	318.0	319.3	318.1
380.2	7477.0	-31.9	-34.8	76.0	0.5	316.6	85.1	318.1	319.4	318.2
379.7	7486.0	-32.0	-35.0	75.0	0.5	316.7	85.0	318.1	319.4	318.2
379.1	7496.0	-32.1	-35.2	74.0	0.5	316.7	84.9	318.1	319.4	318.2
378.6	7506.0	-32.2	-35.2	75.0	0.5	316.7	84.8	318.1	319.4	318.2
378.0	7517.0	-32.3	-35.2	75.0	0.5	316.7	84.7	318.1	319.4	318.2
377.5	7528.0	-32.4	-35.3	76.0	0.5	316.8	84.7	318.1	319.4	318.2
376.9	7538.0	-32.5	-35.3	76.0	0.5	316.8	84.7	318.1	319.4	318.2
376.4	7547.0	-32.6	-35.4	76.0	0.5	316.9	84.7	318.1	319.3	318.2
376.0	7556.0	-32.7	-35.5	76.0	0.5	316.9	84.7	318.0	319.3	318.1
375.5	7564.0	-32.8	-35.6	76.0	0.5	317.0	84.8	318.0	319.3	318.1
375.0	7573.0	-32.8	-35.8	75.0	0.5	317.0	84.9	318.1	319.4	318.2
374.5	7583.0	-32.9	-35.9	75.0	0.5	317.1	85.0	318.1	319.4	318.2
373.9	7594.0	-33.0	-36.0	75.0	0.5	317.2	85.1	318.1	319.3	318.2
373.4	7604.0	-33.1	-36.1	75.0	0.5	317.3	85.3	318.1	319.3	318.2
372.8	7614.0	-33.2	-36.2	75.0	0.5	317.4	85.4	318.1	319.3	318.2
372.3	7624.0	-33.3	-36.3	74.0	0.5	317.5	85.7	318.1	319.3	318.2
371.8	7633.0	-33.3	-36.3	74.0	0.5	317.6	85.9	318.3	319.4	318.3
371.3	7644.0	-33.4	-36.3	75.0	0.5	317.7	86.1	318.2	319.4	318.3
370.7	7655.0	-33.4	-36.4	75.0	0.5	317.8	86.4	318.4	319.6	318.5
370.1	7665.0	-33.5	-36.4	76.0	0.5	317.9	86.7	318.4	319.6	318.5
369.6	7676.0	-33.6	-36.4	76.0	0.5	318.0	87.0	318.4	319.6	318.5
369.0	7686.0	-33.7	-36.6	76.0	0.5	318.1	87.4	318.4	319.6	318.5
368.4	7698.0	-33.8	-36.8	74.0	0.4	318.2	87.7	318.4	319.6	318.5
367.9	7708.0	-33.9	-37.0	73.0	0.4	318.3	88.1	318.4	319.5	318.5
367.4	7718.0	-33.9	-37.0	74.0	0.4	318.3	88.5	318.5	319.7	318.6
366.9	7728.0	-34.0	-37.0	75.0	0.4	318.4	88.9	318.5	319.7	318.6
366.3	7738.0	-34.1	-37.1	74.0	0.4	318.4	89.3	318.5	319.7	318.6
365.7	7749.0	-34.1	-37.3	73.0	0.4	318.4	89.6	318.7	319.8	318.8
365.2	7760.0	-34.1	-37.4	72.0	0.4	318.4	90.0	318.8	319.9	318.9
364.6	7770.0	-34.1	-37.5	72.0	0.4	318.4	90.4	319.0	320.0	319.1
364.1	7780.0	-34.1	-37.8	70.0	0.4	318.3	90.7	319.1	320.1	319.2
363.6	7790.0	-34.2	-38.1	68.0	0.4	318.3	91.1	319.1	320.1	319.2
363.1	7800.0	-34.3	-38.2	68.0	0.4	318.3	91.4	319.1	320.1	319.2
362.5	7811.0	-34.3	-38.1	69.0	0.4	318.3	91.7	319.2	320.2	319.3
362.0	7822.0	-34.4	-38.2	69.0	0.4	318.3	92.0	319.2	320.2	319.3
361.3	7834.0	-34.5	-38.3	69.0	0.4	318.4	92.3	319.3	320.3	319.3
360.7	7847.0	-34.6	-38.4	69.0	0.4	318.4	92.6	319.3	320.3	319.4
360.1	7859.0	-34.7	-38.5	69.0	0.4	318.5	92.8	319.3	320.3	319.4
359.5	7870.0	-34.8	-38.7	68.0	0.4	318.7	93.0	319.3	320.3	319.4
358.9	7881.0	-34.8	-38.8	67.0	0.4	318.8	93.2	319.5	320.4	319.5
358.3	7893.0	-34.9	-38.9	67.0	0.4	319.0	93.4	319.5	320.4	319.6
357.6	7906.0	-35.1	-38.9	68.0	0.4	319.2	93.5	319.4	320.4	319.5
357.0	7918.0	-35.2	-38.9	68.0	0.4	319.3	93.6	319.4	320.4	319.5
356.4	7931.0	-35.2	-38.9	69.0	0.4	319.4	93.7	319.6	320.5	319.6
355.8	7942.0	-35.3	-39.0	69.0	0.4	319.5	93.8	319.6	320.5	319.7
355.2	7953.0	-35.4	-39.0	69.0	0.4	319.6	93.9	319.6	320.6	319.7
354.7	7963.0	-35.4	-39.1	69.0	0.4	319.6	94.0	319.7	320.7	319.8
354.1	7974.0	-35.5	-39.3	69.0	0.4	319.5	94.1	319.8	320.7	319.8
353.5	7987.0	-35.6	-39.5	68.0	0.3	319.5	94.3	319.8	320.7	319.9
352.8	8000.0	-35.8	-39.7	67.0	0.3	319.4	94.5	319.7	320.6	319.8
352.2	8012.0	-35.9	-40.0	66.0	0.3	319.3	94.8	319.7	320.6	319.8
351.6	8024.0	-36.0	-40.2	65.0	0.3	319.2	95.1	319.7	320.6	319.8
351.0	8037.0	-36.1	-40.3	65.0	0.3	319.1	95.5	319.8	320.6	319.8
350.4	8048.0	-36.2	-40.5	65.0	0.3	319.1	95.9	319.8	320.6	319.8
349.9	8058.0	-36.2	-40.6	65.0	0.3	319.0	96.3	319.9	320.7	320.0
349.3	8069.0	-36.3	-40.7	65.0	0.3	319.0	96.8	319.9	320.8	320.0
348.7	8082.0	-36.4	-40.8	64.0	0.3	319.0	97.2	320.0	320.8	320.0
348.1	8094.0	-36.5	-41.0	64.0	0.3	319.0	97.6	320.0	320.8	320.0
347.5	8106.0	-36.6	-41.1	63.0	0.3	319.0	97.9	320.0	320.8	320.1
346.9	8118.0	-36.7	-41.2	63.0	0.3	319.0	98.2	320.0	320.8	320.1
346.3	8129.0	-36.8	-41.3	64.0	0.3	318.9	98.5	320.0	320.8	320.1
345.8	8140.0	-36.9	-41.3	64.0	0.3	318.8	98.7	320.0	320.8	320.1
345.1	8153.0	-37.0	-41.4	64.0	0.3	318.7	98.8	320.1	320.9	320.1
344.5	8165.0	-37.1	-41.4	65.0	0.3	318.5	98.9	320.1	320.9	320.2
343.9	8177.0	-37.2	-41.5	65.0	0.3	318.3	98.9	320.1	320.9	320.2
343.4	8188.0	-37.3	-41.4	66.0	0.3	318.0	98.9	320.1	320.9	320.2
342.8	8199.0	-37.4	-41.4	66.0	0.3	317.7	98.8	320.2	320.9	320.2
342.2	8212.0	-37.5	-41.5	66.0	0.3	317.5	98.7	320.2	321.0	320.2
341.6	8224.0	-37.6	-41.7	66.0	0.3	317.2	98.6	320.2	321.0	320.3
341.0	8235.0	-37.7	-41.9	65.0	0.3	317.0	98.5	320.2	321.0	320.3
340.5	8247.0	-37.7	-42.1	64.0	0.3	316.8	98.4	320.4	321.1	320.4
339.9	8257.0	-37.8	-42.3	63.0	0.3	316.7	98.3	320.4	321.1	320.4
339.4	8268.0	-37.9	-42.4	63.0	0.3	316.6	98.3	320.4	321.1	320.4
338.9	8279.0	-38.1	-42.5	63.0	0.3	316.6	98.3	320.3	320.9	320.3
338.3	8291.0	-38.2	-42.4	65.0	0.3	316.7	98.3	320.3	321.0	320.3
337.7	8303.0	-38.3	-42.4	66.0	0.3	316.8	98.4	320.3	321.0	320.4
337.1	8314.0	-38.4	-42.5	66.0	0.3	316.9	98.5	320.3	321.0	320.4
336.6	8325.0	-38.5	-42.6	65.0	0.3	317.1	98.6	320.3	321.0	320.4
336.1	8336.0	-38.5	-42.9	64.0	0.3	317.2	98.8	320.5	321.1	320.5
335.5	8348.0	-38.7	-43.0	64.0	0.3	317.4	99.1	320.4	321.0	320.4
334.9	8360.0	-38.7	-43.0	64.0	0.3	317.6	99.3	320.5	321.2	320.6
334.3	8373.0	-38.8	-43.1	65.0	0.3	317.7	99.6	320.5	321.2	320.6
333.7	8385.0	-38.9	-42.9	66.0	0.3	317.8	100.0	320.6	321.2	320.6
333.1	8397.0	-39.0	-42.8	67.0	0.3	317.9	100.3	320.6	321.3	320.7
332.5	8409.0	-39.1	-42.8	68.0	0.3	318.0	100.6	320.6	321.3	320.7
332.0	8421.0	-39.2	-43.1	67.0	0.3	318.1	101.0	320.6	321.3	320.7
331.5	8431.0	-39.3	-43.4	65.0	0.3	318.1	101.3	320.6	321.3	320.7
330.9	8443.0	-39.4	-43.7	64.0	0.2	318.2	101.6	320.7	321.3	320.7
330.3	8455.0	-39.5	-43.7	65.0	0.2	318.2	101.9	320.7	321.3	320.7
329.8	8466.0	-39.6	-43.5	66.0	0.3	318.2	102.2	320.7	321.3	320.7
329.3	8476.0	-39.6	-43.6	66.0	0.3	318.3	102.5	320.8	321.5	320.9
328.8	8486.0	-39.7	-43.7	65.0	0.3	318.3	102.8	320.8	321.5	320.9
328.3	8496.0	-39.8	-43.8	66.0	0.2	318.3	103.0	320.8	321.5	320.9
327.8	8506.0	-39.9	-43.9	66.0	0.2	318.4	103.3	320.8	321.5	320.9
327.3	8516.0	-40.0	-43.9	67.0	0.2	318.4	103.5	320.8	321.5	320.9
326.9	8527.0	-40.1	-43.8	68.0	0.2	318.4	103.6	320.8	321.4	320.9
326.3	8538.0	-40.2	-43.9	68.0	0.2	318.4	103.8	320.8	321.5	320.9
325.7	8550.0	-40.4	-44.1	68.0	0.2	318.4	104.0	320.7	321.4	320.8
325.2	8562.0	-40.5	-44.1	68.0	0.2	318.4	104.1	320.7	321.4	320.8
324.6	8574.0	-40.5	-44.2	68.0	0.2	318.3	104.3	320.9	321.5	321.0
324.0	8586.0	-40.7	-44.5	67.0	0.2	318.3	104.4	320.8	321.4	320.9
323.5	8597.0	-40.7	-44.8	65.0	0.2	318.2	104.5	320.9	321.5	321.0
322.9	8609.0	-40.8	-45.0	65.0	0.2	318.1	104.7	321.0	321.5	321.0
322.4	8620.0	-40.9	-45.1	64.0	0.2	318.1	104.8	321.0	321.5	321.0
322.0	8629.0	-41.0	-45.1	65.0	0.2	318.0	105.0	321.0	321.5	321.0
321.6	8638.0	-41.1	-45.0	66.0	0.2	317.9	105.1	320.9	321.5	321.0
321.1	8647.0	-41.2	-44.8	68.0	0.2	317.9	105.3	320.9	321.5	321.0
320.6	8658.0	-41.2	-44.9	68.0	0.2	317.8	105.5	321.1	321.7	321.1
320.1	8668.0	-41.4	-45.3	66.0	0.2	317.8	105.7	320.9	321.5	321.0
319.6	8680.0	-41.5	-45.5	65.0	0.2	317.8	105.9	321.0	321.5	321.0
319.1	8690.0	-41.6	-45.6	66.0	0.2	317.8	106.1	321.0	321.5	321.0
318.7	8699.0	-41.7	-45.5	67.0	0.2	317.8	106.3	320.9	321.5	321.0
318.2	8709.0	-41.8	-45.5	67.0	0.2	317.8	106.5	320.9	321.5	321.0
317.7	8720.0	-41.9	-45.6	67.0	0.2	317.8	106.7	320.9	321.5	321.0
317.2	8731.0	-42.0	-45.7	67.0	0.2	317.8	106.9	321.0	321.5	321.0
316.7	8742.0	-42.0	-45.7	68.0	0.2	317.8	107.1	321.1	321.6	321.1
316.2	8752.0	-42.1	-45.8	68.0	0.2	317.7	107.2	321.1	321.6	321.1
315.7	8762.0	-42.1	-46.0	67.0	0.2	317.7	107.4	321.2	321.8	321.3
315.2	8774.0	-42.3	-46.4	64.0	0.2	317.6	107.5	321.1	321.6	321.2
314.6	8787.0	-42.4	-46.9	62.0	0.2	317.6	107.7	321.2	321.6	321.2
314.0	8798.0	-42.5	-46.9	62.0	0.2	317.5	107.8	321.2	321.7	321.2
313.5	8811.0	-42.6	-46.8	64.0	0.2	317.4	108.0	321.2	321.7	321.2
312.9	8822.0	-42.7	-46.6	65.0	0.2	317.3	108.2	321.2	321.7	321.3
312.4	8832.0	-42.8	-46.6	66.0	0.2	317.2	108.4	321.2	321.7	321.3
311.9	8844.0	-42.9	-46.6	67.0	0.2	317.1	108.6	321.2	321.7	321.3
311.4	8855.0	-43.0	-46.7	67.0	0.2	317.0	108.8	321.3	321.7	321.3
310.9	8866.0	-43.0	-46.7	68.0	0.2	316.9	109.0	321.4	321.9	321.4
310.3	8878.0	-43.2	-46.7	69.0	0.2	316.8	109.2	321.3	321.8	321.3
309.8	8891.0	-43.3	-46.5	70.0	0.2	316.7	109.3	321.3	321.8	321.3
309.3	8901.0	-43.4	-46.4	72.0	0.2	316.6	109.3	321.3	321.8	321.4
308.8	8912.0	-43.5	-46.3	74.0	0.2	316.5	109.3	321.3	321.8	321.4
308.2	8924.0	-43.6	-46.2	76.0	0.2	316.4	109.2	321.4	321.9	321.4
307.6	8937.0	-43.7	-46.2	76.0	0.2	316.3	109.1	321.4	321.9	321.4
307.1	8948.0	-43.7	-46.3	76.0	0.2	316.2	108.9	321.6	322.1	321.6
306.7	8958.0	-43.8	-46.5	74.0	0.2	316.1	108.7	321.5	322.0	321.6
306.1	8970.0	-43.9	-46.9	72.0	0.2	316.0	108.5	321.6	322.0	321.6
305.5	8983.0	-44.1	-47.4	70.0	0.2	316.0	108.2	321.5	321.9	321.5
305.0	8995.0	-44.2	-47.9	67.0	0.2	315.9	108.0	321.5	321.9	321.5
304.5	9006.0	-44.2	-48.2	65.0	0.2	315.8	107.9	321.6	322.0	321.7
304.0	9017.0	-44.4	-48.7	62.0	0.1	315.7	107.9	321.5	321.9	321.5
303.4	9030.0	-44.6	-49.1	60.0	0.1	315.7	108.0	321.4	321.8	321.4
302.8	9043.0	-44.6	-49.4	60.0	0.1	315.6	108.1	321.6	321.9	321.6
302.2	9056.0	-44.7	-49.4	60.0	0.1	315.6	108.3	321.6	322.0	321.7
301.6	9071.0	-44.8	-49.4	61.0	0.1	315.5	108.6	321.7	322.0	321.7
300.9	9084.0	-44.9	-49.3	62.0	0.1	315.5	108.9	321.7	322.1	321.8
300.4	9097.0	-45.0	-49.2	63.0	0.1	315.5	109.3	321.8	322.1	321.8
299.8	9110.0	-45.2	-49.2	64.0	0.1	315.5	109.7	321.7	322.0	321.7
299.2	9123.0	-45.4	-49.1	66.0	0.1	315.6	110.0	321.6	321.9	321.6
298.6	9136.0	-45.5	-48.9	68.0	0.1	315.7	110.3	321.6	322.0	321.6
298.0	9150.0	-45.6	-48.7	71.0	0.2	315.8	110.5	321.6	322.1	321.7
297.4	9163.0	-45.6	-48.3	74.0	0.2	315.9	110.6	321.8	322.2	321.9
296.8	9177.0	-45.7	-48.0	78.0	0.2	316.0	110.7	321.9	322.3	321.9
296.2	9190.0	-45.8	-47.8	80.0	0.2	316.2	110.8	321.9	322.4	321.9
295.6	9203.0	-45.7	-47.7	80.0	0.2	316.4	110.8	322.2	322.7	322.3
295.0	9217.0	-45.6	-47.8	78.0	0.2	316.6	110.9	322.6	323.0	322.6
294.4	9230.0	-45.6	-48.5	73.0	0.2	316.8	110.9	322.8	323.2	322.8
293.9	9242.0	-45.6	-49.4	66.0	0.1	317.0	111.0	322.9	323.3	322.9
293.5	9252.0	-45.6	-50.2	61.0	0.1	317.2	111.1	323.0	323.4	323.1
293.0	9264.0	-45.7	-51.0	55.0	0.1	317.5	111.3	323.1	323.4	323.1
292.4	9277.0	-45.9	-52.0	50.0	0.1	317.7	111.6	323.0	323.2	323.0
291.8	9291.0	-46.0	-53.1	45.0	0.1	318.0	111.9	323.0	323.3	323.0
291.2	9305.0	-46.0	-54.1	40.0	0.1	318.2	112.2	323.2	323.4	323.2
290.6	9318.0	-46.1	-54.9	37.0	0.1	318.5	112.5	323.2	323.5	323.3
290.0	9331.0	-46.2	-55.1	36.0	0.1	318.7	112.8	323.3	323.5	323.3
289.5	9343.0	-46.3	-55.1	37.0	0.1	319.0	113.1	323.3	323.5	323.3
289.0	9354.0	-46.4	-55.0	37.0	0.1	319.3	113.4	323.3	323.5	323.3
288.5	9365.0	-46.5	-55.0	38.0	0.1	319.5	113.6	323.3	323.6	323.4
288.0	9376.0	-46.6	-54.8	39.0	0.1	319.8	113.8	323.4	323.6	323.4
287.5	9388.0	-46.6	-54.6	40.0	0.1	320.1	114.0	323.5	323.7	323.5
287.0	9400.0	-46.7	-54.5	41.0	0.1	320.3	114.1	323.5	323.8	323.6
286.5	9412.0	-46.8	-54.4	42.0	0.1	320.6	114.2	323.6	323.8	323.6
286.0	9424.0	-46.9	-54.3	43.0	0.1	320.8	114.3	323.6	323.8	323.6
285.4	9437.0	-47.0	-54.1	45.0	0.1	321.0	114.3	323.6	323.9	323.6
284.8	9451.0	-47.1	-53.9	46.0	0.1	321.2	114.3	323.7	323.9	323.7
284.3	9464.0	-47.2	-53.8	47.0	0.1	321.4	114.3	323.7	323.9	323.7
283.7	9477.0	-47.4	-53.7	49.0	0.1	321.6	114.4	323.6	323.8	323.6
283.1	9490.0	-47.5	-53.6	50.0	0.1	321.7	114.4	323.7	323.9	323.7
282.6	9503.0	-47.6	-53.5	51.0	0.1	321.8	114.4	323.7	323.9	323.7
282.0	9516.0	-47.7	-53.5	52.0	0.1	322.0	114.4	323.7	324.0	323.8
281.5	9529.0	-47.8	-53.5	52.0	0.1	322.0	114.5	323.8	324.0	323.8
280.9	9542.0	-47.9	-53.5	53.0	0.1	322.1	114.5	323.8	324.0	323.8
280.4	9554.0	-48.1	-53.5	54.0	0.1	322.2	114.6	323.7	323.9	323.7
279.9	9567.0	-48.2	-53.4	55.0	0.1	322.3	114.8	323.7	324.0	323.7
279.3	9580.0	-48.3	-53.2	57.0	0.1	322.4	115.0	323.8	324.0	323.8
278.7	9593.0	-48.4	-53.0	59.0	0.1	322.5	115.4	323.8	324.1	323.8
278.2	9606.0	-48.4	-52.9	60.0	0.1	322.7	115.7	324.0	324.2	324.0
277.6	9619.0	-48.5	-53.0	60.0	0.1	322.8	116.2	324.0	324.3	324.1
277.1	9633.0	-48.6	-53.1	60.0	0.1	323.0	116.8	324.1	324.3	324.1
276.4	9647.0	-48.7	-53.2	60.0	0.1	323.2	117.4	324.2	324.4	324.2
275.8	9662.0	-48.8	-53.3	60.0	0.1	323.4	118.1	324.2	324.5	324.2
275.3	9675.0	-49.0	-53.5	60.0	0.1	323.6	118.8	324.1	324.3	324.1
274.7	9688.0	-49.0	-53.6	59.0	0.1	323.9	119.5	324.3	324.6	324.3
274.2	9701.0	-49.1	-53.8	59.0	0.1	324.1	120.2	324.3	324.5	324.3
273.7	9713.0	-49.2	-53.9	58.0	0.1	324.3	120.9	324.3	324.6	324.4
273.2	9725.0	-49.2	-53.9	58.0	0.1	324.5	121.5	324.5	324.7	324.5
272.7	9738.0	-49.3	-54.0	58.0	0.1	324.7	122.1	324.5	324.8	324.6
272.2	9749.0	-49.4	-54.1	59.0	0.1	324.9	122.6	324.6	324.8	324.6
271.7	9760.0	-49.5	-54.1	59.0	0.1	325.0	123.0	324.6	324.8	324.6
271.2	9773.0	-49.6	-54.2	58.0	0.1	325.1	123.3	324.6	324.8	324.6
270.6	9786.0	-49.6	-54.4	57.0	0.1	325.2	123.7	324.8	325.0	324.8
270.1	9800.0	-49.7	-54.6	57.0	0.1	325.2	123.9	324.8	325.1	324.9
269.6	9812.0	-49.8	-54.7	57.0	0.1	325.3	124.2	324.9	325.1	324.9
269.2	9823.0	-49.9	-54.8	57.0	0.1	325.4	124.4	324.9	325.1	324.9
268.7	9835.0	-49.9	-54.8	57.0	0.1	325.4	124.7	325.0	325.3	325.1
268.2	9847.0	-50.0	-54.8	57.0	0.1	325.5	124.9	325.1	325.3	325.1
267.7	9859.0	-50.1	-54.8	58.0	0.1	325.6	125.2	325.1	325.3	325.1
267.1	9871.0	-50.2	-54.8	58.0	0.1	325.7	125.6	325.2	325.4	325.2
266.6	9884.0	-50.2	-54.9	59.0	0.1	325.8	126.0	325.3	325.6	325.3
266.1	9896.0	-50.3	-54.9	58.0	0.1	325.9	126.4	325.4	325.6	325.4
265.6	9909.0	-50.3	-55.0	58.0	0.1	325.9	126.9	325.5	325.7	325.5
265.1	9922.0	-50.4	-54.9	59.0	0.1	326.0	127.3	325.6	325.8	325.6
264.5	9935.0	-50.5	-54.8	61.0	0.1	326.1	127.8	325.6	325.9	325.6
264.0	9949.0	-50.5	-54.8	61.0	0.1	326.1	128.3	325.8	326.0	325.8
263.4	9963.0	-50.6	-54.8	62.0	0.1	326.1	128.8	325.9	326.1	325.9
263.0	9974.0	-50.6	-54.8	62.0	0.1	326.1	129.3	326.0	326.2	326.0
262.5	9985.0	-50.7	-54.9	61.0	0.1	326.1	129.8	326.0	326.3	326.1
262.0	9997.0	-50.8	-55.1	60.0	0.1	326.1	130.2	326.1	326.3	326.1
261.5	10010.0	-50.9	-55.3	60.0	0.1	326.0	130.6	326.1	326.3	326.1
261.0	10022.0	-51.0	-55.4	60.0	0.1	325.9	131.0	326.1	326.3	326.1
260.6	10033.0	-51.0	-55.6	59.0	0.1	325.9	131.4	326.3	326.5	326.3
260.2	10043.0	-51.1	-55.9	57.0	0.1	325.8	131.7	326.3	326.5	326.3
259.8	10053.0	-51.2	-56.1	56.0	0.1	325.7	132.0	326.3	326.5	326.3
259.4	10063.0	-51.2	-56.3	56.0	0.1	325.6	132.3	326.4	326.6	326.4
259.0	10074.0	-51.3	-56.4	55.0	0.1	325.5	132.6	326.4	326.6	326.4
258.6	10084.0	-51.4	-56.5	55.0	0.1	325.4	132.8	326.4	326.6	326.4
258.2	10093.0	-51.5	-56.5	55.0	0.1	325.4	133.0	326.4	326.6	326.4
257.8	10103.0	-51.6	-56.6	56.0	0.1	325.3	133.3	326.4	326.6	326.4
257.4	10113.0	-51.7	-56.6	56.0	0.1	325.2	133.5	326.4	326.6	326.4
257.0	10124.0	-51.8	-56.5	57.0	0.1	325.1	133.7	326.4	326.6	326.4
256.5	10136.0	-51.9	-56.5	58.0	0.1	325.0	133.9	326.4	326.6	326.4
256.0	10148.0	-52.0	-56.4	59.0	0.1	324.9	134.1	326.5	326.6	326.5
255.5	10160.0	-52.0	-56.5	59.0	0.1	324.9	134.3	326.6	326.8	326.7
255.1	10172.0	-52.1	-56.7	58.0	0.1	324.8	134.4	326.6	326.8	326.7
254.7	10182.0	-52.2	-57.0	56.0	0.1	324.7	134.6	326.6	326.8	326.7
254.3	10192.0	-52.2	-57.2	55.0	0.1	324.6	134.8	326.8	327.0	326.8
253.9	10202.0	-52.2	-57.5	54.0	0.1	324.5	135.0	326.9	327.1	326.9
253.5	10212.0	-52.3	-57.7	53.0	0.1	324.4	135.1	326.9	327.1	326.9
253.1	10222.0	-52.4	-57.9	53.0	0.1	324.4	135.3	326.9	327.1	326.9
252.8	10231.0	-52.5	-57.9	52.0	0.1	324.3	135.5	326.9	327.1	326.9
252.3	10242.0	-52.5	-58.0	52.0	0.1	324.3	135.6	327.1	327.2	327.1
251.9	10252.0	-52.7	-58.0	53.0	0.1	324.2	135.8	326.9	327.1	326.9
251.5	10263.0	-52.8	-58.1	53.0	0.1	324.2	135.9	326.9	327.1	326.9
251.1	10273.0	-52.9	-58.1	54.0	0.1	324.1	136.0	326.9	327.1	326.9
250.7	10283.0	-53.0	-58.1	54.0	0.1	324.1	136.2	326.9	327.1	326.9
250.3	10293.0	-53.1	-58.2	54.0	0.1	324.1	136.3	326.9	327.1	326.9
250.0	10303.0	-53.2	-58.3	54.0	0.1	324.0	136.5	326.9	327.1	326.9
249.6	10312.0	-53.2	-58.3	54.0	0.1	324.0	136.6	327.0	327.2	327.1
249.2	10321.0	-53.3	-58.4	54.0	0.1	324.0	136.7	327.0	327.2	327.1
248.9	10331.0	-53.4	-58.5	55.0	0.1	323.9	136.8	327.0	327.2	327.0
248.5	10340.0	-53.5	-58.6	55.0	0.1	323.8	136.9	327.0	327.2	327.0
248.2	10349.0	-53.6	-58.7	54.0	0.1	323.8	137.0	327.0	327.1	327.0
247.8	10359.0	-53.7	-58.8	54.0	0.1	323.7	137.1	327.0	327.1	327.0
247.4	10370.0	-53.8	-59.0	53.0	0.1	323.6	137.1	327.0	327.1	327.0
247.0	10381.0	-53.8	-59.2	52.0	0.1	323.6	137.1	327.1	327.3	327.1
246.5	10392.0	-53.9	-59.4	52.0	0.1	323.5	137.1	327.2	327.3	327.2
246.1	10404.0	-54.0	-59.5	52.0	0.1	323.5	137.1	327.2	327.3	327.2
245.6	10416.0	-54.1	-59.5	52.0	0.1	323.4	137.1	327.2	327.3	327.2
245.2	10428.0	-54.2	-59.6	52.0	0.1	323.4	137.2	327.2	327.3	327.2
244.7	10440.0	-54.3	-59.6	53.0	0.1	323.4	137.2	327.3	327.4	327.3
244.3	10451.0	-54.5	-59.7	53.0	0.1	323.4	137.2	327.1	327.2	327.1
243.8	10464.0	-54.6	-59.7	54.0	0.1	323.4	137.2	327.2	327.3	327.2
243.3	10477.0	-54.7	-59.7	54.0	0.1	323.4	137.2	327.2	327.3	327.2
242.8	10490.0	-54.9	-59.8	55.0	0.1	323.5	137.3	327.1	327.2	327.1
242.3	10502.0	-55.0	-59.9	55.0	0.1	323.5	137.3	327.1	327.3	327.1
241.9	10513.0	-55.1	-60.1	54.0	0.1	323.6	137.3	327.1	327.3	327.1
241.5	10524.0	-55.2	-60.4	53.0	0.1	323.7	137.3	327.1	327.3	327.2
241.0	10536.0	-55.3	-60.6	53.0	0.1	323.7	137.3	327.2	327.3	327.2
240.7	10546.0	-55.4	-60.7	52.0	0.1	323.8	137.3	327.2	327.3	327.2
240.3	10555.0	-55.4	-60.8	52.0	0.1	323.8	137.3	327.3	327.4	327.3
239.9	10566.0	-55.6	-60.9	52.0	0.0	323.9	137.3	327.2	327.3	327.2
239.5	10576.0	-55.7	-60.9	52.0	0.0	323.9	137.3	327.2	327.3	327.2
239.2	10586.0	-55.8	-61.0	53.0	0.0	324.0	137.2	327.1	327.2	327.1
238.8	10596.0	-55.9	-61.0	53.0	0.0	324.0	137.2	327.1	327.2	327.1
238.3	10608.0	-56.0	-61.2	53.0	0.0	324.1	137.1	327.2	327.3	327.2
237.9	10618.0	-56.1	-61.3	53.0	0.0	324.1	137.1	327.2	327.3	327.2
237.6	10628.0	-56.2	-61.5	52.0	0.0	324.2	137.1	327.2	327.3	327.2
237.2	10639.0	-56.2	-61.8	50.0	0.0	324.3	137.1	327.3	327.4	327.3
236.8	10649.0	-56.3	-62.2	48.0	0.0	324.3	137.1	327.3	327.4	327.3
236.4	10660.0	-56.4	-62.6	46.0	0.0	324.4	137.1	327.3	327.4	327.3
236.0	10671.0	-56.5	-63.1	44.0	0.0	324.5	137.1	327.3	327.4	327.3
235.6	10681.0	-56.6	-63.2	44.0	0.0	324.6	137.1	327.3	327.4	327.4
235.2	10692.0	-56.7	-63.1	45.0	0.0	324.6	137.1	327.4	327.4	327.4
234.8	10703.0	-56.8	-63.0	46.0	0.0	324.7	137.1	327.4	327.5	327.4
234.4	10712.0	-56.9	-62.9	47.0	0.0	324.8	137.1	327.4	327.5	327.4
234.0	10723.0	-57.0	-62.9	47.0	0.0	324.8	137.1	327.4	327.5	327.4
233.7	10734.0	-57.0	-63.0	48.0	0.0	324.9	137.1	327.5	327.6	327.5
233.3	10745.0	-57.1	-63.0	48.0	0.0	324.9	137.0	327.5	327.6	327.5
232.8	10755.0	-57.2	-63.1	48.0	0.0	325.0	137.0	327.6	327.7	327.6
232.5	10765.0	-57.3	-63.2	48.0	0.0	325.0	136.9	327.5	327.6	327.5
232.1	10776.0	-57.4	-63.3	48.0	0.0	325.0	136.9	327.5	327.6	327.5
231.6	10788.0	-57.5	-63.4	48.0	0.0	325.0	136.8	327.6	327.7	327.6
231.3	10798.0	-57.6	-63.5	48.0	0.0	325.0	136.8	327.6	327.6	327.6
230.9	10808.0	-57.7	-63.6	48.0	0.0	325.0	136.7	327.6	327.6	327.6
230.5	10819.0	-57.8	-63.7	48.0	0.0	325.0	136.6	327.6	327.7	327.6
230.1	10829.0	-57.9	-63.7	48.0	0.0	325.0	136.6	327.6	327.7	327.6
229.7	10841.0	-58.0	-63.8	48.0	0.0	325.0	136.5	327.6	327.7	327.6
229.3	10852.0	-58.1	-63.9	48.0	0.0	325.0	136.4	327.6	327.7	327.6
228.9	10862.0	-58.2	-63.9	48.0	0.0	325.0	136.3	327.6	327.7	327.6
228.6	10872.0	-58.3	-64.0	48.0	0.0	325.0	136.2	327.6	327.7	327.6
228.2	10882.0	-58.3	-64.1	48.0	0.0	325.0	136.1	327.8	327.8	327.8
227.8	10893.0	-58.4	-64.2	48.0	0.0	325.1	136.0	327.8	327.8	327.8
227.4	10904.0	-58.5	-64.3	48.0	0.0	325.2	135.9	327.8	327.9	327.8
227.0	10915.0	-58.6	-64.4	48.0	0.0	325.2	135.8	327.8	327.9	327.8
226.7	10924.0	-58.7	-64.4	48.0	0.0	325.3	135.8	327.8	327.8	327.8
226.3	10936.0	-58.8	-64.5	49.0	0.0	325.4	135.8	327.8	327.8	327.8
225.9	10947.0	-59.0	-64.6	49.0	0.0	325.5	135.8	327.6	327.7	327.6
225.5	10958.0	-59.1	-64.6	49.0	0.0	325.6	135.9	327.6	327.7	327.6
225.1	10969.0	-59.2	-64.6	50.0	0.0	325.7	136.0	327.7	327.7	327.7
224.7	10979.0	-59.2	-64.6	50.0	0.0	325.8	136.1	327.8	327.9	327.8
224.3	10990.0	-59.3	-64.6	51.0	0.0	326.0	136.3	327.8	327.9	327.8
223.9	11001.0	-59.4	-64.7	51.0	0.0	326.1	136.6	327.8	327.9	327.9
223.6	11012.0	-59.5	-64.7	52.0	0.0	326.2	136.8	327.8	327.9	327.8
223.2	11021.0	-59.6	-64.6	53.0	0.0	326.3	137.1	327.8	327.9	327.8
222.8	11031.0	-59.7	-64.6	54.0	0.0	326.4	137.4	327.9	327.9	327.9
222.5	11042.0	-59.8	-64.5	55.0	0.0	326.5	137.7	327.8	327.9	327.8
222.2	11051.0	-59.9	-64.4	56.0	0.0	326.6	138.0	327.8	327.9	327.8
221.8	11061.0	-59.9	-64.3	57.0	0.0	326.7	138.2	328.0	328.0	328.0
221.4	11071.0	-60.0	-64.2	59.0	0.0	326.8	138.4	328.0	328.1	328.0
221.1	11081.0	-60.1	-64.1	60.0	0.0	326.9	138.6	328.0	328.0	328.0
220.7	11091.0	-60.2	-64.1	61.0	0.0	327.0	138.8	328.0	328.0	328.0
220.4	11101.0	-60.3	-64.1	61.0	0.0	327.1	139.0	327.9	328.0	327.9
220.0	11111.0	-60.3	-64.1	62.0	0.0	327.1	139.0	328.1	328.2	328.1
219.6	11122.0	-60.3	-64.1	62.0	0.0	327.2	139.1	328.3	328.4	328.3
219.3	11133.0	-60.4	-64.1	62.0	0.0	327.3	139.1	328.3	328.3	328.3
218.9	11144.0	-60.5	-64.3	62.0	0.0	327.3	139.1	328.3	328.4	328.3
218.5	11154.0	-60.5	-64.3	62.0	0.0	327.4	139.1	328.4	328.5	328.5
218.1	11165.0	-60.6	-64.4	61.0	0.0	327.4	139.0	328.5	328.5	328.5
217.8	11175.0	-60.7	-64.6	60.0	0.0	327.5	138.9	328.4	328.5	328.4
217.4	11185.0	-60.8	-64.9	60.0	0.0	327.5	138.9	328.5	328.5	328.5
217.1	11195.0	-60.9	-65.1	59.0	0.0	327.5	138.8	328.4	328.5	328.4
216.7	11206.0	-61.0	-65.3	58.0	0.0	327.6	138.7	328.4	328.5	328.5
216.3	11217.0	-61.1	-65.5	56.0	0.0	327.6	138.6	328.5	328.5	328.5
216.0	11227.0	-61.2	-65.8	55.0	0.0	327.6	138.4	328.4	328.5	328.4
215.6	11237.0	-61.2	-66.1	53.0	0.0	327.6	138.3	328.6	328.7	328.6
215.2	11249.0	-61.3	-66.3	52.0	0.0	327.6	138.1	328.6	328.7	328.6
214.9	11258.0	-61.3	-66.6	51.0	0.0	327.6	137.8	328.8	328.8	328.8
214.5	11269.0	-61.4	-66.8	49.0	0.0	327.6	137.6	328.8	328.8	328.8
214.2	11279.0	-61.4	-66.9	49.0	0.0	327.6	137.3	328.9	329.0	328.9
213.8	11289.0	-61.4	-67.0	48.0	0.0	327.6	137.0	329.1	329.1	329.1
213.4	11300.0	-61.5	-67.1	48.0	0.0	327.5	136.6	329.1	329.2	329.1
213.0	11312.0	-61.6	-67.1	48.0	0.0	327.4	136.3	329.1	329.2	329.1
212.7	11322.0	-61.6	-67.1	49.0	0.0	327.4	135.8	329.3	329.3	329.3
212.3	11332.0	-61.6	-67.0	50.0	0.0	327.3	135.4	329.4	329.5	329.4
212.0	11342.0	-61.7	-67.0	50.0	0.0	327.2	135.0	329.4	329.5	329.4
211.6	11352.0	-61.7	-66.9	50.0	0.0	327.1	134.6	329.6	329.7	329.6
211.3	11362.0	-61.7	-66.9	51.0	0.0	327.0	134.1	329.7	329.8	329.7
211.0	11372.0	-61.8	-66.8	52.0	0.0	327.0	133.7	329.7	329.8	329.7
210.6	11383.0	-61.8	-66.8	52.0	0.0	326.9	133.2	329.9	329.9	329.9
210.3	11393.0	-61.9	-66.9	52.0	0.0	326.7	132.8	329.9	329.9	329.9
209.9	11403.0	-61.9	-67.0	52.0	0.0	326.6	132.4	330.0	330.1	330.1
209.6	11414.0	-62.0	-67.1	52.0	0.0	326.5	131.9	330.0	330.1	330.0
209.2	11424.0	-62.1	-67.2	51.0	0.0	326.4	131.5	330.1	330.1	330.1
208.8	11435.0	-62.1	-67.4	50.0	0.0	326.2	131.1	330.2	330.3	330.2
208.4	11446.0	-62.2	-67.5	50.0	0.0	326.1	130.6	330.3	330.3	330.3
208.1	11457.0	-62.2	-67.7	49.0	0.0	325.9	130.2	330.4	330.4	330.4
207.7	11467.0	-62.3	-67.8	48.0	0.0	325.8	129.8	330.4	330.5	330.4
207.4	11478.0	-62.3	-68.1	47.0	0.0	325.6	129.4	330.6	330.6	330.6
207.0	11488.0	-62.4	-68.3	46.0	0.0	325.5	129.1	330.6	330.6	330.6
206.7	11499.0	-62.4	-68.6	44.0	0.0	325.3	128.8	330.7	330.8	330.7
206.3	11512.0	-62.4	-68.9	42.0	0.0	325.2	128.5	330.9	331.0	330.9
205.9	11523.0	-62.4	-69.2	40.0	0.0	325.1	128.2	331.1	331.1	331.1
205.5	11534.0	-62.4	-69.5	39.0	0.0	325.0	128.0	331.3	331.3	331.3
205.2	11545.0	-62.5	-69.8	38.0	0.0	324.9	127.7	331.2	331.3	331.3
204.8	11556.0	-62.5	-70.2	36.0	0.0	324.8	127.4	331.4	331.5	331.4
204.4	11568.0	-62.6	-70.6	34.0	0.0	324.8	127.1	331.5	331.5	331.5
204.0	11580.0	-62.8	-71.1	33.0	0.0	324.8	126.7	331.3	331.4	331.3
203.6	11592.0	-62.9	-71.6	31.0	0.0	324.8	126.2	331.4	331.4	331.4
203.2	11602.0	-62.9	-72.0	30.0	0.0	324.9	125.6	331.5	331.6	331.5
202.9	11613.0	-62.9	-72.3	28.0	0.0	325.0	125.0	331.7	331.7	331.7
202.5	11624.0	-62.6	-72.8	25.0	0.0	325.2	124.3	332.3	332.4	332.3
202.2	11634.0	-62.2	-73.1	23.0	0.0	325.5	123.5	333.1	333.1	333.1
201.8	11645.0	-61.7	-73.6	20.0	0.0	325.8	122.6	334.1	334.1	334.1
201.4	11657.0	-61.2	-74.5	16.0	0.0	326.1	121.7	335.1	335.1	335.1
201.0	11670.0	-60.9	-75.4	14.0	0.0	326.5	120.7	335.7	335.8	335.7
200.6	11682.0	-60.7	-76.4	12.0	0.0	327.0	119.7	336.2	336.3	336.2
200.2	11694.0	-60.6	-77.3	10.0	0.0	327.5	118.7	336.6	336.6	336.6
199.9	11706.0	-60.5	-78.2	9.0	0.0	328.1	117.7	336.9	336.9	336.9
199.5	11718.0	-60.5	-79.0	8.0	0.0	328.7	116.7	337.1	337.1	337.1
199.1	11731.0	-60.2	-79.4	7.0	0.0	329.3	115.7	337.8	337.8	337.8
198.7	11744.0	-60.1	-80.2	6.0	0.0	330.0	114.7	338.1	338.1	338.1
198.2	11757.0	-60.1	-81.3	5.0	0.0	330.7	113.7	338.4	338.4	338.4
197.8	11771.0	-59.9	-82.2	4.0	0.0	331.3	112.7	338.9	338.9	338.9
197.3	11785.0	-59.8	-83.2	4.0	0.0	332.0	111.6	339.3	339.3	339.3
196.9	11800.0	-59.7	-84.6	3.0	0.0	332.6	110.6	339.6	339.6	339.6
196.4	11814.0	-59.6	-86.1	2.0	0.0	333.1	109.5	340.0	340.0	340.0
196.0	11827.0	-59.6	-87.9	2.0	0.0	333.6	108.5	340.2	340.2	340.2
195.6	11841.0	-59.6	-90.1	1.0	0.0	334.1	107.4	340.4	340.4	340.4
195.1	11855.0	-59.5	-91.3	1.0	0.0	334.5	106.3	340.8	340.8	340.8
194.7	11870.0	-59.5	-92.7	1.0	0.0	334.7	105.2	341.0	341.0	341.0
194.2	11884.0	-59.4	-92.4	1.0	0.0	335.0	104.2	341.5	341.5	341.5
193.7	11901.0	-59.4	-90.7	1.0	0.0	335.1	103.1	341.7	341.7	341.7
193.3	11916.0	-59.4	-90.0	1.0	0.0	335.1	102.0	341.9	341.9	341.9
192.9	11927.0	-59.5	-89.5	1.0	0.0	335.1	100.9	341.9	341.9	341.9
192.6	11937.0	-59.5	-88.7	1.0	0.0	335.0	99.8	342.1	342.1	342.1
192.3	11947.0	-59.5	-87.9	2.0	0.0	334.9	98.7	342.3	342.3	342.3
192.0	11958.0	-59.6	-87.6	2.0	0.0	334.7	97.5	342.2	342.2	342.2
191.6	11970.0	-59.6	-87.1	2.0	0.0	334.6	96.4	342.4	342.4	342.4
191.2	11984.0	-59.7	-86.8	2.0	0.0	334.4	95.3	342.5	342.5	342.5
190.7	11999.0	-59.7	-86.4	2.0	0.0	334.2	94.1	342.7	342.7	342.7
190.3	12012.0	-59.8	-86.3	2.0	0.0	334.0	93.0	342.8	342.8	342.8
189.9	12024.0	-59.9	-86.1	2.0	0.0	333.8	92.0	342.8	342.8	342.8
189.6	12034.0	-59.8	-85.7	2.0	0.0	333.6	91.1	343.2	343.2	343.2
189.4	12042.0	-59.7	-85.6	2.0	0.0	333.4	90.2	343.4	343.4	343.4
189.1	12052.0	-59.7	-85.5	2.0	0.0	333.1	89.4	343.6	343.6	343.6
188.7	12064.0	-59.7	-85.5	2.0	0.0	332.9	88.8	343.8	343.8	343.8
188.4	12076.0	-59.5	-85.2	2.0	0.0	332.7	88.2	344.3	344.3	344.3
188.1	12086.0	-59.4	-85.1	3.0	0.0	332.5	87.8	344.6	344.6	344.6
187.8	12095.0	-59.2	-85.0	2.0	0.0	332.2	87.5	345.1	345.1	345.1
187.5	12105.0	-59.1	-84.9	2.0	0.0	332.0	87.3	345.4	345.4	345.4
187.2	12115.0	-59.1	-85.3	2.0	0.0	331.7	87.2	345.5	345.5	345.5
186.9	12125.0	-59.2	-85.6	2.0	0.0	331.5	87.2	345.5	345.5	345.5
186.6	12136.0	-59.2	-86.0	2.0	0.0	331.2	87.2	345.7	345.7	345.7
186.3	12147.0	-59.2	-86.2	2.0	0.0	331.0	87.3	345.9	345.9	345.9
185.9	12158.0	-59.0	-86.4	2.0	0.0	330.7	87.4	346.4	346.4	346.4
185.6	12167.0	-58.9	-86.3	2.0	0.0	330.5	87.5	346.7	346.7	346.7
185.4	12177.0	-58.8	-86.2	2.0	0.0	330.3	87.5	347.0	347.0	347.0
185.1	12187.0	-58.7	-86.0	2.0	0.0	330.1	87.6	347.3	347.3	347.3
184.8	12197.0	-58.6	-85.8	2.0	0.0	330.0	87.6	347.6	347.6	347.6
184.5	12207.0	-58.4	-85.5	2.0	0.0	329.9	87.6	348.1	348.1	348.1
184.2	12216.0	-58.2	-85.4	2.0	0.0	329.8	87.6	348.6	348.6	348.6
183.9	12226.0	-58.0	-85.1	2.0	0.0	329.7	87.5	349.1	349.1	349.1
183.6	12236.0	-57.9	-84.8	2.0	0.0	329.7	87.4	349.4	349.4	349.4
183.3	12246.0	-57.9	-84.6	2.0	0.0	329.6	87.2	349.6	349.6	349.6
183.1	12255.0	-57.9	-84.5	2.0	0.0	329.7	87.1	349.7	349.7	349.7
182.8	12265.0	-57.9	-84.5	2.0	0.0	329.7	86.8	349.8	349.8	349.8
182.5	12275.0	-57.9	-84.7	2.0	0.0	329.7	86.6	350.0	350.0	350.0
182.2	12285.0	-57.8	-84.8	2.0	0.0	329.8	86.4	350.3	350.3	350.3
181.9	12295.0	-57.8	-84.8	2.0	0.0	329.8	86.1	350.5	350.5	350.5
181.6	12305.0	-57.8	-84.9	2.0	0.0	329.9	85.9	350.7	350.7	350.7
181.3	12316.0	-57.9	-84.9	2.0	0.0	330.0	85.6	350.7	350.7	350.7
181.0	12326.0	-57.9	-84.9	2.0	0.0	330.0	85.4	350.8	350.8	350.8
180.7	12336.0	-58.0	-84.9	2.0	0.0	330.1	85.1	350.8	350.8	350.8
180.5	12346.0	-58.0	-84.8	2.0	0.0	330.1	84.9	350.9	350.9	350.9
180.2	12355.0	-58.0	-84.6	2.0	0.0	330.1	84.6	351.1	351.1	351.1
179.9	12365.0	-57.9	-84.6	2.0	0.0	330.0	84.4	351.4	351.4	351.4
179.6	12376.0	-58.0	-84.5	2.0	0.0	329.9	84.2	351.4	351.4	351.4
179.3	12386.0	-58.0	-84.5	2.0	0.0	329.8	83.9	351.6	351.6	351.6
179.0	12396.0	-58.0	-84.5	2.0	0.0	329.7	83.7	351.8	351.8	351.8
178.8	12406.0	-58.0	-84.5	2.0	0.0	329.5	83.5	351.9	351.9	351.9
178.5	12416.0	-57.9	-84.5	2.0	0.0	329.3	83.2	352.2	352.2	352.2
178.2	12425.0	-57.8	-84.6	2.0	0.0	329.1	83.0	352.6	352.6	352.6
178.0	12434.0	-57.7	-84.6	2.0	0.0	329.0	82.8	352.8	352.8	352.8
177.7	12444.0	-57.6	-84.8	2.0	0.0	328.8	82.6	353.2	353.2	353.2
177.4	12455.0	-57.6	-84.9	2.0	0.0	328.6	82.4	353.3	353.3	353.3
177.1	12465.0	-57.5	-84.9	2.0	0.0	328.4	82.2	353.7	353.7	353.7
176.8	12473.0	-57.5	-84.8	2.0	0.0	328.3	82.0	353.8	353.8	353.8
176.6	12483.0	-57.5	-84.7	2.0	0.0	328.2	81.8	354.0	354.0	354.0
176.3	12493.0	-57.5	-84.8	2.0	0.0	328.1	81.7	354.1	354.1	354.1
176.0	12502.0	-57.5	-85.0	2.0	0.0	328.1	81.5	354.3	354.3	354.3
175.7	12513.0	-57.5	-85.3	2.0	0.0	328.1	81.4	354.5	354.5	354.5
175.5	12522.0	-57.4	-85.5	2.0	0.0	328.0	81.3	354.8	354.8	354.8
175.2	12531.0	-57.3	-85.7	2.0	0.0	328.0	81.2	355.1	355.1	355.1
175.0	12541.0	-57.3	-85.7	2.0	0.0	328.1	81.2	355.2	355.2	355.2
174.7	12551.0	-57.3	-85.4	2.0	0.0	328.1	81.1	355.4	355.4	355.4
174.4	12562.0	-57.3	-85.2	2.0	0.0	328.1	81.1	355.6	355.6	355.6
174.1	12572.0	-57.4	-85.0	2.0	0.0	328.1	81.0	355.6	355.6	355.6
173.9	12581.0	-57.3	-84.7	2.0	0.0	328.1	81.1	355.9	355.9	355.9
173.6	12590.0	-57.3	-84.5	2.0	0.0	328.1	81.1	356.0	356.0	356.0
173.3	12600.0	-57.4	-84.2	2.0	0.0	328.2	81.2	356.0	356.0	356.0
173.1	12610.0	-57.4	-83.8	2.0	0.0	328.2	81.2	356.2	356.2	356.2
172.8	12620.0	-57.4	-83.5	3.0	0.0	328.2	81.3	356.3	356.3	356.3
172.5	12630.0	-57.3	-83.1	3.0	0.0	328.2	81.5	356.7	356.7	356.7
172.2	12641.0	-57.3	-82.9	3.0	0.0	328.2	81.6	356.9	356.9	356.9
171.9	12651.0	-57.3	-83.0	3.0	0.0	328.2	81.7	357.0	357.0	357.0
171.7	12661.0	-57.2	-83.2	3.0	0.0	328.2	81.8	357.3	357.3	357.3
171.4	12671.0	-57.1	-83.7	2.0	0.0	328.2	81.8	357.7	357.7	357.7
171.1	12680.0	-57.0	-84.2	2.0	0.0	328.2	81.8	358.0	358.0	358.0
170.9	12689.0	-56.9	-84.5	2.0	0.0	328.2	81.8	358.3	358.3	358.3
170.7	12698.0	-56.8	-85.0	2.0	0.0	328.2	81.6	358.6	358.6	358.6
170.4	12709.0	-56.8	-85.4	2.0	0.0	328.2	81.4	358.8	358.8	358.8
170.1	12719.0	-56.7	-85.6	2.0	0.0	328.2	81.2	359.1	359.1	359.1
169.9	12728.0	-56.7	-85.6	2.0	0.0	328.2	80.8	359.2	359.2	359.2
169.6	12738.0	-56.6	-85.6	2.0	0.0	328.3	80.3	359.6	359.6	359.6
169.3	12748.0	-56.6	-85.7	2.0	0.0	328.3	79.8	359.8	359.8	359.8
169.0	12759.0	-56.6	-85.7	2.0	0.0	328.3	79.2	359.9	359.9	359.9
168.8	12769.0	-56.6	-85.7	2.0	0.0	328.4	78.6	360.1	360.1	360.1
168.5	12779.0	-56.7	-85.9	2.0	0.0	328.4	77.9	360.1	360.1	360.1
168.2	12789.0	-56.7	-85.9	2.0	0.0	328.5	77.2	360.3	360.3	360.3
167.9	12801.0	-56.7	-85.7	2.0	0.0	328.5	76.5	360.4	360.4	360.4
167.6	12811.0	-56.8	-85.5	2.0	0.0	328.5	75.8	360.5	360.5	360.5
167.4	12822.0	-56.8	-85.3	2.0	0.0	328.5	75.1	360.6	360.6	360.6
167.1	12832.0	-56.9	-85.3	2.0	0.0	328.4	74.5	360.6	360.6	360.6
166.8	12842.0	-56.8	-85.3	2.0	0.0	328.3	73.8	361.0	361.0	361.0
166.6	12851.0	-56.8	-85.1	2.0	0.0	328.2	73.3	361.1	361.1	361.1
166.3	12861.0	-56.7	-85.1	2.0	0.0	328.1	72.7	361.4	361.4	361.4
166.1	12871.0	-56.6	-85.0	2.0	0.0	327.9	72.3	361.7	361.7	361.7
165.8	12883.0	-56.5	-85.3	2.0	0.0	327.7	71.9	362.1	362.1	362.1
165.5	12893.0	-56.6	-85.7	2.0	0.0	327.5	71.5	362.1	362.1	362.1
165.2	12903.0	-56.6	-86.2	1.0	0.0	327.3	71.2	362.3	362.3	362.3
165.0	12913.0	-56.6	-86.6	1.0	0.0	327.1	70.9	362.4	362.4	362.4
164.7	12922.0	-56.5	-86.8	1.0	0.0	326.9	70.7	362.8	362.8	362.8
164.5	12932.0	-56.4	-86.9	1.0	0.0	326.7	70.5	363.1	363.1	363.1
164.2	12941.0	-56.3	-86.9	1.0	0.0	326.5	70.3	363.4	363.4	363.4
164.0	12951.0	-56.2	-86.6	1.0	0.0	326.4	70.2	363.7	363.7	363.7
163.7	12960.0	-56.2	-86.3	1.0	0.0	326.2	70.0	363.9	363.9	363.9
163.5	12970.0	-56.1	-86.1	1.0	0.0	326.1	69.9	364.2	364.2	364.2
163.3	12980.0	-56.0	-86.0	1.0	0.0	326.1	69.8	364.5	364.5	364.5
163.0	12990.0	-56.0	-86.0	1.0	0.0	326.0	69.6	364.7	364.7	364.7
162.7	13000.0	-56.1	-86.0	1.0	0.0	326.0	69.5	364.7	364.7	364.7
162.5	13010.0	-56.1	-86.2	1.0	0.0	326.0	69.3	364.8	364.8	364.8
162.2	13019.0	-56.0	-86.4	1.0	0.0	326.0	69.1	365.2	365.2	365.2
162.0	13029.0	-56.0	-86.5	1.0	0.0	326.0	68.9	365.3	365.3	365.3
161.7	13039.0	-56.0	-86.6	1.0	0.0	326.0	68.6	365.5	365.5	365.5
161.5	13048.0	-55.9	-86.6	1.0	0.0	326.1	68.3	365.8	365.8	365.8
161.3	13057.0	-55.8	-86.6	1.0	0.0	326.1	68.0	366.1	366.1	366.1
161.0	13067.0	-55.7	-86.7	1.0	0.0	326.2	67.6	366.5	366.5	366.5
160.8	13077.0	-55.6	-86.6	1.0	0.0	326.2	67.2	366.8	366.8	366.8
160.5	13087.0	-55.5	-86.3	1.0	0.0	326.3	66.7	367.1	367.1	367.1
160.2	13098.0	-55.5	-85.9	1.0	0.0	326.3	66.2	367.3	367.3	367.3
160.0	13108.0	-55.5	-85.7	1.0	0.0	326.2	65.6	367.5	367.5	367.5
159.8	13117.0	-55.5	-85.4	1.0	0.0	326.2	65.0	367.6	367.6	367.6
159.5	13126.0	-55.5	-85.2	2.0	0.0	326.1	64.4	367.8	367.8	367.8
159.3	13136.0	-55.4	-85.1	2.0	0.0	325.9	63.8	368.1	368.1	368.1
159.1	13145.0	-55.3	-85.2	1.0	0.0	325.7	63.1	368.4	368.4	368.4
158.8	13155.0	-55.3	-85.2	1.0	0.0	325.5	62.5	368.6	368.6	368.6
158.6	13165.0	-55.2	-85.2	1.0	0.0	325.3	61.9	368.9	368.9	368.9
158.3	13175.0	-55.2	-85.3	1.0	0.0	325.0	61.2	369.1	369.1	369.1
158.1	13184.0	-55.2	-85.4	1.0	0.0	324.8	60.7	369.2	369.2	369.2
157.9	13193.0	-55.2	-85.4	1.0	0.0	324.5	60.1	369.4	369.4	369.4
157.7	13202.0	-55.2	-85.4	1.0	0.0	324.2	59.6	369.5	369.5	369.5
157.5	13210.0	-55.2	-85.4	1.0	0.0	324.0	59.1	369.6	369.6	369.6
157.2	13221.0	-55.3	-85.3	1.0	0.0	323.8	58.6	369.7	369.7	369.7
156.9	13233.0	-55.3	-85.1	2.0	0.0	323.7	58.2	369.9	369.9	369.9
156.6	13243.0	-55.3	-85.1	2.0	0.0	323.7	57.9	370.1	370.1	370.1
156.4	13252.0	-55.3	-85.0	2.0	0.0	323.6	57.5	370.2	370.2	370.2
156.2	13261.0	-55.2	-85.1	1.0	0.0	323.7	57.2	370.5	370.5	370.5
156.0	13271.0	-55.1	-85.2	1.0	0.0	323.8	57.0	370.8	370.8	370.8
155.7	13280.0	-55.0	-85.3	1.0	0.0	323.9	56.8	371.2	371.2	371.2
155.5	13289.0	-55.0	-85.3	1.0	0.0	324.1	56.6	371.3	371.3	371.3
155.3	13299.0	-55.0	-85.6	1.0	0.0	324.3	56.4	371.5	371.5	371.5
155.1	13308.0	-55.0	-85.9	1.0	0.0	324.6	56.2	371.6	371.6	371.6
154.8	13317.0	-55.1	-86.0	1.0	0.0	324.8	56.0	371.6	371.6	371.6
154.6	13326.0	-55.2	-86.1	1.0	0.0	325.1	55.8	371.6	371.6	371.6
154.4	13336.0	-55.2	-86.0	1.0	0.0	325.2	55.5	371.7	371.7	371.7
154.2	13345.0	-55.3	-85.9	1.0	0.0	325.4	55.3	371.7	371.7	371.7
153.9	13354.0	-55.3	-85.8	1.0	0.0	325.5	55.0	371.9	371.9	371.9
153.7	13365.0	-55.3	-85.6	1.0	0.0	325.6	54.7	372.0	372.0	372.0
153.5	13374.0	-55.2	-85.4	1.0	0.0	325.5	54.4	372.4	372.4	372.4
153.2	13383.0	-55.2	-85.3	1.0	0.0	325.4	54.0	372.6	372.6	372.6
153.0	13394.0	-55.2	-85.5	1.0	0.0	325.3	53.7	372.7	372.7	372.7
152.7	13405.0	-55.2	-85.8	1.0	0.0	325.1	53.4	372.9	372.9	372.9
152.5	13413.0	-55.2	-86.2	1.0	0.0	324.8	53.2	373.1	373.1	373.1
152.3	13424.0	-55.3	-86.5	1.0	0.0	324.5	52.9	373.0	373.0	373.0
152.0	13434.0	-55.3	-86.8	1.0	0.0	324.1	52.7	373.2	373.2	373.2
151.8	13444.0	-55.2	-86.9	1.0	0.0	323.7	52.6	373.5	373.5	373.5
151.5	13454.0	-55.2	-86.7	1.0	0.0	323.3	52.6	373.8	373.8	373.8
151.3	13465.0	-55.2	-86.5	1.0	0.0	322.9	52.6	373.9	373.9	373.9
151.1	13474.0	-55.2	-86.3	1.0	0.0	322.5	52.7	374.0	374.0	374.0
150.9	13482.0	-55.3	-86.1	1.0	0.0	322.2	52.9	374.0	374.0	374.0
150.7	13491.0	-55.3	-86.0	1.0	0.0	321.8	53.1	374.1	374.1	374.1
150.5	13500.0	-55.4	-85.8	1.0	0.0	321.5	53.3	374.1	374.1	374.1
150.2	13509.0	-55.4	-85.9	1.0	0.0	321.2	53.6	374.3	374.3	374.3
150.0	13518.0	-55.5	-85.8	1.0	0.0	321.0	53.8	374.3	374.3	374.3
149.8	13528.0	-55.6	-85.8	1.0	0.0	320.8	54.1	374.3	374.3	374.3
149.6	13537.0	-55.6	-85.8	1.0	0.0	320.6	54.4	374.4	374.4	374.4
149.4	13547.0	-55.7	-85.9	1.0	0.0	320.4	54.6	374.4	374.4	374.4
149.1	13557.0	-55.7	-85.9	1.0	0.0	320.2	54.9	374.6	374.6	374.6
148.9	13566.0	-55.7	-85.9	1.0	0.0	320.1	55.1	374.7	374.7	374.7
148.7	13576.0	-55.8	-86.0	1.0	0.0	320.0	55.3	374.7	374.7	374.7
148.4	13586.0	-55.9	-86.0	1.0	0.0	319.9	55.5	374.8	374.8	374.8
148.2	13596.0	-56.0	-86.1	1.0	0.0	319.9	55.7	374.7	374.7	374.7
148.0	13605.0	-56.1	-86.1	1.0	0.0	319.9	55.9	374.7	374.7	374.7
147.8	13614.0	-56.1	-85.9	1.0	0.0	320.0	56.1	374.8	374.8	374.8
147.6	13624.0	-56.1	-85.7	2.0	0.0	320.1	56.3	375.0	375.0	375.0
147.3	13633.0	-56.2	-85.6	2.0	0.0	320.3	56.5	375.0	375.0	375.0
147.1	13643.0	-56.2	-85.6	2.0	0.0	320.6	56.7	375.2	375.2	375.2
146.9	13653.0	-56.3	-85.8	1.0	0.0	321.0	57.0	375.2	375.2	375.2
146.7	13663.0	-56.2	-86.1	1.0	0.0	321.4	57.2	375.5	375.5	375.5
146.4	13673.0	-56.2	-86.4	1.0	0.0	321.9	57.4	375.7	375.7	375.7
146.2	13682.0	-56.1	-86.6	1.0	0.0	322.4	57.6	376.0	376.0	376.0
146.0	13692.0	-56.0	-86.6	1.0	0.0	322.9	57.7	376.3	376.3	376.3
145.7	13703.0	-56.0	-86.6	1.0	0.0	323.4	57.9	376.6	376.6	376.6
145.5	13713.0	-55.9	-86.7	1.0	0.0	324.0	57.9	376.9	376.9	376.9
145.3	13723.0	-56.0	-86.6	1.0	0.0	324.5	58.0	376.9	376.9	376.9
145.0	13733.0	-55.9	-86.7	1.0	0.0	325.0	58.1	377.2	377.2	377.2
144.8	13743.0	-55.9	-86.5	1.0	0.0	325.4	58.1	377.4	377.4	377.4
144.6	13753.0	-55.9	-86.4	1.0	0.0	325.8	58.0	377.5	377.5	377.5
144.4	13762.0	-55.9	-86.3	1.0	0.0	326.2	58.0	377.7	377.7	377.7
144.2	13771.0	-55.9	-86.0	1.0	0.0	326.5	57.9	377.8	377.8	377.8
144.0	13780.0	-55.9	-85.9	1.0	0.0	326.8	57.8	378.0	378.0	378.0
143.8	13790.0	-56.0	-85.8	1.0	0.0	327.1	57.7	378.0	378.0	378.0
143.5	13800.0	-56.0	-85.7	1.0	0.0	327.3	57.5	378.2	378.2	378.2
143.3	13810.0	-56.0	-85.7	1.0	0.0	327.5	57.4	378.3	378.3	378.3
143.1	13819.0	-56.1	-85.9	1.0	0.0	327.7	57.2	378.3	378.3	378.3
142.9	13828.0	-56.2	-86.2	1.0	0.0	327.9	57.0	378.3	378.3	378.3
142.7	13838.0	-56.3	-86.5	1.0	0.0	328.1	56.8	378.3	378.3	378.3
142.4	13848.0	-56.3	-86.7	1.0	0.0	328.3	56.7	378.5	378.5	378.5
142.2	13858.0	-56.3	-87.1	1.0	0.0	328.4	56.5	378.7	378.7	378.7
142.0	13866.0	-56.3	-87.1	1.0	0.0	328.6	56.4	378.8	378.8	378.8
141.8	13875.0	-56.3	-87.1	1.0	0.0	328.7	56.2	379.0	379.0	379.0
141.6	13884.0	-56.3	-86.9	1.0	0.0	328.9	56.1	379.1	379.1	379.1
141.4	13894.0	-56.2	-86.7	1.0	0.0	328.9	56.1	379.4	379.4	379.4
141.2	13903.0	-56.2	-86.6	1.0	0.0	329.0	56.0	379.6	379.6	379.6
141.0	13912.0	-56.2	-86.5	1.0	0.0	329.0	56.0	379.8	379.8	379.8
140.8	13921.0	-56.2	-86.5	1.0	0.0	329.0	55.9	379.9	379.9	379.9
140.6	13930.0	-56.3	-86.5	1.0	0.0	329.0	55.9	379.9	379.9	379.9
140.4	13940.0	-56.3	-86.4	1.0	0.0	328.9	55.8	380.0	380.0	380.0
140.2	13950.0	-56.3	-86.4	1.0	0.0	328.9	55.8	380.2	380.2	380.2
140.0	13959.0	-56.3	-86.5	1.0	0.0	328.8	55.6	380.3	380.3	380.3
139.8	13969.0	-56.2	-86.5	1.0	0.0	328.7	55.5	380.7	380.7	380.7
139.5	13978.0	-56.2	-86.5	1.0	0.0	328.7	55.3	380.9	380.9	380.9
139.3	13989.0	-56.2	-86.5	1.0	0.0	328.6	55.0	381.1	381.1	381.1
139.1	14000.0	-56.2	-86.8	1.0	0.0	328.7	54.7	381.2	381.2	381.2
138.8	14011.0	-56.1	-86.9	1.0	0.0	328.7	54.3	381.6	381.6	381.6
138.6	14021.0	-55.9	-86.9	1.0	0.0	328.9	53.9	382.1	382.1	382.1
138.4	14031.0	-56.0	-87.0	1.0	0.0	329.0	53.4	382.1	382.1	382.1
138.2	14042.0	-56.0	-87.0	1.0	0.0	329.2	52.9	382.3	382.3	382.3
138.0	14052.0	-56.0	-87.1	1.0	0.0	329.5	52.4	382.4	382.4	382.4
137.7	14062.0	-56.0	-87.0	1.0	0.0	329.9	51.9	382.7	382.7	382.7
137.5	14072.0	-56.0	-86.9	1.0	0.0	330.2	51.4	382.8	382.8	382.8
137.3	14083.0	-56.1	-86.9	1.0	0.0	330.6	50.9	382.8	382.8	382.8
137.1	14092.0	-56.1	-86.8	1.0	0.0	331.1	50.4	383.0	383.0	383.0
136.9	14101.0	-56.1	-86.7	1.0	0.0	331.5	49.9	383.1	383.1	383.1
136.6	14112.0	-56.1	-86.6	1.0	0.0	331.9	49.4	383.4	383.4	383.4
136.4	14123.0	-56.3	-86.6	1.0	0.0	332.2	49.0	383.2	383.2	383.2
136.2	14133.0	-56.3	-86.7	1.0	0.0	332.5	48.5	383.4	383.4	383.4
136.0	14143.0	-56.4	-86.8	1.0	0.0	332.8	48.0	383.3	383.3	383.3
135.8	14153.0	-56.4	-86.9	1.0	0.0	333.0	47.5	383.5	383.5	383.5
135.6	14162.0	-56.4	-86.9	1.0	0.0	333.1	46.9	383.7	383.7	383.7
135.4	14172.0	-56.5	-87.1	1.0	0.0	333.2	46.4	383.6	383.6	383.6
135.1	14184.0	-56.5	-87.3	1.0	0.0	333.2	45.8	383.9	383.9	383.9
134.8	14196.0	-56.5	-87.3	1.0	0.0	333.1	45.2	384.1	384.1	384.1
134.6	14207.0	-56.5	-87.3	1.0	0.0	333.0	44.7	384.3	384.3	384.3
134.4	14217.0	-56.5	-87.2	1.0	0.0	332.8	44.1	384.5	384.5	384.5
134.2	14227.0	-56.5	-87.2	1.0	0.0	332.6	43.6	384.6	384.6	384.6
134.0	14237.0	-56.6	-87.2	1.0	0.0	332.3	43.0	384.6	384.6	384.6
133.8	14247.0	-56.7	-87.2	1.0	0.0	332.1	42.5	384.6	384.6	384.6
133.5	14258.0	-56.8	-87.1	1.0	0.0	331.8	42.1	384.7	384.7	384.7
133.3	14268.0	-56.8	-87.1	1.0	0.0	331.5	41.7	384.8	384.8	384.8
133.1	14278.0	-56.9	-87.0	1.0	0.0	331.2	41.4	384.8	384.8	384.8
132.9	14289.0	-56.9	-86.7	1.0	0.0	330.8	41.1	385.0	385.0	385.0
132.7	14299.0	-56.9	-86.6	1.0	0.0	330.5	40.8	385.1	385.1	385.1
132.5	14310.0	-57.0	-86.5	1.0	0.0	330.1	40.6	385.1	385.1	385.1
132.2	14319.0	-57.1	-86.6	1.0	0.0	329.6	40.3	385.2	385.2	385.2
132.1	14329.0	-57.2	-86.8	1.0	0.0	329.1	40.2	385.1	385.1	385.1
131.8	14339.0	-57.3	-87.1	1.0	0.0	328.5	40.0	385.2	385.2	385.2
131.6	14350.0	-57.4	-87.4	1.0	0.0	327.8	39.8	385.2	385.2	385.2
131.4	14360.0	-57.5	-87.7	1.0	0.0	327.1	39.7	385.2	385.2	385.2
131.2	14371.0	-57.5	-88.1	1.0	0.0	326.3	39.5	385.3	385.3	385.3
131.0	14381.0	-57.5	-88.4	1.0	0.0	325.4	39.4	385.5	385.5	385.5
130.8	14391.0	-57.5	-88.7	1.0	0.0	324.5	39.2	385.7	385.7	385.7
130.6	14401.0	-57.5	-88.6	1.0	0.0	323.5	39.0	385.8	385.8	385.8
130.3	14412.0	-57.5	-88.4	1.0	0.0	322.5	38.8	386.1	386.1	386.1
130.1	14422.0	-57.4	-88.2	1.0	0.0	321.4	38.7	386.4	386.4	386.4
129.9	14432.0	-57.4	-88.0	1.0	0.0	320.4	38.5	386.6	386.6	386.6
129.7	14443.0	-57.4	-87.7	1.0	0.0	319.4	38.3	386.8	386.8	386.8
129.5	14453.0	-57.4	-87.2	1.0	0.0	318.5	38.2	386.9	386.9	386.9
129.3	14464.0	-57.4	-86.9	1.0	0.0	317.6	38.1	387.1	387.1	387.1
129.0	14474.0	-57.3	-86.6	2.0	0.0	316.7	38.0	387.5	387.5	387.5
128.8	14485.0	-57.2	-86.3	2.0	0.0	316.0	37.9	387.9	387.9	387.9
128.6	14495.0	-57.2	-86.6	1.0	0.0	315.4	37.9	388.1	388.1	388.1
128.4	14505.0	-57.3	-86.8	1.0	0.0	314.8	37.9	388.1	388.1	388.1
128.2	14515.0	-57.4	-87.6	1.0	0.0	314.4	37.9	388.1	388.1	388.1
128.0	14524.0	-57.5	-88.8	1.0	0.0	314.0	38.0	388.1	388.1	388.1
127.8	14535.0	-57.5	-90.2	1.0	0.0	313.8	38.0	388.2	388.2	388.2
127.6	14545.0	-57.4	-88.8	1.0	0.0	313.7	38.2	388.6	388.6	388.6
127.4	14556.0	-57.4	-88.3	1.0	0.0	313.7	38.3	388.8	388.8	388.8
127.2	14566.0	-57.4	-89.3	1.0	0.0	313.8	38.4	388.9	388.9	388.9
127.0	14576.0	-57.3	-92.8	1.0	0.0	314.0	38.5	389.3	389.3	389.3
