#  level#  00:00#  01:00#  02:00#  03:00#  04:00#  05:00#  06:00#  07:00#  08:00#  09:00#  10:00#  11:00#  12:00#  13:00#  14:00#  15:00#  16:00#  17:00#  18:00#  19:00#  20:00#  21:00#  22:00#  23:00
    1.00  -17.49  -17.95  -19.07  -21.94  -24.16  -25.65  -27.29  -27.40  -25.80  -23.25  -20.70  -19.43  -18.77  -18.49  -18.89  -20.34  -20.67  -20.64  -20.73  -19.81  -19.84  -18.78  -19.89  -20.20
    2.00  -22.41  -22.11  -21.82  -21.49  -21.46  -22.57  -24.28  -25.31  -25.89  -25.81  -25.80  -25.49  -23.46  -22.96  -20.96  -20.27  -21.40  -22.24  -22.00  -21.26  -21.40  -21.53  -21.03  -21.33
    3.00  -28.31  -29.12  -27.70  -27.13  -27.41  -27.74  -28.88  -29.98  -31.05  -32.16  -32.05  -31.03  -28.91  -27.65  -27.37  -27.76  -27.02  -27.64  -28.61  -29.41  -29.90  -30.31  -30.13  -29.49
   10.00  -48.26  -48.86  -48.30  -48.37  -49.26  -49.46  -49.35  -48.72  -47.97  -48.32  -48.26  -48.31  -48.67  -50.01  -51.11  -51.20  -49.63  -48.33  -48.01  -47.99  -47.72  -48.09  -48.19  -48.46
   20.00  -57.41  -58.30  -58.85  -58.41  -57.26  -56.90  -57.48  -57.81  -58.23  -58.70  -58.91  -58.18  -57.58  -57.01  -56.51  -56.73  -57.50  -57.81  -57.97  -57.95  -57.89  -57.84  -58.01  -58.67
   30.00  -58.61  -58.76  -59.35  -60.52  -61.37  -61.48  -60.98  -60.72  -60.47  -59.75  -59.28  -59.41  -59.67  -59.98  -59.81  -59.71  -59.91  -60.25  -60.29  -60.03  -59.58  -59.31  -58.60  -58.89
   50.00  -60.00  -60.10  -59.96  -59.67  -59.31  -59.17  -59.34  -59.36  -59.60  -59.85  -59.62  -59.50  -59.17  -59.07  -59.00  -58.99  -58.96  -59.06  -59.22  -59.18  -59.06  -59.16  -59.55  -59.18
   70.00  -59.73  -59.75  -59.84  -59.75  -59.26  -58.53  -58.17  -58.05  -57.82  -58.42  -58.70  -58.89  -58.77  -58.57  -58.42  -57.99  -57.69  -57.36  -57.41  -57.61  -57.76  -57.76  -58.09  -58.31
  100.00  -57.60  -57.51  -57.49  -57.59  -57.69  -57.73  -57.41  -57.49  -57.12  -56.66  -57.40  -57.26  -57.34  -57.25  -57.44  -57.51  -57.65  -57.77  -57.71  -57.80  -58.06  -58.16  -58.02  -58.18
  125.00  -59.93  -60.25  -60.49  -60.63  -60.29  -59.96  -59.83  -59.67  -59.73  -59.45  -59.52  -59.21  -59.13  -59.03  -58.90  -58.89  -58.68  -58.62  -58.53  -58.55  -58.82  -59.16  -59.14  -58.95
  150.00  -57.91  -58.13  -57.98  -58.18  -58.61  -58.50  -58.20  -57.94  -57.74  -57.75  -57.54  -57.59  -57.60  -57.69  -57.27  -57.15  -56.96  -56.96  -57.00  -56.76  -56.47  -56.44  -56.17  -56.98
  175.00  -57.46  -58.18  -58.77  -59.00  -59.44  -59.98  -59.93  -59.58  -59.21  -58.78  -57.84  -57.61  -57.14  -56.48  -55.60  -55.76  -56.11  -56.43  -57.01  -58.07  -59.00  -59.54  -59.70  -60.03
  200.00  -58.16  -58.81  -59.57  -60.02  -59.69  -59.31  -59.15  -59.02  -59.04  -58.73  -58.29  -57.82  -57.37  -57.94  -57.78  -57.71  -57.96  -58.30  -59.29  -59.92  -60.22  -60.42  -61.25  -61.65
  225.00  -55.99  -55.96  -55.74  -55.90  -56.16  -56.22  -56.16  -56.03  -56.04  -56.12  -56.39  -57.12  -57.67  -57.89  -57.49  -56.81  -56.76  -57.66  -58.62  -59.02  -58.95  -58.88  -59.67  -59.95
  250.00  -51.70  -51.76  -51.59  -51.47  -51.57  -51.73  -51.91  -52.02  -52.06  -52.11  -52.34  -52.68  -52.88  -53.25  -53.49  -53.48  -53.79  -54.39  -54.62  -54.71  -54.72  -54.63  -54.72  -54.81
  300.00  -42.07  -42.10  -42.03  -42.01  -42.20  -42.46  -42.63  -42.65  -42.58  -42.63  -42.50  -42.76  -43.19  -43.68  -44.27  -45.06  -45.72  -45.72  -45.37  -44.98  -44.83  -44.75  -44.49  -44.22
  350.00  -33.36  -33.44  -33.43  -33.49  -33.64  -33.80  -34.04  -34.29  -34.46  -34.84  -34.75  -34.93  -35.25  -35.77  -36.40  -36.88  -37.08  -36.94  -36.68  -36.53  -36.38  -36.20  -36.32  -36.26
  400.00  -26.49  -26.46  -26.49  -26.65  -26.73  -26.93  -27.56  -28.22  -28.48  -28.61  -28.45  -28.30  -28.28  -28.59  -29.10  -29.39  -29.27  -29.11  -29.09  -29.11  -28.98  -28.74  -28.74  -28.67
  450.00  -20.85  -20.85  -20.97  -21.03  -21.02  -21.05  -21.23  -21.42  -21.55  -21.70  -22.08  -22.13  -22.12  -22.16  -22.49  -22.49  -22.27  -22.19  -22.24  -22.23  -22.14  -21.98  -21.68  -21.53
  500.00  -15.28  -14.86  -14.59  -14.49  -14.46  -14.43  -14.51  -14.79  -15.07  -15.41  -16.14  -16.38  -16.55  -16.40  -16.57  -16.33  -16.02  -16.01  -16.18  -16.29  -16.30  -16.20  -15.80  -15.52
  550.00  -10.21   -9.59   -9.27   -9.20   -9.21   -9.26   -9.45   -9.85  -10.16  -10.54  -10.90  -11.37  -11.89  -11.90  -11.80  -11.69  -11.23  -10.68  -10.54  -10.64  -10.76  -10.81  -10.38  -10.19
  600.00   -6.08   -5.66   -5.67   -5.70   -5.77   -5.91   -6.09   -6.40   -6.78   -7.11   -6.98   -7.49   -8.08   -8.11   -8.01   -8.00   -8.10   -7.43   -6.44   -5.98   -5.80   -5.83   -5.20   -5.10
  650.00   -2.41   -2.10   -2.22   -2.30   -2.46   -2.72   -2.93   -3.24   -3.75   -4.15   -3.71   -4.07   -4.48   -4.58   -4.71   -4.96   -5.23   -5.14   -4.51   -3.81   -3.36   -3.19   -2.47   -2.04
  700.00    1.21    1.35    1.45    1.24    0.76    0.46    0.36    0.06   -0.42   -0.81   -0.58   -0.85   -1.16   -1.46   -1.83   -1.99   -1.90   -1.85   -1.76   -1.51   -1.23   -1.01   -0.72   -0.17
  750.00    4.57    4.65    4.78    4.66    4.19    3.78    3.62    3.38    3.00    2.69    2.55    2.36    2.20    1.76    1.48    1.40    1.23    1.17    1.29    1.49    1.59    1.76    1.49    1.80
  775.00    6.43    6.34    6.30    6.24    6.01    5.63    5.38    5.12    4.79    4.53    4.17    4.01    3.93    3.62    3.34    3.31    3.02    2.90    2.97    3.24    3.41    3.53    3.07    3.19
  800.00    8.33    8.16    7.89    7.83    7.76    7.45    7.18    6.91    6.63    6.41    5.81    5.78    5.75    5.32    5.25    5.11    4.85    4.66    4.61    4.83    5.14    5.34    4.72    4.84
  825.00   10.07    9.92    9.53    9.44    9.32    9.08    8.92    8.69    8.43    8.26    7.57    7.69    7.42    7.12    7.18    7.07    6.71    6.37    6.21    6.38    6.69    6.93    6.42    6.55
  850.00   11.69   11.47   11.09   11.05   10.84   10.56   10.51   10.37   10.17   10.03    9.18    9.32    8.96    9.23    9.24    9.09    8.71    8.22    7.93    8.01    8.25    8.50    8.12    8.24
  875.00   13.31   12.88   12.41   12.20   12.01   11.85   11.85   11.71   11.41   11.36   10.36   10.49   11.03   11.43   11.39   11.15   10.82   10.39    9.96    9.70    9.79   10.02    9.80    9.94
  900.00   15.08   14.53   14.02   13.67   13.35   13.12   12.93   12.61   12.34   12.28   11.73   12.40   13.07   13.55   13.60   13.37   13.12   12.69   11.85   11.19   11.07   11.20   11.10   11.34
  925.00   17.10   16.46   15.92   15.49   15.07   14.76   14.50   14.16   13.85   13.82   13.58   14.33   15.09   15.67   15.78   15.57   15.35   14.74   13.38   12.39   12.06   12.05   12.07   12.46
  950.00   18.70   18.04   17.54   17.07   16.64   16.27   15.91   15.49   15.31   15.57   15.50   16.38   17.24   17.88   17.95   17.75   17.45   16.57   14.92   13.76   13.25   12.99   12.64   12.73
  975.00   20.32   19.66   19.19   18.68   18.22   17.84   17.44   17.01   16.83   17.13   17.12   18.12   19.08   19.73   19.74   19.52   19.19   18.09   16.40   15.22   14.60   14.35   13.96   13.89
 1000.00   21.47   20.99   20.65   20.21   19.80   19.45   19.05   18.58   18.37   18.69   18.75   19.74   20.70   21.33   21.23   20.88   20.45   19.37   17.95   16.82   16.33   16.05   15.49   15.39
