#  level#  00:00#  01:00#  02:00#  03:00#  04:00#  05:00#  06:00#  07:00#  08:00#  09:00#  10:00#  11:00#  12:00#  13:00#  14:00#  15:00#  16:00#  17:00#  18:00#  19:00#  20:00#  21:00#  22:00#  23:00
    1.00  -17.30  -19.18  -20.69  -19.74  -18.36  -16.49  -15.18  -15.19  -15.92  -16.74  -17.02  -17.53  -16.61  -15.95  -14.83  -14.57  -14.81  -15.01  -15.25  -15.10  -16.27  -17.65  -18.98  -20.65
    2.00  -22.59  -22.56  -23.70  -25.52  -25.13  -24.09  -21.45  -20.68  -20.39  -19.40  -19.38  -19.50  -18.83  -19.55  -19.95  -19.81  -19.21  -18.44  -18.12  -17.14  -15.64  -15.59  -15.43  -15.20
    3.00  -34.32  -35.32  -36.14  -36.96  -36.57  -34.41  -31.97  -29.86  -29.89  -30.18  -30.21  -29.94  -29.66  -29.17  -29.10  -28.43  -29.37  -30.41  -30.20  -29.18  -29.17  -28.65  -28.28  -28.73
   10.00  -54.87  -55.85  -56.78  -56.36  -55.53  -55.51  -55.57  -55.41  -54.93  -55.14  -55.04  -54.89  -53.09  -51.33  -51.12  -51.95  -51.47  -51.34  -52.73  -53.45  -53.57  -53.39  -53.10  -52.17
   20.00  -58.76  -58.12  -57.21  -57.06  -57.61  -58.10  -58.41  -58.33  -58.26  -57.90  -57.82  -57.83  -57.66  -57.52  -58.07  -58.69  -58.42  -58.70  -58.58  -57.64  -57.54  -57.46  -58.86  -58.98
   30.00  -59.79  -60.78  -61.36  -61.61  -61.41  -61.42  -61.60  -61.65  -61.01  -60.26  -59.90  -58.90  -58.50  -59.03  -59.28  -59.34  -59.38  -59.84  -59.98  -60.04  -60.47  -60.41  -59.55  -59.74
   50.00  -63.30  -62.83  -62.64  -62.76  -63.23  -63.05  -62.34  -61.71  -61.56  -61.45  -60.80  -61.11  -61.71  -61.92  -61.48  -61.27  -61.32  -61.37  -61.85  -62.16  -61.89  -61.28  -60.70  -60.89
   70.00  -61.51  -61.41  -61.67  -61.60  -61.75  -62.30  -62.90  -62.87  -62.14  -61.72  -61.56  -61.37  -61.27  -61.69  -62.18  -61.96  -61.69  -61.57  -60.98  -60.63  -61.04  -61.72  -61.79  -61.46
  100.00  -62.13  -61.40  -61.31  -61.56  -61.37  -60.87  -60.68  -60.89  -60.90  -60.66  -60.23  -60.15  -60.12  -60.06  -60.09  -60.24  -60.01  -59.97  -60.38  -60.36  -59.87  -59.85  -60.12  -60.01
  125.00  -61.29  -61.18  -60.99  -61.01  -60.92  -60.49  -59.93  -59.55  -59.34  -59.10  -59.50  -59.39  -59.27  -59.07  -58.89  -59.00  -58.85  -58.40  -58.14  -58.12  -58.09  -57.98  -58.52  -58.84
  150.00  -57.29  -57.39  -57.23  -57.04  -56.90  -56.58  -56.11  -55.61  -55.39  -55.36  -55.60  -55.53  -55.41  -55.14  -54.72  -54.70  -54.80  -54.78  -54.82  -54.78  -54.69  -54.27  -54.32  -54.58
  175.00  -52.65  -52.86  -52.87  -52.68  -52.51  -52.30  -52.10  -51.87  -51.68  -51.53  -51.22  -51.08  -51.06  -51.06  -50.92  -50.94  -51.05  -51.02  -50.98  -50.92  -50.94  -50.65  -50.53  -50.49
  200.00  -49.05  -49.23  -49.13  -48.74  -48.58  -48.50  -48.39  -48.31  -48.39  -48.59  -48.25  -48.18  -48.14  -48.13  -47.96  -48.03  -48.40  -48.55  -48.52  -48.46  -48.71  -48.76  -48.41  -48.08
  225.00  -48.15  -48.35  -48.25  -47.95  -48.05  -48.44  -48.74  -48.81  -48.98  -49.33  -48.98  -49.07  -49.09  -49.25  -49.25  -49.28  -49.57  -49.67  -49.56  -49.44  -49.62  -49.93  -49.41  -49.20
  250.00  -49.04  -49.36  -49.45  -49.64  -49.84  -50.05  -50.30  -50.39  -50.36  -50.44  -50.36  -50.62  -50.65  -50.87  -51.15  -51.24  -51.42  -51.61  -51.67  -51.67  -51.67  -51.89  -51.66  -51.68
  300.00  -48.56  -48.80  -48.99  -49.14  -49.26  -49.50  -49.89  -50.22  -50.39  -50.45  -50.57  -50.80  -50.98  -51.23  -51.62  -51.91  -52.04  -52.20  -52.34  -52.44  -52.41  -52.41  -52.77  -52.83
  350.00  -41.23  -41.74  -42.31  -42.86  -43.35  -43.75  -44.11  -44.42  -44.64  -44.81  -44.73  -44.96  -45.12  -45.20  -45.23  -45.22  -45.11  -44.97  -44.91  -44.93  -44.89  -44.80  -44.78  -44.70
  400.00  -33.36  -33.74  -34.17  -34.65  -35.18  -35.68  -36.15  -36.55  -36.86  -37.06  -37.12  -37.25  -37.33  -37.41  -37.58  -37.75  -37.84  -37.89  -37.96  -38.06  -38.13  -38.20  -38.27  -38.29
  450.00  -27.11  -27.17  -27.55  -28.09  -28.54  -28.85  -29.22  -29.59  -29.85  -30.01  -30.65  -30.90  -31.16  -31.33  -31.53  -31.76  -31.88  -31.97  -32.02  -32.05  -32.03  -32.02  -32.08  -32.11
  500.00  -23.82  -23.22  -23.57  -24.12  -24.46  -24.67  -24.90  -25.02  -25.08  -25.12  -25.30  -25.53  -25.82  -25.95  -26.05  -26.20  -26.30  -26.45  -26.55  -26.61  -26.58  -26.52  -26.32  -26.28
  550.00  -20.44  -20.12  -20.10  -20.35  -20.69  -20.95  -21.11  -21.16  -21.19  -21.26  -21.06  -21.11  -21.09  -21.00  -20.97  -21.00  -21.03  -21.14  -21.26  -21.35  -21.39  -21.36  -21.14  -21.08
  600.00  -15.97  -16.05  -16.11  -16.15  -16.26  -16.36  -16.42  -16.47  -16.51  -16.55  -16.59  -16.59  -16.52  -16.41  -16.34  -16.27  -16.21  -16.30  -16.44  -16.54  -16.54  -16.45  -16.44  -16.44
  650.00  -11.89  -12.21  -12.33  -12.23  -12.23  -12.27  -12.21  -12.17  -12.17  -12.24  -12.56  -12.55  -12.45  -12.35  -12.26  -12.23  -12.16  -12.26  -12.43  -12.55  -12.53  -12.36  -12.44  -12.30
  700.00   -8.03   -8.46   -8.53   -8.52   -8.60   -8.73   -8.78   -8.85   -8.94   -9.08   -9.27   -9.13   -8.99   -8.85   -8.77   -8.70   -8.65   -8.66   -8.70   -8.72   -8.72   -8.65   -8.90   -8.84
  750.00   -4.56   -4.85   -4.95   -4.97   -5.18   -5.30   -5.34   -5.50   -5.60   -5.65   -5.69   -5.57   -5.43   -5.26   -5.41   -5.91   -6.29   -6.54   -6.35   -6.00   -5.88   -5.77   -6.12   -6.06
  775.00   -2.93   -3.09   -3.11   -3.13   -3.21   -3.30   -3.42   -3.58   -3.77   -3.93   -3.86   -3.79   -3.66   -3.63   -4.15   -4.36   -4.48   -4.55   -4.64   -4.60   -4.64   -4.60   -5.06   -4.80
  800.00   -1.42   -1.43   -1.51   -1.54   -1.61   -1.64   -1.70   -1.86   -2.01   -2.08   -2.09   -2.02   -1.94   -2.05   -2.27   -2.17   -2.09   -2.09   -2.20   -2.30   -2.39   -2.46   -2.90   -2.79
  825.00    0.63    0.49    0.27    0.17    0.04    0.04    0.01   -0.07   -0.19   -0.21   -0.28   -0.31   -0.09   -0.58   -0.20    0.16    0.27    0.21    0.08   -0.05   -0.20   -0.33   -0.61   -0.64
  850.00    2.77    2.50    2.30    2.12    1.89    1.76    1.68    1.63    1.58    1.51    1.48    1.67    1.07    1.40    2.04    2.45    2.54    2.44    2.19    1.95    1.73    1.50    1.38    1.26
  875.00    4.24    3.95    3.83    3.75    3.54    3.41    3.31    3.22    3.11    3.10    3.41    2.81    2.88    3.77    4.44    4.82    4.88    4.79    4.46    4.03    3.63    3.28    3.12    2.72
  900.00    5.53    5.15    4.85    4.50    4.16    3.77    3.38    3.01    2.88    3.02    3.34    3.81    5.05    6.00    6.68    7.10    7.12    7.03    6.74    6.23    5.64    5.14    4.99    4.67
  925.00    6.60    6.09    5.66    5.31    4.98    4.64    4.29    3.99    3.63    3.62    4.97    6.25    7.59    8.57    9.18    9.50    9.36    8.89    8.26    7.53    6.77    6.21    6.10    5.75
  950.00    8.46    8.04    7.46    6.88    6.42    5.91    5.56    5.17    4.79    4.72    6.09    7.40    8.73    9.72   10.37   10.74   10.72   10.54   10.13    9.37    8.54    7.92    7.81    7.52
  975.00    9.89    9.46    8.87    8.30    7.85    7.37    7.03    6.60    6.16    6.11    7.48    8.78   10.13   11.10   11.75   12.12   12.11   11.93   11.50   10.72    9.88    9.24    9.12    8.82
 1000.00   11.28   10.86   10.30    9.75    9.31    8.85    8.52    8.09    7.65    7.54    8.87   10.14   11.47   12.44   13.10   13.48   13.47   13.29   12.86   12.08   11.24   10.62   10.52   10.22
