#  level#  00:00#  01:00#  02:00#  03:00#  04:00#  05:00#  06:00#  07:00#  08:00#  09:00#  10:00#  11:00#  12:00#  13:00#  14:00#  15:00#  16:00#  17:00#  18:00#  19:00#  20:00#  21:00#  22:00#  23:00
    1.00  -19.86  -18.88  -18.29  -17.41  -17.64  -19.02  -20.14  -19.93  -19.04  -17.35  -16.23  -15.69  -15.32  -14.88  -13.97  -13.63  -13.99  -14.55  -14.70  -14.86  -15.29  -16.32  -16.97  -15.52
    2.00  -20.64  -21.09  -21.34  -22.27  -23.49  -24.55  -24.85  -24.84  -23.71  -23.07  -23.14  -22.97  -23.06  -23.33  -21.99  -19.59  -17.97  -17.41  -18.26  -18.44  -19.47  -20.30  -20.77  -21.49
    3.00  -27.57  -28.10  -29.70  -30.35  -30.10  -29.74  -30.52  -31.38  -31.29  -28.98  -27.71  -28.31  -29.16  -29.62  -31.28  -31.20  -30.71  -29.54  -28.35  -27.40  -27.04  -27.31  -28.21  -27.72
   10.00  -49.36  -49.50  -49.56  -49.24  -49.64  -48.87  -48.47  -48.51  -48.76  -49.27  -49.84  -49.91  -49.72  -49.51  -48.14  -46.90  -46.43  -46.34  -46.70  -47.34  -48.15  -48.89  -49.65  -49.91
   20.00  -52.69  -53.14  -53.51  -53.64  -53.17  -53.07  -53.02  -52.95  -53.24  -53.56  -53.02  -53.11  -53.49  -53.75  -53.82  -53.85  -54.01  -54.15  -53.99  -53.77  -53.89  -53.90  -54.57  -55.38
   30.00  -55.09  -55.67  -56.11  -56.87  -57.05  -56.89  -56.56  -56.08  -55.68  -55.30  -55.56  -55.62  -55.98  -56.37  -56.59  -56.81  -57.52  -58.15  -58.51  -58.13  -57.72  -57.30  -56.65  -56.29
   50.00  -60.45  -60.07  -59.57  -59.14  -59.03  -59.14  -59.46  -60.09  -60.71  -61.07  -61.16  -61.50  -61.56  -61.69  -61.33  -60.60  -59.66  -59.09  -59.47  -60.13  -60.71  -61.16  -61.65  -61.84
   70.00  -62.63  -62.78  -62.65  -62.35  -62.31  -62.25  -61.81  -61.58  -61.57  -61.54  -61.12  -61.11  -61.17  -61.41  -61.67  -62.11  -62.62  -62.81  -62.80  -62.84  -62.92  -62.94  -63.41  -63.55
  100.00  -61.44  -61.76  -62.03  -62.16  -62.27  -62.68  -63.09  -63.16  -62.97  -63.25  -63.51  -63.62  -63.88  -64.22  -64.52  -64.45  -64.45  -64.58  -64.62  -64.68  -64.83  -64.83  -65.02  -65.30
  125.00  -61.31  -61.57  -61.86  -62.07  -61.97  -61.90  -62.30  -62.75  -62.73  -62.56  -62.35  -62.62  -62.87  -63.44  -64.07  -64.10  -63.99  -64.02  -64.10  -64.16  -64.54  -64.81  -65.13  -65.18
  150.00  -60.64  -60.66  -60.96  -61.26  -61.43  -61.16  -60.93  -61.12  -62.12  -62.53  -62.62  -64.22  -64.93  -63.65  -64.11  -64.42  -64.05  -63.56  -63.19  -63.23  -63.59  -64.30  -64.36  -64.16
  175.00  -61.08  -60.85  -61.06  -61.36  -61.80  -62.29  -62.70  -62.62  -62.30  -62.69  -63.44  -62.59  -61.01  -60.61  -60.54  -60.97  -61.94  -62.23  -62.20  -61.86  -61.65  -61.51  -61.03  -61.01
  200.00  -59.66  -59.92  -59.49  -59.68  -60.08  -60.00  -59.48  -59.95  -59.67  -58.63  -58.06  -57.60  -56.90  -57.75  -58.01  -58.30  -57.55  -57.01  -56.86  -57.04  -57.34  -57.26  -57.44  -57.79
  225.00  -55.16  -55.79  -55.83  -55.64  -55.40  -55.06  -54.90  -54.62  -54.74  -54.95  -54.19  -53.71  -53.71  -54.24  -53.90  -53.25  -53.06  -53.15  -53.07  -52.89  -52.72  -52.60  -53.18  -53.53
  250.00  -50.93  -50.59  -50.75  -50.51  -50.32  -50.44  -50.82  -50.16  -49.52  -49.71  -49.62  -49.22  -49.43  -49.76  -49.26  -49.00  -49.37  -49.37  -49.04  -48.39  -47.96  -47.78  -48.11  -48.16
  300.00  -39.94  -40.12  -40.05  -40.29  -40.35  -40.40  -40.57  -41.02  -41.13  -40.59  -39.66  -39.53  -40.36  -40.08  -39.83  -40.07  -40.09  -39.89  -39.78  -39.94  -40.16  -39.67  -38.85  -38.33
  350.00  -31.16  -30.60  -30.77  -30.88  -31.18  -31.38  -31.15  -31.19  -31.51  -31.63  -32.04  -32.11  -32.31  -31.14  -30.88  -30.65  -30.61  -30.92  -31.17  -31.34  -31.58  -31.98  -32.44  -32.54
  400.00  -24.69  -24.37  -23.92  -23.63  -23.43  -23.31  -23.28  -23.16  -23.11  -23.58  -24.75  -25.02  -24.76  -24.33  -24.19  -24.09  -24.06  -24.11  -24.17  -24.33  -24.43  -24.56  -24.50  -24.65
  450.00  -19.53  -19.34  -19.29  -19.26  -18.94  -18.45  -17.48  -16.78  -16.99  -17.25  -18.02  -18.37  -17.98  -18.28  -18.42  -18.38  -18.39  -18.24  -18.28  -18.44  -18.61  -18.85  -18.84  -18.96
  500.00  -15.54  -15.26  -15.01  -14.82  -14.52  -14.49  -14.40  -14.25  -13.31  -12.48  -12.58  -12.97  -12.37  -12.84  -12.88  -12.75  -12.77  -12.65  -12.53  -12.53  -12.56  -12.70  -12.79  -12.97
  550.00  -10.61  -10.39  -10.22  -10.08   -9.92  -10.07  -10.15   -9.79   -9.63   -9.80   -9.55   -9.11   -8.13   -8.15   -8.12   -8.03   -8.08   -8.06   -8.04   -7.89   -7.75   -7.72   -7.71   -7.85
  600.00   -7.08   -7.03   -6.81   -6.49   -6.12   -6.16   -6.35   -6.40   -5.89   -5.20   -5.40   -5.21   -4.68   -4.13   -4.08   -4.06   -4.21   -4.27   -4.34   -4.30   -4.46   -4.39   -4.19   -4.40
  650.00   -3.95   -4.05   -4.10   -3.93   -3.45   -3.17   -3.08   -3.28   -3.30   -2.52   -2.28   -1.79   -1.67   -1.41   -0.82   -0.79   -0.82   -0.88   -0.90   -1.09   -1.00   -0.91   -0.89   -0.79
  700.00   -1.06   -1.19   -1.27   -1.13   -0.91   -0.73   -0.53   -0.43   -0.63   -0.38   -0.05    0.65    0.58    0.64    1.54    2.19    2.29    2.34    2.53    2.63    2.47    2.47    2.65    2.55
  750.00    1.42    1.20    1.04    1.15    1.43    1.56    1.77    1.96    1.97    1.94    1.92    2.64    2.36    2.75    3.27    4.27    4.83    5.02    5.12    5.52    5.68    5.66    6.04    6.05
  775.00    2.49    2.47    2.40    2.47    2.66    2.75    2.86    3.03    3.15    3.28    3.18    3.50    3.23    3.41    3.95    4.96    5.69    6.12    6.29    7.10    7.29    7.25    7.27    7.72
  800.00    3.93    4.02    4.02    4.04    4.02    3.97    4.02    4.11    4.19    4.35    4.40    4.63    4.28    4.54    4.60    5.48    6.13    6.72    7.25    8.27    8.10    8.45    8.82    9.19
  825.00    5.80    5.83    5.87    5.80    5.59    5.48    5.37    5.28    5.31    5.45    5.44    5.69    5.39    5.49    5.59    6.08    6.44    7.05    7.76    8.62    8.84    9.40    9.91    9.66
  850.00    7.91    7.89    7.81    7.63    7.40    7.11    6.78    6.60    6.51    6.55    6.57    5.78    5.95    6.31    6.42    6.55    6.76    7.37    8.03    8.78    9.35    9.95   10.48   10.60
  875.00    9.76    9.70    9.53    9.20    8.83    8.39    8.05    7.80    7.65    7.50    7.23    7.42    7.54    7.31    7.56    7.54    7.58    7.93    8.42    8.93    9.42   10.13   10.84   11.36
  900.00   11.17   11.02   10.77   10.36    9.87    9.43    9.12    8.67    8.38    8.16    8.24    9.60    9.72    9.26    9.14    9.19    9.20    9.22    9.38    9.56    9.81   10.15   10.71   11.28
  925.00   11.09   10.67   10.24    9.82    9.36    9.00    8.74    8.61    8.95    9.33   10.57   11.93   12.01   11.65   11.34   11.30   11.23   11.23   11.19   11.12   11.01   10.91   10.86   11.05
  950.00   12.79   12.44   12.03   11.64   11.17   10.74   10.47   10.23   10.15   10.63   11.88   13.16   13.31   12.97   12.66   12.63   12.59   12.61   12.57   12.49   12.37   12.33   12.31   12.52
  975.00   14.18   13.83   13.41   13.02   12.53   12.10   11.83   11.60   11.58   12.08   13.33   14.61   14.74   14.39   14.08   14.04   14.01   14.03   13.98   13.90   13.78   13.73   13.70   13.89
 1000.00   15.60   15.24   14.83   14.44   13.97   13.54   13.26   13.02   12.97   13.44   14.70   15.99   16.13   15.77   15.47   15.44   15.40   15.43   15.40   15.32   15.20   15.14   15.11   15.30
