#  level#  00:00#  01:00#  02:00#  03:00#  04:00#  05:00#  06:00#  07:00#  08:00#  09:00#  10:00#  11:00#  12:00#  13:00#  14:00#  15:00#  16:00#  17:00#  18:00#  19:00#  20:00#  21:00#  22:00#  23:00
    1.00  -22.52  -23.42  -23.60  -23.69  -24.46  -24.86  -24.74  -23.36  -22.82  -22.38  -20.23  -18.54  -17.98  -19.05  -20.95  -22.78  -24.40  -25.66  -25.14  -25.06  -25.74  -25.86  -25.82  -27.03
    2.00  -24.89  -26.34  -26.66  -27.16  -28.17  -29.88  -31.67  -32.49  -32.58  -31.60  -29.26  -28.39  -26.17  -24.86  -23.79  -23.33  -23.94  -25.44  -26.20  -25.94  -25.94  -25.75  -25.81  -26.42
    3.00  -24.25  -24.20  -24.32  -24.43  -25.64  -26.88  -28.11  -29.61  -31.28  -31.98  -31.48  -31.54  -30.89  -30.49  -29.36  -27.87  -26.92  -27.60  -27.41  -27.44  -28.62  -28.70  -28.36  -28.59
   10.00  -56.16  -55.99  -56.17  -56.60  -56.46  -55.83  -55.62  -55.38  -54.67  -54.85  -53.76  -52.55  -52.98  -54.17  -55.37  -56.23  -56.52  -57.10  -57.12  -55.77  -55.08  -55.92  -56.11  -55.55
   20.00  -65.97  -65.69  -64.92  -64.75  -65.22  -65.23  -65.16  -65.05  -64.46  -64.27  -64.33  -64.99  -65.01  -64.76  -64.83  -64.77  -64.18  -63.68  -63.71  -64.42  -64.10  -63.25  -63.66  -64.24
   30.00  -66.26  -65.82  -65.74  -65.73  -65.80  -66.07  -66.15  -66.00  -65.90  -65.75  -65.81  -65.69  -65.61  -65.48  -65.14  -65.23  -65.47  -65.34  -65.12  -64.82  -64.75  -65.00  -66.02  -66.68
   50.00  -67.23  -67.41  -67.47  -67.69  -68.09  -68.34  -68.33  -68.28  -68.20  -68.31  -68.27  -67.84  -67.48  -67.71  -67.74  -67.30  -66.99  -67.04  -67.25  -67.46  -67.22  -66.39  -65.59  -65.03
   70.00  -66.39  -66.22  -66.22  -66.60  -66.88  -66.81  -66.56  -66.41  -66.43  -66.31  -65.97  -66.03  -66.20  -66.33  -66.59  -66.84  -66.99  -66.89  -66.38  -66.15  -66.40  -66.43  -65.75  -65.68
  100.00  -61.39  -61.80  -62.18  -62.34  -62.41  -62.60  -62.67  -62.45  -62.47  -63.04  -63.51  -63.86  -64.13  -64.19  -63.89  -63.69  -63.98  -64.42  -64.49  -64.17  -64.05  -64.20  -64.41  -64.28
  125.00  -60.23  -60.40  -60.68  -60.74  -60.86  -61.21  -61.63  -61.72  -61.38  -61.12  -60.91  -60.58  -60.45  -60.97  -61.71  -61.89  -61.68  -61.74  -62.17  -62.29  -62.05  -61.86  -61.75  -61.63
  150.00  -60.57  -60.55  -60.63  -60.67  -60.63  -60.63  -60.84  -61.25  -61.52  -61.28  -60.97  -61.03  -60.82  -60.33  -60.12  -60.21  -60.29  -60.12  -60.03  -59.98  -59.88  -59.88  -59.41  -58.82
  175.00  -60.77  -61.05  -61.60  -62.08  -62.33  -62.18  -61.77  -61.65  -62.00  -62.13  -61.78  -61.48  -61.49  -61.72  -61.94  -61.94  -61.83  -61.55  -61.13  -60.57  -59.97  -59.70  -59.18  -58.78
  200.00  -61.36  -61.12  -61.10  -61.15  -61.20  -61.19  -61.09  -60.96  -60.98  -61.19  -61.33  -61.36  -61.25  -61.24  -61.33  -61.21  -61.00  -60.87  -60.86  -60.92  -60.71  -60.32  -60.00  -59.84
  225.00  -58.66  -58.53  -58.42  -58.36  -58.34  -58.29  -58.15  -57.88  -57.64  -57.62  -57.54  -57.57  -57.51  -57.47  -57.57  -57.70  -57.73  -57.56  -57.41  -57.58  -57.87  -57.90  -57.94  -58.08
  250.00  -55.01  -54.92  -54.82  -54.73  -54.70  -54.71  -54.69  -54.57  -54.39  -54.30  -54.11  -54.14  -54.09  -54.01  -53.97  -54.00  -54.17  -54.24  -54.16  -54.18  -54.42  -54.65  -54.97  -55.22
  300.00  -48.16  -48.20  -48.17  -48.07  -47.97  -47.87  -47.82  -47.78  -47.71  -47.57  -47.30  -47.30  -47.36  -47.34  -47.31  -47.29  -47.27  -47.25  -47.33  -47.39  -47.43  -47.50  -47.86  -48.15
  350.00  -40.72  -40.78  -40.79  -40.76  -40.71  -40.60  -40.55  -40.56  -40.59  -40.53  -40.26  -40.15  -40.15  -40.15  -40.12  -40.07  -40.08  -40.05  -40.02  -40.09  -40.17  -40.21  -40.45  -40.71
  400.00  -33.24  -33.32  -33.38  -33.43  -33.46  -33.44  -33.43  -33.47  -33.54  -33.58  -33.45  -33.36  -33.37  -33.43  -33.47  -33.45  -33.52  -33.64  -33.63  -33.57  -33.55  -33.57  -33.87  -34.28
  450.00  -26.52  -26.58  -26.61  -26.66  -26.77  -26.87  -26.99  -27.15  -27.29  -27.34  -27.36  -27.34  -27.42  -27.58  -27.71  -27.80  -27.86  -27.83  -27.81  -27.77  -27.76  -27.85  -28.13  -28.44
  500.00  -20.93  -20.95  -20.96  -21.02  -21.20  -21.37  -21.53  -21.68  -21.75  -21.72  -21.73  -21.73  -21.80  -21.91  -22.04  -22.16  -22.23  -22.19  -22.10  -22.00  -21.91  -21.85  -21.80  -21.94
  550.00  -15.97  -15.97  -16.03  -16.17  -16.40  -16.59  -16.72  -16.82  -16.87  -16.88  -16.68  -16.65  -16.60  -16.54  -16.52  -16.54  -16.55  -16.54  -16.53  -16.51  -16.48  -16.30  -16.01  -16.02
  600.00  -11.54  -11.50  -11.48  -11.49  -11.58  -11.67  -11.76  -11.85  -11.96  -12.03  -11.80  -11.76  -11.69  -11.59  -11.52  -11.47  -11.40  -11.32  -11.29  -11.38  -11.51  -11.55  -11.42  -11.29
  650.00   -7.77   -7.70   -7.61   -7.52   -7.47   -7.43   -7.38   -7.34   -7.33   -7.28   -7.01   -6.97   -6.97   -7.01   -7.02   -6.99   -6.94   -6.86   -6.80   -6.82   -6.91   -7.02   -6.91   -6.91
  700.00   -4.18   -4.18   -4.19   -4.19   -4.21   -4.19   -4.08   -3.90   -3.71   -3.54   -3.09   -2.99   -2.93   -2.94   -2.96   -2.97   -2.95   -2.91   -2.89   -2.92   -3.00   -3.07   -2.72   -2.77
  750.00   -0.32   -0.34   -0.40   -0.49   -0.60   -0.63   -0.59   -0.49   -0.45   -0.45   -0.08    0.04    0.22    0.33    0.34    0.35    0.43    0.54    0.57    0.58    0.51    0.38    0.67    0.50
  775.00    1.50    1.50    1.44    1.32    1.18    1.13    1.14    1.19    1.16    1.10    1.39    1.47    1.65    1.76    1.76    1.73    1.80    1.89    1.88    1.90    1.92    1.84    2.07    1.73
  800.00    3.03    3.08    3.01    2.85    2.72    2.69    2.69    2.72    2.66    2.55    2.69    2.78    2.96    3.06    3.05    3.00    3.02    3.01    2.87    2.83    2.86    2.84    3.03    2.61
  825.00    4.10    4.16    4.07    3.90    3.80    3.81    3.82    3.84    3.79    3.65    3.55    3.67    3.92    4.08    4.11    4.07    3.99    3.83    3.51    3.32    3.25    3.23    3.43    3.06
  850.00    4.57    4.64    4.57    4.42    4.36    4.43    4.40    4.42    4.40    4.28    3.71    3.68    3.99    4.27    4.42    4.41    4.26    3.91    3.42    3.06    2.82    2.76    2.69    2.33
  875.00    4.31    4.25    4.24    4.15    4.08    3.95    3.79    3.58    3.61    3.49    2.74    2.51    2.69    2.89    3.15    3.01    2.87    2.27    1.83    1.36    0.88    0.74    0.30   -0.05
  900.00    3.49    3.64    3.61    3.27    3.21    3.10    2.54    2.15    2.17    1.91    1.25    1.07    0.92    1.13    1.01    1.02    0.80    0.47    0.13   -0.28   -0.70   -1.05   -0.44   -0.65
  925.00    2.68    2.68    2.79    2.83    2.76    2.63    2.57    2.56    2.54    2.43    2.06    2.02    1.92    1.85    1.80    1.68    1.46    1.19    0.95    0.68    0.37    0.16    0.74    0.51
  950.00    3.67    3.67    3.61    3.62    3.68    3.60    3.67    3.46    3.58    3.62    3.24    3.35    3.51    3.51    3.57    3.42    3.14    2.79    2.51    2.18    1.85    1.60    2.16    2.12
  975.00    5.30    5.27    5.24    5.21    5.23    5.25    5.29    5.29    5.23    5.20    4.69    5.10    5.33    5.35    5.37    5.20    4.89    4.54    4.25    3.85    3.48    3.28    3.90    3.84
 1000.00    6.97    6.93    6.89    6.88    6.91    6.92    6.97    6.97    6.91    6.87    6.33    6.74    6.95    6.96    7.00    6.83    6.55    6.23    5.96    5.57    5.20    4.98    5.57    5.51
