#  level#  00:00#  01:00#  02:00#  03:00#  04:00#  05:00#  06:00#  07:00#  08:00#  09:00#  10:00#  11:00#  12:00#  13:00#  14:00#  15:00#  16:00#  17:00#  18:00#  19:00#  20:00#  21:00#  22:00#  23:00
    1.00   -5.97   -7.54   -9.01   -8.84   -7.07   -6.16   -7.18   -7.87   -8.90   -9.49   -9.03   -7.05   -5.92   -5.75   -3.27   -1.22   -1.44   -3.44   -6.16   -8.83  -10.83  -11.46  -10.87   -9.85
    2.00   -7.05   -7.91   -9.54   -9.79  -11.00  -11.08  -10.99  -11.01  -10.86  -10.44  -11.46  -12.08  -11.19  -10.99  -10.03   -9.05   -7.62   -6.33   -6.15   -6.62   -7.39   -7.76   -8.86  -10.72
    3.00  -14.90  -14.05  -15.75  -17.53  -19.81  -20.86  -21.08  -21.01  -20.78  -19.06  -17.05  -16.60  -17.43  -18.53  -18.85  -18.95  -18.73  -18.24  -18.13  -18.36  -18.80  -18.71  -17.51  -16.63
   10.00  -37.40  -38.60  -38.77  -38.26  -38.65  -38.75  -38.32  -38.10  -38.07  -37.66  -37.22  -37.12  -37.18  -37.49  -37.46  -37.87  -38.12  -38.32  -38.51  -38.59  -38.79  -38.93  -39.20  -39.31
   20.00  -37.99  -38.38  -38.93  -38.88  -38.94  -39.48  -40.15  -40.45  -40.46  -40.03  -39.42  -38.81  -37.98  -38.01  -38.18  -38.39  -38.21  -38.28  -38.37  -38.29  -38.22  -38.30  -39.55  -40.30
   30.00  -49.86  -50.26  -51.14  -51.43  -51.21  -50.67  -50.01  -49.62  -49.54  -49.16  -48.85  -48.87  -48.68  -48.79  -48.98  -49.40  -49.65  -49.69  -49.79  -49.64  -49.16  -48.63  -48.15  -48.37
   50.00  -61.71  -61.33  -61.18  -61.21  -61.33  -61.53  -61.85  -62.12  -62.31  -62.34  -62.02  -61.46  -60.91  -60.50  -59.91  -59.26  -58.49  -57.96  -58.04  -58.44  -58.98  -59.31  -58.27  -58.66
   70.00  -63.77  -63.78  -63.54  -63.18  -62.73  -62.13  -61.59  -61.43  -61.56  -61.76  -61.79  -61.91  -61.97  -62.01  -62.03  -62.25  -62.27  -61.98  -61.51  -61.10  -60.82  -60.62  -61.23  -61.30
  100.00  -62.63  -62.62  -62.58  -62.51  -62.57  -62.59  -62.32  -61.92  -61.69  -61.65  -62.05  -61.94  -61.78  -61.83  -62.01  -62.38  -62.64  -62.84  -62.82  -62.71  -62.54  -62.31  -61.52  -60.98
  125.00  -58.78  -58.71  -58.61  -58.43  -58.45  -58.52  -58.45  -58.29  -58.23  -58.20  -58.99  -59.27  -59.38  -59.41  -59.33  -59.27  -59.10  -58.96  -58.87  -58.76  -58.68  -58.61  -58.71  -58.71
  150.00  -55.84  -55.78  -55.89  -55.87  -55.68  -55.59  -55.68  -55.84  -56.06  -56.17  -56.53  -56.54  -56.45  -56.37  -55.84  -55.40  -55.13  -55.03  -55.13  -55.32  -55.65  -55.99  -56.69  -57.05
  175.00  -56.29  -56.01  -55.88  -55.85  -56.11  -56.41  -56.72  -57.02  -57.46  -57.90  -57.86  -57.76  -57.65  -57.63  -57.45  -57.11  -56.91  -57.07  -57.51  -57.92  -58.34  -58.79  -58.69  -58.73
  200.00  -59.88  -58.89  -58.45  -58.24  -57.89  -57.89  -58.32  -58.91  -59.36  -59.52  -59.82  -60.06  -59.93  -60.23  -60.52  -60.71  -60.77  -60.76  -60.67  -60.57  -60.33  -60.22  -60.02  -60.10
  225.00  -62.50  -61.90  -60.74  -59.28  -58.59  -58.16  -58.10  -58.11  -58.16  -58.31  -58.74  -59.49  -59.83  -59.89  -59.79  -59.58  -59.44  -59.39  -59.12  -58.82  -58.51  -58.23  -58.56  -58.67
  250.00  -57.52  -57.73  -57.80  -57.61  -57.40  -57.02  -56.02  -55.24  -54.89  -54.75  -54.85  -55.35  -55.63  -55.72  -55.78  -55.49  -55.31  -55.30  -55.18  -54.93  -54.61  -54.26  -54.74  -54.66
  300.00  -47.47  -47.44  -47.85  -48.96  -49.48  -49.46  -49.06  -48.55  -47.91  -46.88  -46.13  -45.48  -45.11  -44.89  -44.82  -45.19  -45.96  -45.83  -45.75  -45.91  -46.15  -46.33  -46.53  -46.07
  350.00  -39.50  -39.87  -39.91  -39.75  -39.59  -39.56  -39.82  -39.93  -39.74  -39.54  -39.58  -38.91  -38.50  -38.19  -37.87  -37.67  -37.21  -37.09  -37.36  -37.60  -37.85  -37.94  -37.88  -38.00
  400.00  -31.67  -32.04  -32.01  -31.67  -31.53  -31.56  -31.72  -31.84  -32.13  -32.08  -32.29  -31.85  -31.50  -31.39  -31.34  -31.35  -31.23  -30.82  -30.47  -30.26  -30.19  -30.33  -30.53  -30.73
  450.00  -24.42  -24.69  -24.74  -24.59  -24.43  -24.43  -24.54  -24.81  -24.87  -24.97  -25.22  -25.12  -24.99  -24.77  -24.59  -24.50  -24.41  -24.25  -24.11  -24.04  -23.97  -23.91  -23.77  -23.81
  500.00  -17.99  -18.05  -18.16  -18.17  -18.19  -18.17  -18.26  -18.61  -18.78  -18.89  -18.52  -18.48  -18.38  -18.18  -17.93  -17.74  -17.62  -17.52  -17.51  -17.58  -17.69  -17.81  -17.57  -17.61
  550.00  -12.17  -12.07  -12.12  -12.39  -12.76  -12.95  -13.08  -13.12  -13.15  -13.22  -12.26  -12.16  -12.11  -12.09  -12.03  -11.94  -11.95  -12.08  -12.17  -12.20  -12.08  -12.04  -11.41  -11.53
  600.00   -6.96   -6.87   -6.87   -7.11   -7.62   -7.93   -8.00   -7.90   -7.68   -7.49   -6.50   -6.62   -6.75   -6.75   -6.72   -6.63   -6.81   -7.20   -7.60   -7.86   -7.94   -7.92   -7.08   -6.99
  650.00   -2.42   -2.55   -2.79   -2.99   -3.34   -3.53   -3.40   -3.15   -2.96   -2.76   -2.29   -2.37   -2.46   -2.44   -2.41   -2.59   -3.87   -5.42   -5.53   -5.18   -4.71   -4.41   -3.93   -3.41
  700.00   -0.62   -0.45   -0.56   -0.82   -1.01   -0.95   -0.57   -0.10    0.24    0.45    0.20    0.05   -0.05   -0.27   -3.47   -3.24   -3.16   -2.55   -2.29   -2.18   -1.92   -1.56   -1.69   -1.68
  750.00    2.53    2.51    2.59    2.65    2.56    2.34    2.19    2.11    2.04    1.90    1.61    1.36    1.32   -0.09    0.98    1.73    2.46    2.80    2.97    2.88    2.72    2.66    2.42    2.00
  775.00    4.85    4.51    4.36    4.30    4.26    4.23    4.17    4.01    3.80    3.60    3.41    3.24    2.82    2.74    3.94    4.38    4.93    5.19    5.43    5.30    4.98    4.78    4.32    3.43
  800.00    6.50    5.99    5.67    5.44    5.36    5.37    5.45    5.35    5.12    4.97    4.47    4.15    3.06    5.10    6.16    6.61    7.20    7.56    7.91    7.69    7.19    6.72    5.94    4.99
  825.00    7.77    7.28    6.78    6.36    6.04    5.87    5.79    5.52    5.22    5.12    4.14    4.00    5.19    7.42    8.39    8.94    9.59   10.04   10.35   10.09    9.36    8.58    7.65    6.84
  850.00    8.34    7.72    7.22    6.77    6.36    6.08    5.89    5.64    5.48    5.41    4.86    6.31    7.69    9.61   10.68   11.29   11.97   12.45   12.74   12.44   11.62   10.67    9.68    9.04
  875.00    8.17    7.31    6.68    6.26    6.00    5.78    5.73    5.70    5.40    5.95    7.32    8.76   10.28   12.03   13.12   13.73   14.44   14.94   15.17   14.83   13.93   12.89   11.85   11.28
  900.00    8.91    8.21    7.65    7.25    6.93    6.63    6.43    6.29    6.97    8.36    9.63   11.09   12.72   14.40   15.49   16.06   16.78   17.30   17.49   17.15   16.19   15.08   13.87   13.29
  925.00   11.02   10.38    9.84    9.46    9.11    8.75    8.49    8.60    9.49   10.96   12.35   13.89   15.60   17.04   17.95   18.46   19.19   19.61   19.66   18.92   17.75   16.62   15.61   14.86
  950.00   12.36   11.67   11.12   10.73   10.39   10.07    9.81    9.85   10.70   12.12   13.44   14.89   16.55   18.17   19.17   19.69   20.41   20.87   20.99   20.46   19.34   18.18   17.11   16.43
  975.00   13.81   13.11   12.54   12.13   11.78   11.44   11.19   11.21   12.09   13.51   14.84   16.31   17.99   19.62   20.63   21.15   21.86   22.32   22.44   21.90   20.79   19.63   18.54   17.87
 1000.00   15.16   14.46   13.89   13.49   13.14   12.79   12.52   12.55   13.44   14.88   16.22   17.70   19.39   21.01   22.04   22.56   23.29   23.75   23.87   23.34   22.22   21.05   19.96   19.29
