#  level#  00:00#  01:00#  02:00#  03:00#  04:00#  05:00#  06:00#  07:00#  08:00#  09:00#  10:00#  11:00#  12:00#  13:00#  14:00#  15:00#  16:00#  17:00#  18:00#  19:00#  20:00#  21:00#  22:00#  23:00
    1.00  -14.81  -15.98  -17.29  -17.66  -19.04  -19.90  -20.65  -20.83  -19.46  -17.94  -16.27  -14.56  -15.26  -16.80  -17.74  -18.95  -20.50  -20.51  -19.85  -18.38  -17.97  -18.45  -21.23  -23.27
    2.00  -18.96  -19.51  -21.55  -21.47  -21.63  -22.95  -24.07  -25.29  -26.03  -26.52  -26.27  -24.30  -21.73  -21.21  -20.31  -20.47  -20.94  -22.31  -24.10  -24.23  -23.30  -22.52  -22.14  -22.72
    3.00  -30.46  -30.22  -30.14  -29.37  -29.49  -29.89  -29.90  -30.72  -30.90  -30.88  -31.68  -32.02  -30.75  -30.32  -29.51  -27.96  -28.50  -27.72  -28.89  -29.82  -30.01  -29.73  -28.10  -27.93
   10.00  -56.74  -54.91  -53.72  -54.11  -55.77  -56.98  -57.08  -56.40  -55.59  -55.35  -55.71  -55.90  -55.41  -54.26  -54.08  -54.66  -54.95  -54.45  -54.06  -54.45  -54.89  -54.98  -55.54  -56.13
   20.00  -59.68  -59.46  -59.79  -60.25  -60.50  -60.12  -59.36  -59.21  -59.17  -59.25  -57.95  -58.45  -59.08  -60.05  -60.71  -61.16  -61.34  -61.02  -61.39  -60.93  -60.32  -60.59  -61.20  -60.60
   30.00  -61.67  -61.74  -62.17  -62.27  -62.93  -63.62  -64.15  -64.13  -63.73  -63.47  -62.76  -62.86  -62.66  -62.89  -63.05  -63.22  -63.39  -63.01  -63.46  -63.69  -63.33  -63.27  -63.19  -63.72
   50.00  -66.45  -66.72  -66.91  -66.81  -66.86  -66.99  -66.76  -66.36  -65.93  -65.42  -65.00  -65.01  -64.83  -64.68  -64.62  -64.85  -65.40  -65.64  -65.45  -65.35  -65.21  -64.87  -65.29  -65.13
   70.00  -66.00  -65.63  -65.43  -65.48  -65.59  -66.13  -66.71  -67.08  -67.13  -67.15  -67.62  -67.88  -67.82  -67.64  -66.93  -65.99  -65.41  -65.70  -65.66  -65.75  -65.70  -65.48  -65.26  -64.99
  100.00  -65.71  -65.24  -64.73  -64.19  -63.83  -63.85  -64.21  -64.59  -64.70  -64.42  -64.62  -64.68  -64.91  -65.51  -65.94  -66.22  -66.64  -67.03  -67.08  -66.99  -66.73  -66.50  -65.84  -65.79
  125.00  -65.50  -65.58  -65.55  -65.72  -65.89  -65.66  -65.14  -64.81  -64.50  -64.17  -63.94  -63.73  -63.44  -64.32  -65.21  -64.60  -63.49  -63.63  -64.20  -64.63  -65.13  -65.34  -65.60  -65.86
  150.00  -63.27  -63.99  -63.84  -63.54  -63.27  -62.85  -62.57  -62.34  -62.44  -62.74  -62.71  -62.72  -62.63  -63.14  -63.48  -63.52  -64.74  -64.69  -64.97  -65.16  -65.89  -66.58  -65.73  -65.35
  175.00  -60.62  -60.93  -61.27  -61.52  -61.85  -62.17  -62.57  -63.53  -64.53  -65.19  -64.96  -64.67  -64.36  -64.55  -64.49  -64.75  -64.73  -64.83  -65.20  -65.30  -64.98  -64.60  -65.17  -65.41
  200.00  -60.75  -60.82  -60.92  -60.73  -60.79  -61.29  -61.90  -62.25  -62.23  -61.95  -61.91  -61.99  -61.55  -61.24  -61.75  -62.21  -62.23  -62.10  -61.85  -61.54  -61.41  -61.39  -61.83  -61.97
  225.00  -57.04  -56.85  -56.66  -56.73  -56.76  -56.79  -57.03  -57.29  -57.30  -57.35  -57.47  -57.34  -57.39  -56.95  -56.58  -56.63  -56.68  -56.56  -56.39  -56.19  -56.12  -56.33  -56.73  -56.72
  250.00  -51.89  -51.71  -51.89  -52.45  -52.75  -52.81  -52.73  -52.60  -52.66  -52.78  -52.57  -52.37  -51.83  -51.24  -51.00  -51.11  -51.44  -51.45  -51.19  -51.06  -51.01  -51.06  -51.66  -51.78
  300.00  -41.87  -42.15  -42.43  -42.68  -42.91  -43.10  -43.00  -42.54  -41.97  -41.69  -41.80  -41.63  -41.58  -41.79  -41.81  -41.70  -41.50  -41.30  -41.47  -41.63  -41.54  -41.54  -41.63  -41.49
  350.00  -33.28  -33.48  -33.79  -34.05  -34.20  -34.13  -34.12  -34.24  -34.31  -34.30  -34.49  -34.23  -34.31  -34.12  -33.79  -33.58  -33.29  -33.32  -33.36  -33.39  -33.43  -33.38  -32.80  -32.75
  400.00  -27.30  -26.99  -26.97  -27.08  -27.25  -27.35  -27.38  -27.51  -27.61  -27.49  -27.23  -26.90  -26.71  -26.76  -26.79  -26.61  -26.57  -26.50  -26.35  -26.35  -26.10  -25.86  -25.40  -25.58
  450.00  -20.60  -20.86  -21.05  -21.18  -21.23  -21.32  -21.45  -21.55  -21.67  -21.64  -21.43  -21.24  -20.93  -20.66  -20.66  -20.59  -20.57  -20.47  -20.30  -20.34  -20.15  -19.84  -19.45  -19.45
  500.00  -13.79  -14.23  -14.69  -15.03  -15.16  -15.27  -15.48  -15.77  -16.14  -16.34  -16.35  -16.53  -16.61  -16.51  -16.27  -15.79  -15.61  -15.85  -15.69  -15.25  -14.96  -14.81  -14.89  -14.78
  550.00   -8.36   -8.86   -9.27   -9.53   -9.73  -10.05  -10.38  -10.77  -11.16  -11.49  -11.63  -11.88  -11.95  -11.90  -11.87  -11.76  -11.40  -11.33  -11.32  -11.24  -11.01  -10.66  -10.84  -10.68
  600.00   -4.14   -4.33   -4.58   -4.80   -5.16   -5.58   -5.87   -6.15   -6.46   -6.71   -6.91   -7.08   -7.21   -7.22   -7.01   -6.92   -6.96   -7.03   -6.96   -6.96   -7.11   -7.09   -7.09   -6.88
  650.00   -0.43   -0.16   -0.24   -0.46   -0.80   -1.16   -1.46   -1.75   -2.03   -2.20   -2.54   -2.63   -2.71   -2.84   -2.77   -2.58   -2.42   -2.50   -2.57   -2.57   -2.68   -2.73   -2.47   -2.41
  700.00    2.53    2.68    2.75    2.78    2.70    2.64    2.56    2.32    2.08    1.92    1.35    1.39    1.44    1.32    1.20    1.21    1.30    1.25    1.18    1.22    1.22    1.35    1.86    2.02
  750.00    3.22    3.46    3.68    4.31    4.73    5.14    5.26    5.15    5.07    5.09    4.85    4.90    5.05    4.85    4.52    4.32    4.17    3.96    3.85    3.84    3.80    3.95    4.56    5.14
  775.00    3.89    4.14    4.29    4.80    5.33    5.74    5.89    5.77    5.72    5.92    6.14    6.10    6.24    5.93    5.45    5.06    4.79    4.58    4.58    4.59    4.53    4.72    5.11    6.01
  800.00    5.20    5.38    5.42    5.59    5.91    6.13    6.12    5.92    5.96    6.30    6.66    6.41    6.60    5.84    5.28    5.02    5.04    5.05    5.05    5.05    5.00    5.00    5.06    6.21
  825.00    6.94    6.97    6.63    6.30    6.13    6.12    6.02    5.93    5.90    5.94    6.63    6.22    6.12    6.13    6.37    6.57    6.66    6.68    6.67    6.59    6.37    6.06    5.59    6.18
  850.00    8.56    8.10    7.50    7.17    6.86    6.77    6.78    6.60    6.28    5.92    7.29    7.29    7.74    8.37    8.79    9.01    9.02    8.94    8.85    8.66    8.32    7.97    7.11    7.04
  875.00   10.54   10.05    9.71    9.37    9.13    8.92    8.56    8.01    7.72    7.55    8.94    9.47   10.13   10.69   11.14   11.40   11.42   11.35   11.21   10.91   10.50   10.07    9.13    8.84
  900.00   12.80   12.33   11.94   11.59   11.34   10.99   10.51    9.99    9.55    9.35   11.05   11.77   12.45   13.04   13.48   13.72   13.74   13.68   13.51   13.18   12.74   12.27   11.38   11.11
  925.00   13.94   13.66   13.42   13.26   12.98   12.58   12.19   11.83   11.52   11.56   13.44   14.24   14.92   15.53   15.98   16.18   16.12   15.91   15.60   15.25   14.73   14.08   13.13   12.57
  950.00   15.34   15.24   15.01   14.84   14.56   14.22   13.82   13.39   12.45   13.07   15.21   15.84   16.60   16.99   17.43   17.64   17.59   17.45   17.16   16.76   16.24   15.68   14.81   14.21
  975.00   16.81   16.61   16.39   16.23   15.96   15.59   15.15   14.74   14.40   14.36   16.44   17.19   17.91   18.46   18.88   19.08   19.02   18.87   18.57   18.17   17.64   17.05   16.15   15.58
 1000.00   18.22   18.00   17.79   17.62   17.35   16.99   16.57   16.15   15.80   15.75   17.84   18.59   19.31   19.87   20.30   20.50   20.44   20.29   19.99   19.61   19.08   18.49   17.60   17.01
