#  level#  00:00#  01:00#  02:00#  03:00#  04:00#  05:00#  06:00#  07:00#  08:00#  09:00#  10:00#  11:00#  12:00#  13:00#  14:00#  15:00#  16:00#  17:00#  18:00#  19:00#  20:00#  21:00#  22:00#  23:00
    1.00   -7.80   -8.85   -8.73   -9.14   -8.95   -9.64  -10.05   -9.22   -9.13  -10.33  -11.17  -10.50   -8.39   -7.21   -7.99   -8.38   -5.73   -3.24   -3.51   -4.92   -6.10   -6.40   -7.82   -8.40
    2.00   -5.77   -5.16   -5.68   -7.14   -9.07   -9.90  -10.66  -11.95  -11.04   -8.79   -6.55   -5.65   -5.94   -7.00   -6.63   -5.56   -5.56   -5.63   -5.49   -6.25   -7.39   -7.58   -5.51   -4.28
    3.00  -13.76  -14.04  -14.33  -14.49  -14.16  -13.50  -13.61  -14.03  -15.00  -14.66  -14.15  -14.61  -13.45  -12.24  -11.44  -10.84  -10.86  -11.40  -11.20  -11.12  -11.15  -11.89  -13.25  -12.93
   10.00  -43.62  -43.94  -44.43  -44.28  -44.56  -45.04  -46.03  -46.99  -46.74  -45.32  -44.86  -44.61  -44.31  -43.34  -42.79  -42.67  -43.32  -44.05  -44.82  -45.16  -44.57  -44.70  -44.19  -42.49
   20.00  -52.11  -52.08  -52.66  -52.91  -52.86  -53.50  -54.00  -53.72  -53.17  -52.98  -52.36  -52.13  -51.79  -51.45  -51.46  -52.05  -52.74  -53.55  -53.54  -53.00  -52.70  -52.08  -52.14  -52.25
   30.00  -53.91  -53.82  -53.47  -53.59  -53.43  -52.99  -53.25  -53.64  -53.73  -53.60  -53.00  -52.42  -51.99  -51.65  -51.57  -51.88  -52.10  -52.31  -52.84  -52.61  -52.70  -52.56  -52.34  -52.11
   50.00  -54.01  -53.98  -53.84  -53.82  -54.25  -54.46  -54.36  -54.45  -54.64  -54.47  -53.60  -53.18  -53.31  -53.44  -53.62  -53.83  -54.17  -54.05  -54.04  -54.36  -53.78  -53.18  -53.19  -53.56
   70.00  -54.82  -55.31  -55.49  -55.06  -54.61  -54.35  -54.20  -54.24  -54.29  -54.63  -54.67  -54.61  -54.81  -54.76  -54.47  -54.26  -54.14  -54.14  -54.04  -54.23  -54.72  -54.83  -54.42  -54.58
  100.00  -53.91  -53.16  -52.63  -52.44  -52.53  -52.66  -52.58  -52.40  -52.34  -52.43  -52.49  -52.52  -52.31  -52.15  -51.81  -51.42  -51.21  -51.41  -51.49  -51.60  -51.65  -51.73  -51.50  -51.29
  125.00  -51.80  -52.00  -51.77  -51.14  -50.93  -50.88  -50.90  -50.82  -50.59  -50.32  -50.11  -50.13  -50.06  -50.17  -50.33  -50.54  -50.38  -50.38  -50.19  -49.72  -49.49  -49.54  -49.82  -49.78
  150.00  -48.21  -48.85  -49.48  -49.40  -49.40  -49.51  -49.56  -49.57  -49.53  -49.50  -49.15  -48.89  -48.60  -48.51  -48.47  -48.62  -48.67  -48.66  -48.74  -48.63  -48.38  -48.15  -47.95  -47.92
  175.00  -48.29  -48.24  -48.71  -48.69  -48.20  -47.95  -47.69  -47.59  -47.55  -47.51  -47.63  -47.61  -47.65  -47.67  -47.42  -47.05  -46.83  -46.64  -46.52  -46.60  -46.61  -46.58  -46.02  -45.76
  200.00  -48.45  -47.94  -47.96  -48.19  -47.72  -47.42  -47.14  -46.82  -46.54  -46.38  -45.96  -45.65  -45.52  -45.65  -45.69  -45.57  -45.37  -45.16  -44.99  -44.93  -44.91  -44.96  -44.50  -44.08
  225.00  -50.39  -49.74  -48.88  -48.69  -48.01  -47.21  -46.99  -46.73  -46.34  -46.01  -45.18  -44.69  -44.14  -44.10  -44.21  -44.23  -44.29  -44.19  -44.05  -43.92  -43.83  -43.68  -43.36  -43.20
  250.00  -53.89  -53.19  -51.30  -50.11  -49.78  -48.98  -48.25  -47.99  -47.59  -46.75  -45.79  -45.26  -44.49  -44.24  -44.35  -44.16  -44.09  -44.15  -44.19  -43.95  -43.79  -43.24  -42.99  -43.06
  300.00  -49.36  -49.19  -49.04  -48.72  -48.53  -48.54  -48.61  -48.80  -48.47  -47.68  -46.87  -46.12  -45.24  -44.78  -44.83  -45.05  -45.18  -44.98  -45.09  -45.04  -45.28  -45.41  -44.50  -44.44
  350.00  -41.45  -41.74  -42.09  -42.70  -43.18  -43.34  -43.50  -43.79  -43.92  -43.96  -43.58  -43.64  -44.04  -45.35  -46.03  -46.72  -46.59  -46.69  -46.84  -47.10  -47.09  -47.46  -48.51  -49.08
  400.00  -34.42  -34.65  -35.62  -36.71  -37.27  -37.72  -38.04  -38.09  -38.13  -38.56  -38.94  -39.32  -40.68  -41.26  -41.20  -41.25  -41.66  -42.19  -42.53  -42.94  -43.23  -43.32  -44.19  -44.19
  450.00  -29.42  -29.99  -30.98  -31.62  -31.95  -32.25  -32.40  -32.19  -32.36  -33.03  -34.09  -34.79  -35.48  -35.21  -35.19  -35.35  -35.68  -36.05  -36.23  -36.20  -36.23  -36.17  -36.93  -36.89
  500.00  -24.97  -25.88  -26.82  -27.14  -27.13  -27.11  -27.04  -26.93  -27.29  -28.11  -29.07  -29.67  -30.00  -29.72  -29.59  -29.50  -29.76  -29.75  -29.70  -29.69  -29.66  -29.71  -29.96  -30.12
  550.00  -20.97  -21.72  -22.15  -22.43  -22.77  -22.78  -22.60  -22.62  -23.18  -23.90  -24.30  -24.49  -24.46  -24.23  -24.20  -24.02  -24.24  -24.29  -24.29  -24.40  -24.43  -24.43  -23.91  -23.83
  600.00  -17.15  -17.50  -17.60  -17.84  -18.30  -18.78  -18.95  -19.05  -19.46  -19.88  -19.80  -19.71  -19.63  -19.37  -19.44  -19.33  -19.37  -19.37  -19.36  -19.46  -19.55  -19.55  -19.17  -18.87
  650.00  -13.29  -13.71  -13.96  -14.01  -14.31  -14.67  -14.96  -15.25  -15.64  -15.87  -15.71  -15.56  -15.48  -15.17  -15.11  -15.03  -15.02  -14.96  -14.89  -15.16  -15.21  -15.10  -14.86  -14.71
  700.00   -9.66  -10.07  -10.25  -10.25  -10.46  -10.79  -11.09  -11.45  -11.82  -11.89  -11.65  -11.52  -11.41  -11.14  -11.07  -11.11  -11.18  -11.18  -11.13  -11.41  -11.40  -11.26  -11.22  -11.01
  750.00   -6.69   -6.94   -7.10   -7.03   -7.21   -7.45   -7.67   -7.82   -8.01   -8.07   -7.88   -7.83   -7.68   -7.47   -7.48   -7.59   -7.72   -7.77   -7.84   -8.02   -8.06   -8.05   -7.94   -7.85
  775.00   -5.33   -5.65   -5.72   -5.59   -5.72   -5.91   -5.97   -6.01   -6.23   -6.30   -6.12   -6.23   -6.06   -5.81   -5.83   -5.92   -6.07   -6.17   -6.29   -6.43   -6.40   -6.49   -6.31   -6.30
  800.00   -3.94   -4.20   -4.34   -4.18   -4.26   -4.39   -4.43   -4.40   -4.60   -4.76   -4.50   -4.54   -4.43   -4.25   -4.24   -4.31   -4.41   -4.60   -4.72   -4.77   -4.78   -4.88   -4.67   -4.80
  825.00   -2.45   -2.60   -2.79   -2.74   -2.84   -2.91   -2.89   -2.90   -3.17   -3.27   -3.06   -3.01   -2.78   -2.69   -2.68   -2.76   -2.90   -3.07   -3.20   -3.18   -3.24   -3.34   -3.12   -3.35
  850.00   -0.94   -1.12   -1.33   -1.43   -1.55   -1.58   -1.58   -1.59   -2.28   -2.41   -1.81   -1.70   -1.41   -1.29   -1.36   -1.47   -1.68   -1.80   -1.86   -1.74   -1.79   -1.94   -1.65   -1.94
  875.00    0.34    0.23    0.12   -0.12   -0.38   -0.46   -0.51   -0.77   -1.23   -1.09   -0.31   -0.39   -0.43   -0.44   -0.57   -0.66   -0.84   -0.80   -0.80   -0.53   -0.63   -0.55   -0.31   -0.57
  900.00    1.65    1.60    1.55    1.13    0.86    0.57    0.37    0.12    0.56    0.69    1.21    1.47    1.12    0.83    0.44    0.19    0.22    0.38    0.41    0.57    0.67    0.83    0.99    0.88
  925.00    2.78    2.96    2.97    2.74    2.40    2.14    1.84    1.80    2.40    2.72    3.15    3.25    2.91    2.36    2.03    1.93    1.97    2.01    2.05    2.19    2.30    2.48    2.46    2.44
  950.00    4.64    4.71    4.58    4.47    4.25    3.97    3.72    3.84    4.57    4.86    5.05    5.30    5.37    4.81    4.38    4.08    4.22    4.14    4.16    4.17    4.29    4.42    4.19    4.16
  975.00    6.33    6.38    6.27    6.19    5.96    5.69    5.40    5.47    6.15    6.44    6.61    6.88    7.13    6.62    6.27    5.96    6.03    5.97    6.02    5.97    6.00    6.10    5.70    5.68
 1000.00    8.04    8.10    7.99    7.90    7.72    7.50    7.23    7.28    7.87    8.16    8.36    8.64    8.92    8.53    8.07    7.77    7.88    7.75    7.80    7.72    7.74    7.81    7.40    7.37
