#  level#  00:00#  01:00#  02:00#  03:00#  04:00#  05:00#  06:00#  07:00#  08:00#  09:00#  10:00#  11:00#  12:00#  13:00#  14:00#  15:00#  16:00#  17:00#  18:00#  19:00#  20:00#  21:00#  22:00#  23:00
    1.00  -13.60  -13.69  -15.16  -16.23  -17.43  -16.51  -17.26  -17.48  -18.77  -18.55  -16.52  -15.79  -15.41  -12.95  -11.85  -11.54  -11.49  -11.38  -12.13  -12.54  -12.43  -12.19  -12.29  -12.01
    2.00   -7.41  -10.28  -10.94  -11.18  -12.03  -12.44  -11.07  -11.42  -12.52  -14.10  -14.61  -13.27  -13.42  -11.93   -9.96   -9.62   -9.76   -7.12   -6.24   -7.61   -8.81   -8.50   -9.09   -9.30
    3.00  -16.22  -15.33  -16.23  -16.49  -18.80  -21.08  -20.91  -18.57  -17.34  -18.03  -19.94  -19.17  -19.31  -18.65  -17.34  -15.61  -15.54  -15.76  -14.55  -13.54  -12.98  -13.84  -13.81  -13.82
   10.00  -41.16  -40.18  -39.90  -40.59  -40.87  -39.70  -39.52  -39.53  -39.80  -41.02  -41.83  -41.72  -41.93  -41.39  -41.18  -40.15  -38.78  -38.52  -39.09  -39.19  -39.78  -39.80  -40.15  -39.91
   20.00  -46.10  -46.37  -46.87  -47.34  -47.73  -47.70  -47.54  -47.51  -47.51  -47.41  -47.80  -46.73  -46.35  -46.47  -46.18  -45.96  -46.54  -46.29  -45.91  -45.69  -45.48  -46.03  -46.49  -46.42
   30.00  -52.03  -52.47  -52.44  -51.58  -51.01  -51.22  -51.56  -51.33  -50.72  -50.15  -50.30  -50.66  -50.50  -51.02  -51.54  -51.78  -51.89  -52.29  -52.14  -52.25  -51.77  -51.35  -51.30  -51.30
   50.00  -57.06  -57.15  -57.18  -56.81  -56.46  -56.49  -56.72  -56.96  -57.03  -56.60  -55.92  -57.06  -57.27  -56.19  -56.13  -56.20  -56.01  -56.18  -56.52  -56.86  -57.23  -57.10  -56.85  -57.14
   70.00  -58.08  -58.46  -58.98  -59.48  -59.76  -59.77  -59.47  -58.91  -58.77  -58.85  -57.86  -57.50  -58.37  -59.03  -59.14  -59.29  -59.64  -59.64  -59.29  -58.56  -58.19  -57.95  -57.38  -57.77
  100.00  -61.17  -61.83  -62.50  -62.78  -62.48  -61.99  -61.56  -60.95  -60.47  -60.33  -60.96  -61.33  -60.56  -60.17  -60.50  -60.08  -59.72  -59.57  -59.50  -59.62  -59.59  -59.79  -60.37  -60.58
  125.00  -59.89  -59.84  -60.01  -60.25  -60.31  -60.14  -60.06  -60.05  -59.93  -59.61  -59.95  -59.83  -60.40  -60.63  -60.40  -60.81  -60.71  -60.41  -60.12  -59.88  -59.61  -59.34  -58.70  -58.74
  150.00  -58.53  -58.75  -58.88  -58.85  -58.95  -58.76  -58.44  -58.13  -57.84  -57.92  -58.27  -57.82  -57.47  -57.79  -58.17  -58.10  -58.18  -58.42  -58.71  -58.82  -58.74  -58.70  -58.39  -58.48
  175.00  -56.57  -56.27  -56.23  -56.33  -56.57  -56.76  -56.88  -56.97  -56.93  -56.59  -56.04  -56.30  -56.15  -55.63  -55.72  -56.20  -56.31  -56.61  -57.49  -58.45  -58.56  -58.46  -58.39  -58.53
  200.00  -53.89  -53.80  -53.73  -53.68  -53.81  -54.02  -54.17  -54.39  -54.77  -55.11  -55.04  -55.21  -55.63  -55.70  -55.23  -55.17  -55.37  -55.41  -55.44  -56.01  -56.46  -56.49  -56.87  -57.08
  225.00  -51.21  -51.08  -51.10  -51.24  -51.48  -51.68  -51.79  -51.98  -52.36  -52.68  -53.07  -53.48  -53.71  -53.69  -53.60  -53.50  -54.26  -54.69  -54.19  -53.14  -52.95  -53.38  -54.08  -54.32
  250.00  -47.80  -47.80  -47.76  -47.68  -47.76  -48.03  -48.30  -48.50  -48.70  -48.81  -48.83  -48.79  -48.93  -49.06  -49.01  -48.84  -48.29  -48.01  -48.01  -48.19  -48.17  -48.03  -48.23  -48.19
  300.00  -38.08  -38.11  -38.13  -38.23  -38.38  -38.51  -38.64  -38.74  -38.76  -38.68  -38.76  -38.64  -38.45  -38.31  -38.12  -37.89  -37.87  -37.92  -37.86  -37.58  -37.42  -37.35  -37.65  -37.40
  350.00  -29.79  -29.87  -29.67  -29.33  -29.12  -29.04  -29.03  -29.02  -29.02  -28.98  -29.20  -29.13  -29.08  -29.12  -29.18  -29.22  -29.35  -29.45  -29.36  -29.09  -28.81  -28.73  -28.82  -28.75
  400.00  -21.85  -22.10  -22.18  -22.17  -22.10  -21.96  -21.84  -21.73  -21.59  -21.46  -21.17  -21.13  -21.07  -21.12  -21.22  -21.20  -21.33  -21.52  -21.44  -21.28  -21.13  -21.08  -21.09  -21.05
  450.00  -14.87  -15.09  -15.09  -14.97  -14.93  -15.02  -15.20  -15.38  -15.50  -15.55  -15.41  -15.33  -15.15  -14.98  -15.06  -15.08  -15.00  -14.88  -14.70  -14.60  -14.62  -14.63  -14.42  -14.37
  500.00   -8.99   -9.15   -9.23   -9.10   -8.90   -8.82   -8.95   -9.19   -9.45   -9.65   -9.65   -9.66   -9.65   -9.61   -9.73   -9.72   -9.43   -9.07   -8.82   -8.79   -8.93   -9.01   -8.67   -8.71
  550.00   -3.73   -3.92   -4.11   -4.11   -4.03   -4.00   -4.06   -4.18   -4.39   -4.67   -4.96   -4.97   -4.93   -4.99   -5.14   -5.14   -4.86   -4.60   -4.46   -4.42   -4.44   -4.35   -4.15   -4.25
  600.00    0.67    0.56    0.24    0.03   -0.03   -0.09   -0.12   -0.01    0.00   -0.15   -0.49   -0.50   -0.53   -0.60   -0.61   -0.49   -0.33   -0.30   -0.38   -0.45   -0.47   -0.42   -0.55   -0.57
  650.00    3.87    4.07    3.70    3.29    3.08    2.94    2.94    3.21    3.44    3.41    2.95    3.01    3.05    2.99    3.11    3.42    3.76    3.84    3.77    3.64    3.58    3.61    3.46    3.42
  700.00    5.19    6.00    6.09    5.85    5.69    5.54    5.44    5.58    5.78    5.83    5.29    5.67    5.85    5.98    6.07    6.10    6.16    6.20    6.17    6.22    6.39    6.57    6.42    6.55
  750.00    7.93    8.16    8.44    8.41    8.23    8.05    7.88    7.78    7.72    7.75    7.01    7.51    7.90    7.62    8.33    8.98    9.49    9.81   10.07   10.30   10.12    9.87    9.77    9.87
  775.00   10.45   10.50   10.50   10.44   10.34   10.24   10.14   10.07   10.02   10.02    9.36    9.43    9.36   10.14   10.91   11.61   12.13   12.42   12.52   12.71   12.66   12.41   12.26   12.11
  800.00   12.92   12.95   12.95   12.91   12.81   12.67   12.54   12.46   12.43   12.46   11.90   12.01   11.73   12.66   13.47   14.15   14.68   15.01   15.07   15.12   15.12   14.90   14.78   14.57
  825.00   15.29   15.14   15.10   14.96   14.76   14.59   14.50   14.49   14.55   14.78   14.18   13.94   14.13   15.16   15.98   16.71   17.27   17.54   17.60   17.55   17.54   17.37   17.31   17.03
  850.00   17.42   16.90   16.73   16.50   16.25   16.18   16.22   16.30   16.45   16.56   15.34   15.18   16.59   17.65   18.49   19.23   19.79   20.08   20.10   19.96   19.86   19.71   19.64   19.16
  875.00   19.36   18.27   18.08   18.03   17.85   17.76   17.41   16.96   16.56   16.22   15.45   17.37   18.99   20.09   20.94   21.67   22.22   22.56   22.59   22.37   22.20   22.06   21.67   20.99
  900.00   20.96   19.08   18.37   17.89   17.41   17.09   16.85   16.68   16.49   17.55   17.80   19.83   21.46   22.55   23.39   24.12   24.64   24.94   24.97   24.77   24.47   24.26   23.53   22.76
  925.00   22.05   19.38   17.60   16.95   16.66   16.51   16.41   16.74   18.33   20.10   20.38   22.45   24.19   25.30   26.14   26.87   27.37   27.57   27.45   27.03   26.50   25.96   24.82   24.16
  950.00   23.78   21.00   19.12   18.47   18.18   18.04   17.99   18.09   19.82   21.66   22.07   23.99   25.68   26.77   27.58   28.27   28.76   28.96   28.91   28.60   28.14   27.61   26.39   25.76
  975.00   25.16   22.35   20.46   19.85   19.57   19.43   19.37   19.54   21.26   23.15   23.49   25.52   27.20   28.29   29.11   29.79   30.28   30.48   30.42   30.11   29.65   29.10   27.87   27.22
 1000.00   26.64   23.82   21.93   21.33   21.06   20.93   20.88   21.00   22.68   24.55   24.89   26.93   28.62   29.73   30.55   31.25   31.74   31.94   31.89   31.57   31.11   30.57   29.34   28.69
