#  level#  00:00#  01:00#  02:00#  03:00#  04:00#  05:00#  06:00#  07:00#  08:00#  09:00#  10:00#  11:00#  12:00#  13:00#  14:00#  15:00#  16:00#  17:00#  18:00#  19:00#  20:00#  21:00#  22:00#  23:00
    1.00  -16.11  -17.65  -20.17  -20.81  -20.77  -19.82  -19.61  -18.82  -17.41  -16.86  -16.34  -16.49  -16.53  -15.20  -12.83  -12.44  -14.70  -16.05  -16.20  -13.59  -12.56  -13.23  -13.06  -11.94
    2.00  -20.47  -19.21  -18.23  -19.35  -21.38  -23.19  -24.02  -25.39  -25.47  -23.84  -22.45  -20.48  -19.75  -19.47  -19.08  -17.74  -17.80  -17.63  -18.58  -20.07  -20.62  -21.28  -22.77  -21.86
    3.00  -27.64  -28.58  -28.59  -28.11  -27.06  -27.08  -29.33  -30.50  -30.65  -30.35  -29.75  -30.71  -31.24  -28.38  -28.16  -27.56  -24.85  -25.58  -27.42  -28.61  -30.22  -29.86  -28.72  -28.67
   10.00  -48.30  -47.39  -47.25  -47.90  -49.07  -49.16  -47.80  -46.80  -46.61  -47.11  -48.14  -48.95  -49.54  -49.30  -47.38  -46.90  -47.64  -46.91  -46.57  -47.03  -47.56  -47.68  -47.73  -48.56
   20.00  -54.38  -55.16  -54.74  -54.49  -54.01  -53.27  -53.45  -53.72  -53.23  -53.35  -53.33  -53.94  -53.79  -53.31  -53.93  -53.52  -53.05  -52.62  -53.73  -53.60  -53.55  -54.44  -53.85  -53.38
   30.00  -55.09  -56.03  -56.75  -57.17  -57.84  -58.30  -58.03  -57.30  -56.58  -55.96  -55.86  -55.95  -56.44  -56.31  -56.71  -56.77  -57.21  -57.56  -57.05  -57.47  -56.64  -55.86  -57.03  -57.35
   50.00  -59.31  -60.22  -61.32  -61.42  -60.75  -60.30  -60.38  -60.62  -61.02  -61.02  -61.19  -61.25  -61.34  -60.73  -60.57  -61.00  -60.68  -60.95  -60.85  -60.67  -61.39  -61.26  -61.22  -61.60
   70.00  -62.92  -61.82  -61.90  -62.61  -62.87  -62.61  -62.70  -62.76  -62.47  -62.47  -62.46  -62.42  -62.88  -63.25  -62.78  -62.72  -62.75  -63.09  -63.83  -63.13  -62.70  -62.58  -62.39  -62.44
  100.00  -62.35  -62.08  -61.98  -62.23  -62.82  -62.56  -61.81  -61.91  -62.58  -63.32  -64.06  -63.76  -63.45  -63.75  -63.94  -64.23  -64.46  -64.05  -63.63  -64.09  -63.74  -63.59  -63.46  -63.59
  125.00  -61.46  -61.20  -60.89  -60.97  -61.40  -62.01  -62.23  -62.01  -61.76  -61.99  -62.84  -62.99  -62.71  -62.59  -62.44  -62.40  -62.48  -62.38  -62.06  -62.21  -62.31  -62.37  -62.66  -62.68
  150.00  -60.66  -61.02  -60.91  -60.73  -60.31  -59.82  -59.52  -59.38  -59.07  -58.80  -58.72  -58.59  -58.28  -58.00  -57.70  -57.47  -57.42  -57.45  -57.22  -57.17  -57.43  -57.54  -57.70  -57.60
  175.00  -56.01  -56.40  -56.67  -56.96  -57.13  -57.19  -56.94  -56.78  -56.70  -56.50  -56.59  -57.47  -57.55  -57.39  -56.98  -56.33  -56.09  -56.06  -55.95  -55.74  -56.00  -56.20  -56.08  -56.09
  200.00  -56.36  -57.87  -58.58  -58.92  -59.44  -60.42  -60.74  -59.99  -59.57  -59.68  -60.16  -60.11  -59.61  -59.53  -59.82  -59.67  -59.43  -58.69  -57.90  -57.25  -56.67  -56.64  -55.84  -56.25
  225.00  -57.59  -57.92  -57.93  -57.94  -58.21  -58.75  -59.27  -59.53  -59.51  -59.37  -59.35  -59.38  -59.19  -59.08  -59.14  -59.21  -59.18  -59.05  -58.89  -58.73  -58.36  -58.18  -58.28  -58.04
  250.00  -53.11  -53.11  -53.19  -53.24  -53.27  -53.34  -53.40  -53.42  -53.42  -53.43  -53.00  -53.07  -53.01  -53.05  -53.14  -53.30  -53.46  -53.62  -53.76  -53.87  -53.99  -54.06  -53.65  -53.55
  300.00  -42.94  -42.78  -42.60  -42.38  -42.15  -42.07  -42.22  -42.41  -42.53  -42.71  -42.31  -42.40  -42.63  -42.79  -42.76  -42.83  -42.90  -43.07  -43.26  -43.45  -43.61  -43.60  -43.07  -43.07
  350.00  -34.11  -34.00  -33.87  -33.53  -33.08  -32.76  -32.73  -32.84  -33.09  -33.24  -32.92  -32.98  -33.17  -33.33  -33.46  -33.55  -33.58  -33.65  -33.83  -34.05  -34.25  -34.26  -33.96  -34.20
  400.00  -26.19  -25.94  -25.70  -25.62  -25.49  -25.17  -24.88  -25.03  -25.34  -25.47  -25.17  -25.11  -25.17  -25.26  -25.33  -25.41  -25.44  -25.53  -25.79  -26.05  -26.23  -26.22  -26.26  -26.42
  450.00  -19.49  -19.16  -19.09  -19.37  -19.39  -18.96  -18.78  -19.06  -19.09  -19.00  -18.71  -18.32  -18.34  -18.45  -18.54  -18.62  -18.67  -18.80  -19.16  -19.34  -19.40  -19.35  -19.52  -19.56
  500.00  -13.82  -13.55  -13.73  -14.15  -14.35  -14.15  -14.14  -14.00  -13.78  -13.70  -13.55  -13.22  -13.19  -13.05  -12.98  -13.03  -13.07  -13.13  -13.42  -13.58  -13.62  -13.60  -13.89  -13.71
  550.00   -9.57   -9.39   -9.75   -9.88   -9.83   -9.93  -10.00   -9.74   -9.35   -9.06   -8.73   -8.70   -8.85   -8.70   -8.49   -8.40   -8.29   -8.20   -8.52   -8.71   -8.86   -8.89   -9.38   -9.16
  600.00   -5.66   -5.78   -6.03   -5.85   -5.66   -5.68   -5.82   -5.75   -5.32   -4.98   -4.55   -4.65   -5.02   -5.04   -4.80   -4.54   -4.24   -4.24   -4.43   -4.45   -4.58   -4.64   -5.38   -5.36
  650.00   -1.47   -1.60   -1.67   -1.47   -1.38   -1.37   -1.54   -1.60   -1.54   -1.30   -0.81   -0.72   -1.08   -1.15   -1.03   -0.84   -0.72   -0.88   -0.91   -0.82   -0.75   -0.69   -1.45   -1.54
  700.00    3.12    3.04    2.93    2.99    2.90    2.75    2.50    2.38    2.43    2.61    2.71    2.90    2.85    2.77    2.75    2.79    2.82    2.76    2.52    2.48    2.68    2.86    2.24    2.10
  750.00    7.62    7.47    7.29    7.23    7.06    6.88    6.63    6.58    6.52    6.49    6.21    6.44    6.59    6.51    6.46    6.37    6.26    6.15    6.00    6.02    6.13    6.23    5.58    5.33
  775.00    9.77    9.54    9.32    9.20    9.03    8.83    8.68    8.68    8.57    8.42    7.94    8.17    8.43    8.41    8.20    8.04    7.89    7.75    7.71    7.76    7.84    7.87    7.16    7.00
  800.00   11.83   11.57   11.29   11.16   10.97   10.74   10.56   10.50   10.33   10.16    9.77    9.97   10.26    9.96    9.70    9.54    9.35    9.28    9.33    9.42    9.50    9.55    8.99    8.90
  825.00   13.77   13.52   13.24   13.13   12.94   12.63   12.34   12.25   11.98   11.80   11.74   11.84   11.69   11.12   11.07   11.10   10.89   10.80   11.04   11.21   11.33   11.40   11.00   10.91
  850.00   15.43   15.26   15.01   14.91   14.64   14.27   13.83   13.80   13.50   13.29   13.54   13.56   12.85   12.38   12.63   12.76   12.63   12.64   12.98   13.21   13.32   13.39   13.07   12.96
  875.00   16.49   16.50   16.36   16.24   15.94   15.52   15.09   15.11   14.86   14.80   15.10   14.63   13.81   13.88   14.23   14.25   14.26   14.60   15.03   15.26   15.36   15.44   15.10   15.02
  900.00   16.67   16.89   16.98   16.89   16.57   16.24   15.87   15.95   15.85   16.04   16.53   15.66   15.16   15.57   16.02   16.14   15.98   16.31   16.85   17.11   17.27   17.29   16.99   16.88
  925.00   16.25   16.50   16.71   16.76   16.51   16.30   16.12   16.34   16.38   16.68   17.08   16.97   17.06   17.60   17.94   18.10   17.82   17.63   18.16   18.43   18.53   18.48   18.23   18.09
  950.00   16.71   16.77   16.95   17.06   16.95   16.83   16.78   17.01   17.16   17.59   18.48   18.41   19.08   19.77   20.10   20.26   20.00   19.46   19.24   19.21   19.11   18.87   18.69   18.45
  975.00   17.98   17.62   17.51   17.46   17.43   17.40   17.53   17.67   18.08   18.72   19.58   20.49   21.50   22.17   22.40   22.35   21.93   21.15   20.29   19.74   19.35   18.96   18.88   18.54
 1000.00   19.47   19.11   18.95   18.93   18.94   18.92   19.05   19.12   19.37   19.95   20.66   21.74   22.81   23.44   23.67   23.70   23.40   22.79   22.01   21.47   21.10   20.70   20.67   20.31
