#  level#  00:00#  01:00#  02:00#  03:00#  04:00#  05:00#  06:00#  07:00#  08:00#  09:00#  10:00#  11:00#  12:00#  13:00#  14:00#  15:00#  16:00#  17:00#  18:00#  19:00#  20:00#  21:00#  22:00#  23:00
    1.00  -12.92  -14.51  -16.36  -17.47  -17.72  -18.64  -19.21  -19.01  -18.65  -17.39  -15.41  -11.62   -8.38   -7.19   -7.83   -8.51   -7.44   -7.31   -7.33   -7.10   -8.16  -10.43  -11.94  -13.45
    2.00  -18.96  -20.88  -18.76  -18.66  -18.83  -18.84  -18.92  -18.74  -19.09  -20.10  -22.14  -23.34  -23.56  -20.39  -18.34  -16.28  -13.02  -11.52  -11.34  -10.71  -10.54  -11.83  -16.20  -18.37
    3.00  -21.28  -23.74  -24.99  -24.93  -24.52  -25.17  -26.25  -27.83  -28.24  -28.24  -28.85  -29.91  -30.79  -30.42  -31.12  -30.77  -29.99  -29.46  -27.70  -25.20  -23.02  -22.53  -24.62  -26.68
   10.00  -57.12  -57.29  -56.77  -55.84  -55.75  -55.12  -54.76  -54.64  -54.24  -54.10  -54.78  -54.51  -55.22  -54.49  -53.77  -54.59  -55.63  -55.84  -55.59  -55.99  -56.11  -54.83  -54.06  -54.26
   20.00  -61.90  -62.23  -62.70  -63.25  -64.15  -64.72  -64.11  -64.22  -64.10  -63.98  -63.37  -62.58  -62.86  -64.09  -64.12  -63.97  -64.84  -65.02  -64.64  -64.79  -65.08  -64.93  -64.49  -63.44
   30.00  -65.36  -64.89  -65.00  -65.23  -65.22  -65.96  -66.16  -66.48  -67.02  -67.09  -66.79  -66.31  -66.13  -66.54  -66.28  -66.01  -66.57  -66.84  -66.57  -66.55  -66.81  -66.82  -66.82  -66.78
   50.00  -64.87  -65.10  -65.12  -64.82  -63.72  -63.57  -63.78  -63.59  -63.68  -63.88  -63.55  -63.50  -62.84  -62.96  -63.33  -63.53  -63.72  -63.89  -63.60  -63.15  -63.03  -63.09  -63.16  -63.17
   70.00  -60.43  -60.67  -61.32  -61.81  -61.73  -62.19  -62.66  -62.54  -62.49  -62.20  -61.40  -61.41  -61.10  -60.76  -60.51  -60.40  -60.48  -60.88  -61.20  -61.34  -61.54  -61.58  -60.55  -59.75
  100.00  -60.29  -60.04  -60.14  -60.47  -60.44  -60.15  -60.00  -59.62  -59.31  -59.45  -59.56  -59.59  -59.76  -60.12  -60.14  -59.85  -59.21  -58.67  -58.29  -58.00  -57.87  -58.09  -58.47  -58.56
  125.00  -59.37  -59.49  -59.66  -60.02  -60.24  -59.93  -59.78  -59.87  -59.61  -59.38  -59.37  -59.26  -59.00  -58.86  -58.75  -58.82  -58.72  -58.73  -58.74  -58.39  -57.62  -56.98  -56.79  -56.24
  150.00  -59.41  -59.61  -59.33  -58.76  -58.53  -58.02  -57.65  -57.97  -58.16  -57.99  -57.77  -57.32  -56.81  -56.52  -56.56  -56.83  -56.84  -56.81  -56.81  -56.70  -56.36  -55.98  -55.43  -54.59
  175.00  -60.56  -60.55  -60.41  -60.21  -60.36  -59.78  -58.35  -57.36  -56.70  -56.48  -57.16  -57.24  -56.32  -55.38  -54.85  -54.68  -54.23  -53.82  -53.71  -53.84  -53.91  -54.01  -53.85  -53.60
  200.00  -64.09  -63.26  -62.67  -62.53  -62.97  -63.07  -62.67  -62.21  -61.53  -59.87  -58.05  -57.55  -56.87  -56.11  -55.37  -54.86  -54.35  -53.92  -53.67  -53.52  -53.35  -53.20  -53.14  -52.88
  225.00  -63.12  -63.03  -62.66  -62.12  -61.65  -61.20  -60.97  -60.73  -60.42  -60.25  -59.69  -58.66  -57.72  -56.64  -55.73  -54.88  -54.21  -53.64  -53.23  -53.03  -52.85  -52.73  -53.05  -52.91
  250.00  -58.13  -58.43  -58.66  -58.72  -58.60  -58.37  -58.18  -57.78  -57.31  -57.13  -57.09  -56.83  -56.34  -55.44  -54.43  -53.70  -53.23  -52.85  -52.53  -52.29  -52.18  -52.14  -52.52  -52.73
  300.00  -49.23  -49.09  -49.11  -49.21  -49.26  -49.42  -49.70  -49.99  -50.31  -50.46  -50.35  -50.36  -50.31  -50.35  -50.13  -50.25  -50.49  -50.76  -50.81  -50.40  -49.98  -50.07  -50.57  -50.86
  350.00  -41.80  -41.94  -41.93  -42.04  -42.07  -42.21  -42.39  -42.65  -43.00  -43.28  -43.48  -43.74  -43.86  -43.97  -44.62  -45.56  -46.32  -47.09  -47.95  -48.73  -48.65  -47.46  -46.49  -46.40
  400.00  -33.84  -34.17  -34.47  -34.71  -34.92  -35.10  -35.29  -35.52  -35.75  -35.97  -36.13  -36.44  -37.11  -38.41  -39.84  -40.71  -41.01  -41.09  -41.32  -41.76  -42.12  -42.38  -42.16  -41.21
  450.00  -26.65  -26.86  -27.08  -27.27  -27.49  -27.73  -28.02  -28.47  -29.06  -29.61  -30.10  -30.82  -32.11  -33.55  -34.53  -35.04  -35.28  -35.20  -34.78  -34.69  -34.93  -35.17  -35.24  -35.30
  500.00  -20.08  -20.15  -20.38  -20.61  -21.06  -21.78  -22.71  -23.70  -24.64  -25.40  -26.35  -27.17  -28.04  -28.70  -28.95  -29.00  -29.12  -29.32  -29.21  -28.67  -28.49  -28.69  -28.72  -28.92
  550.00  -16.64  -16.57  -17.00  -17.64  -18.42  -19.29  -20.09  -20.82  -21.55  -22.26  -23.18  -23.62  -23.92  -24.03  -23.89  -23.61  -23.41  -23.43  -23.50  -23.38  -23.12  -23.08  -23.04  -23.20
  600.00  -14.86  -15.23  -15.64  -16.08  -16.56  -16.88  -17.11  -17.33  -17.63  -17.97  -18.46  -18.70  -18.81  -18.86  -18.82  -18.72  -18.60  -18.61  -18.61  -18.58  -18.54  -18.49  -18.43  -18.41
  650.00  -10.95  -11.29  -11.62  -11.92  -12.20  -12.45  -12.62  -12.71  -12.81  -12.97  -12.97  -13.21  -13.35  -13.44  -13.50  -13.55  -13.64  -13.81  -13.99  -14.14  -14.24  -14.27  -14.38  -14.50
  700.00   -7.17   -7.20   -7.29   -7.52   -7.87   -8.10   -8.23   -8.25   -8.24   -8.32   -7.89   -8.04   -8.19   -8.35   -8.51   -8.66   -8.82   -9.06   -9.34   -9.64   -9.91  -10.13  -10.33  -10.63
  750.00   -4.42   -4.58   -4.69   -4.88   -5.32   -5.67   -5.77   -5.61   -5.36   -5.32   -4.64   -4.61   -4.42   -4.32   -4.34   -4.42   -4.50   -4.75   -5.16   -5.79   -6.48   -6.97   -7.13   -7.43
  775.00   -3.42   -3.71   -3.94   -4.15   -4.51   -4.81   -4.90   -4.74   -4.45   -4.35   -3.72   -3.81   -3.64   -3.52   -3.54   -3.58   -3.46   -3.50   -3.67   -4.13   -4.78   -5.43   -5.77   -6.19
  800.00   -2.64   -2.98   -3.27   -3.43   -3.56   -3.60   -3.61   -3.49   -3.29   -3.19   -2.71   -2.89   -2.83   -2.75   -2.81   -2.92   -2.95   -3.02   -3.04   -3.19   -3.49   -3.82   -4.25   -4.78
  825.00   -1.77   -2.22   -2.52   -2.56   -2.42   -2.18   -1.97   -1.87   -1.81   -1.75   -1.38   -1.42   -1.36   -1.32   -1.39   -1.54   -1.70   -1.93   -2.14   -2.32   -2.50   -2.62   -3.01   -3.32
  850.00   -0.79   -1.46   -1.75   -1.56   -1.14   -0.67   -0.32   -0.21   -0.15   -0.04    0.44    0.47    0.46    0.41    0.34    0.26    0.14   -0.14   -0.46   -0.77   -1.02   -1.16   -1.48   -1.77
  875.00   -0.40   -1.14   -1.37   -0.90   -0.23    0.42    0.95    1.15    1.29    1.43    2.05    2.03    2.01    1.96    1.95    1.84    1.68    1.45    1.19    0.89    0.62    0.44    0.20   -0.10
  900.00   -0.32   -1.11   -0.96   -0.46    0.29    1.03    1.67    1.90    2.08    2.36    2.95    3.13    3.26    3.41    3.09    2.75    2.70    2.68    2.64    2.48    2.25    2.11    1.95    1.66
  925.00   -0.88   -0.71   -0.36    0.05    0.59    1.22    1.66    1.88    2.11    2.39    3.13    3.45    3.61    3.24    3.39    3.34    3.53    3.78    3.96    4.00    3.90    3.79    3.63    3.38
  950.00    0.22    0.62    1.09    1.39    1.65    1.98    2.26    2.45    2.69    2.90    3.19    3.09    3.67    4.21    4.31    4.55    4.88    5.16    5.34    5.41    5.38    5.36    5.12    4.95
  975.00    1.49    1.40    1.41    1.62    1.71    1.84    1.76    1.69    1.64    2.24    3.19    4.10    4.95    5.63    6.17    6.26    5.95    5.31    4.71    4.18    3.86    3.53    3.03    2.76
 1000.00    3.45    3.63    3.92    4.11    4.25    4.42    4.58    4.68    4.70    4.65    4.35    5.15    6.16    7.01    7.61    7.93    8.04    7.97    7.82    7.59    7.32    7.08    6.68    6.51
