#  level#  00:00#  01:00#  02:00#  03:00#  04:00#  05:00#  06:00#  07:00#  08:00#  09:00#  10:00#  11:00#  12:00#  13:00#  14:00#  15:00#  16:00#  17:00#  18:00#  19:00#  20:00#  21:00#  22:00#  23:00
    1.00  -17.62  -18.72  -19.35  -19.32  -19.22  -19.77  -19.87  -19.57  -20.10  -19.75  -18.10  -15.96  -14.79  -13.83  -13.76  -14.47  -16.02  -16.88  -17.48  -17.47  -16.54  -16.19  -17.42  -16.67
    2.00  -16.19  -17.96  -19.52  -20.53  -20.75  -20.01  -19.85  -20.13  -19.68  -20.66  -22.15  -22.40  -22.38  -20.81  -18.28  -16.29  -15.68  -14.97  -16.37  -17.19  -17.18  -17.87  -16.25  -17.83
    3.00  -24.87  -23.70  -24.73  -25.11  -26.16  -26.76  -26.61  -26.66  -25.49  -23.54  -24.12  -24.38  -25.41  -26.63  -26.41  -25.64  -24.56  -23.71  -23.74  -23.99  -23.39  -22.97  -23.31  -23.57
   10.00  -44.91  -45.32  -45.55  -45.18  -45.05  -44.87  -45.28  -45.87  -46.54  -47.21  -46.29  -45.70  -44.62  -43.32  -43.01  -43.25  -43.87  -44.69  -45.75  -45.82  -45.55  -46.73  -45.26  -44.20
   20.00  -50.50  -50.45  -50.46  -50.40  -50.20  -50.17  -50.08  -49.86  -49.45  -48.88  -49.28  -49.62  -50.29  -51.22  -51.15  -50.35  -50.03  -49.46  -48.92  -48.83  -48.53  -47.44  -47.89  -48.53
   30.00  -54.11  -54.38  -54.64  -55.00  -55.13  -54.96  -54.65  -54.19  -54.03  -53.59  -53.36  -53.27  -52.51  -52.78  -53.59  -53.97  -53.75  -53.58  -52.93  -52.55  -52.99  -52.95  -52.99  -53.84
   50.00  -59.41  -59.37  -58.90  -58.60  -58.67  -58.54  -58.50  -58.47  -58.29  -58.16  -57.85  -57.94  -57.81  -57.72  -57.56  -57.57  -57.72  -57.69  -58.04  -57.84  -57.69  -57.65  -57.16  -56.61
   70.00  -60.13  -60.17  -60.42  -60.49  -60.51  -60.48  -60.16  -59.80  -59.57  -59.43  -58.82  -58.94  -58.97  -58.65  -58.36  -58.26  -58.51  -58.35  -58.42  -58.41  -58.18  -58.08  -58.33  -58.85
  100.00  -61.65  -61.65  -61.55  -61.12  -61.19  -61.27  -61.30  -61.14  -60.82  -60.51  -60.17  -59.86  -59.68  -59.37  -59.16  -58.89  -58.78  -58.77  -58.59  -58.59  -58.57  -58.60  -58.35  -58.41
  125.00  -60.14  -60.20  -60.51  -60.27  -59.73  -59.87  -59.97  -59.98  -60.00  -59.84  -59.67  -59.43  -59.09  -58.77  -58.43  -58.06  -57.70  -57.62  -57.30  -57.10  -56.89  -56.72  -56.44  -56.36
  150.00  -56.91  -56.47  -56.07  -56.26  -55.99  -55.48  -55.36  -55.46  -55.70  -55.87  -55.61  -55.74  -55.62  -55.44  -55.08  -54.77  -54.40  -54.30  -54.02  -53.73  -53.42  -53.18  -52.71  -52.50
  175.00  -52.27  -52.45  -51.98  -51.85  -52.07  -51.91  -51.60  -51.43  -51.42  -51.44  -50.79  -50.77  -50.79  -50.98  -50.82  -50.53  -50.18  -50.19  -50.50  -50.79  -51.04  -51.09  -50.47  -50.51
  200.00  -50.35  -50.31  -50.26  -49.86  -49.40  -49.35  -49.36  -49.07  -48.65  -48.22  -47.79  -47.88  -48.11  -48.30  -48.09  -48.17  -48.32  -48.55  -49.09  -49.55  -50.13  -50.37  -50.06  -49.95
  225.00  -51.13  -50.78  -50.61  -50.37  -49.96  -49.64  -49.35  -48.97  -48.48  -48.24  -49.16  -49.69  -49.74  -49.91  -50.57  -51.59  -52.14  -51.55  -50.99  -50.72  -51.61  -52.49  -52.47  -51.66
  250.00  -50.11  -49.64  -49.23  -48.94  -48.79  -49.05  -49.55  -50.08  -50.53  -51.30  -52.66  -52.07  -51.57  -52.47  -53.66  -53.80  -53.36  -53.36  -53.11  -53.33  -53.66  -53.84  -53.60  -53.05
  300.00  -45.34  -45.62  -45.73  -45.53  -45.28  -45.11  -45.09  -45.35  -45.60  -45.74  -45.19  -45.35  -45.53  -45.64  -45.45  -45.50  -45.84  -45.88  -45.77  -45.33  -44.86  -44.82  -45.70  -46.19
  350.00  -37.22  -37.48  -37.71  -37.93  -38.02  -37.97  -37.82  -37.61  -37.41  -37.16  -36.00  -36.23  -36.49  -36.49  -36.27  -36.28  -36.37  -36.64  -36.81  -36.77  -36.63  -36.50  -36.82  -36.80
  400.00  -28.90  -28.98  -29.20  -29.47  -29.74  -30.07  -30.30  -30.35  -30.24  -30.02  -30.02  -29.80  -29.10  -28.60  -28.70  -28.53  -28.47  -28.60  -28.88  -29.14  -29.13  -29.17  -29.31  -29.19
  450.00  -22.42  -22.65  -23.04  -23.41  -23.50  -23.45  -23.57  -23.73  -23.95  -23.97  -24.39  -23.88  -23.03  -22.47  -22.10  -22.07  -22.05  -22.08  -22.26  -22.55  -22.64  -22.71  -22.96  -23.39
  500.00  -16.88  -17.25  -17.65  -17.95  -18.15  -18.23  -18.21  -17.98  -17.83  -17.72  -18.00  -17.72  -17.65  -17.37  -17.17  -16.93  -16.77  -16.75  -17.16  -17.38  -17.15  -17.21  -17.35  -17.83
  550.00  -11.99  -12.17  -12.28  -12.45  -12.61  -12.60  -12.41  -12.09  -11.80  -11.59  -11.61  -11.86  -12.48  -12.69  -12.68  -12.50  -12.21  -12.11  -12.49  -12.78  -12.67  -12.61  -12.32  -12.71
  600.00   -6.74   -6.75   -6.88   -7.13   -7.30   -7.21   -6.94   -6.63   -6.36   -6.16   -6.32   -6.75   -7.80   -8.32   -8.29   -8.06   -8.14   -8.03   -8.14   -8.23   -8.32   -8.24   -7.86   -8.12
  650.00   -1.90   -2.04   -2.28   -2.67   -2.95   -2.82   -2.48   -2.28   -2.29   -2.21   -2.89   -3.33   -3.95   -4.09   -4.22   -4.20   -4.63   -4.79   -4.54   -4.34   -4.16   -4.15   -3.77   -3.95
  700.00    0.30    0.93    0.92    0.60    0.25    0.20    0.26    0.27    0.24    0.33   -0.79   -0.83   -0.52   -0.28   -0.96   -1.34   -1.91   -1.73   -1.40   -1.19   -0.94   -0.91   -0.51   -0.78
  750.00    2.37    2.62    3.13    3.40    3.19    3.00    2.98    3.06    3.17    3.18    2.19    2.44    2.71    2.05    1.01    0.86    1.11    1.45    1.72    1.98    2.25    2.32    2.81    2.19
  775.00    4.60    4.41    4.51    4.71    4.61    4.45    4.39    4.47    4.57    4.47    3.85    4.07    3.80    2.86    2.71    2.88    3.07    3.21    3.69    3.91    4.18    4.30    4.43    3.50
  800.00    7.03    6.60    6.39    6.43    6.34    6.22    6.12    6.08    6.07    5.98    5.75    5.82    5.05    4.71    5.14    5.26    5.35    5.36    5.71    5.88    6.13    6.21    5.77    4.83
  825.00    9.31    8.71    8.40    8.33    8.29    8.19    8.05    7.92    7.91    7.79    7.85    7.49    6.83    7.16    7.64    7.70    7.71    7.58    7.75    7.90    7.95    7.80    6.89    6.16
  850.00   11.41   10.79   10.45   10.34   10.35   10.35   10.20    9.97    9.86    9.73    9.99    9.26    9.00    9.56   10.04   10.14   10.07    9.73    9.51    9.49    9.24    8.79    7.87    7.56
  875.00   13.47   12.91   12.52   12.32   12.31   12.33   12.23   11.96   11.68   11.49   11.86   11.03   11.33   11.93   12.38   12.46   12.36   11.96   11.44   11.20   10.69   10.07    9.38    9.34
  900.00   15.12   14.68   14.29   13.94   13.76   13.68   13.60   13.39   13.05   12.80   13.34   13.09   13.62   14.27   14.66   14.73   14.59   14.11   13.45   13.08   12.60   11.96   11.37   11.25
  925.00   15.74   15.47   15.14   14.74   14.45   14.23   14.05   13.85   13.60   13.48   14.90   15.18   15.86   16.53   16.92   16.95   16.75   16.23   15.56   15.09   14.66   14.02   13.47   13.24
  950.00   16.03   15.75   15.48   15.14   14.80   14.49   14.21   14.09   14.36   14.80   16.73   17.38   18.12   18.78   19.02   18.93   18.63   18.04   17.43   16.88   16.44   15.82   15.35   15.02
  975.00   16.54   16.36   16.21   16.03   15.81   15.55   15.27   15.03   15.24   15.80   18.03   18.81   19.62   20.29   20.57   20.58   20.32   19.76   19.10   18.50   18.09   17.50   16.99   16.68
 1000.00   17.81   17.69   17.59   17.42   17.21   16.93   16.62   16.38   16.59   17.19   19.43   20.24   21.06   21.70   21.99   21.99   21.75   21.22   20.57   19.97   19.57   18.98   18.45   18.13
