#  level#  00:00#  01:00#  02:00#  03:00#  04:00#  05:00#  06:00#  07:00#  08:00#  09:00#  10:00#  11:00#  12:00#  13:00#  14:00#  15:00#  16:00#  17:00#  18:00#  19:00#  20:00#  21:00#  22:00#  23:00
    1.00  -11.37  -12.57  -13.51  -13.22  -12.92  -12.85  -11.65  -10.28  -11.02  -11.02  -11.49  -11.69  -12.01  -11.19   -9.48   -8.11   -8.81   -9.54  -10.47  -10.03   -9.17   -8.77   -8.37   -7.85
    2.00   -2.85   -3.10   -3.38   -4.16   -5.64   -6.39   -6.95   -7.01   -6.67   -7.03   -2.36    0.86    1.36    1.41   -0.30   -2.22   -4.09   -4.29   -4.85   -4.93   -4.98   -3.91   -3.55   -1.76
    3.00   -9.45  -10.41  -10.26  -10.31  -11.32  -13.38  -15.27  -16.17  -16.14  -16.98  -17.86  -18.79  -18.56  -17.70  -16.93  -15.61  -14.74  -13.38  -12.44  -10.89  -11.30  -12.08  -14.01  -15.72
   10.00  -49.22  -48.37  -49.11  -49.98  -51.13  -51.30  -50.98  -50.17  -50.46  -50.63  -51.21  -51.08  -49.87  -49.98  -49.55  -50.30  -50.87  -50.14  -48.80  -47.67  -46.46  -46.01  -46.39  -46.76
   20.00  -60.37  -60.14  -59.26  -59.39  -58.67  -57.92  -57.07  -57.04  -56.98  -56.34  -56.17  -56.69  -56.97  -57.12  -57.56  -57.47  -56.97  -57.38  -57.87  -58.16  -58.27  -57.93  -56.89  -56.98
   30.00  -57.39  -58.29  -58.62  -59.13  -59.57  -59.68  -60.06  -60.09  -59.86  -59.43  -58.68  -58.15  -58.15  -57.79  -57.92  -57.90  -56.96  -56.29  -56.35  -56.82  -57.59  -57.87  -58.39  -58.01
   50.00  -56.91  -56.70  -57.33  -57.19  -57.76  -58.11  -58.39  -58.73  -58.59  -58.28  -57.95  -57.70  -57.80  -57.96  -58.42  -58.87  -59.22  -59.48  -59.42  -58.56  -57.79  -57.41  -57.37  -57.68
   70.00  -60.70  -60.68  -61.10  -60.54  -60.35  -59.81  -58.59  -57.92  -58.10  -58.48  -58.02  -58.35  -58.61  -58.49  -58.01  -58.17  -58.78  -58.95  -58.95  -59.04  -59.09  -59.13  -58.12  -58.19
  100.00  -56.57  -56.31  -56.64  -57.05  -57.28  -57.88  -58.98  -59.25  -58.76  -58.26  -60.37  -60.22  -60.05  -60.56  -60.84  -60.56  -60.24  -59.98  -59.35  -58.53  -57.72  -56.97  -57.16  -57.05
  125.00  -55.29  -55.17  -55.39  -56.42  -57.00  -56.87  -56.24  -56.51  -56.93  -56.90  -56.89  -56.95  -56.55  -56.25  -56.48  -56.84  -57.17  -57.55  -57.38  -57.11  -57.23  -57.03  -56.62  -56.90
  150.00  -53.64  -54.80  -54.29  -53.51  -53.02  -53.28  -54.40  -55.97  -57.05  -57.42  -56.60  -56.49  -56.48  -56.51  -57.16  -57.70  -57.41  -57.14  -57.13  -57.43  -57.60  -58.05  -57.47  -57.33
  175.00  -54.18  -52.64  -52.24  -52.93  -53.52  -54.46  -55.89  -56.85  -57.69  -58.32  -57.26  -57.78  -58.53  -60.16  -60.85  -60.47  -59.68  -56.93  -58.87  -59.56  -58.77  -57.90  -56.98  -56.18
  200.00  -52.84  -52.24  -52.59  -54.17  -55.85  -58.42  -59.82  -59.83  -59.42  -59.44  -60.42  -61.48  -62.49  -63.02  -62.01  -62.86  -63.26  -63.58  -64.64  -62.33  -61.51  -60.18  -59.35  -58.60
  225.00  -51.97  -52.60  -52.95  -54.52  -56.98  -57.78  -57.09  -55.85  -56.22  -58.00  -58.77  -59.13  -60.16  -60.62  -60.75  -60.50  -60.82  -61.20  -61.37  -60.53  -59.16  -58.25  -58.50  -58.44
  250.00  -50.10  -50.90  -51.42  -52.70  -53.78  -54.43  -54.39  -54.11  -53.74  -53.27  -52.79  -53.39  -54.01  -54.29  -54.74  -54.63  -54.76  -55.24  -55.81  -56.19  -55.21  -55.24  -55.83  -55.99
  300.00  -44.33  -44.38  -45.26  -45.88  -45.63  -45.07  -44.97  -45.57  -46.09  -46.54  -46.05  -45.30  -44.28  -43.74  -44.18  -44.47  -45.07  -46.69  -46.48  -46.40  -46.84  -47.38  -47.73  -48.33
  350.00  -39.75  -39.94  -40.12  -39.34  -39.03  -38.61  -38.60  -39.04  -39.33  -39.17  -39.13  -38.86  -37.79  -37.33  -37.19  -36.64  -37.01  -37.43  -36.85  -37.81  -38.85  -38.92  -38.51  -39.13
  400.00  -36.24  -36.29  -35.43  -34.19  -33.83  -33.64  -33.33  -32.78  -31.76  -31.07  -30.75  -30.73  -31.01  -30.55  -30.30  -30.23  -30.10  -29.36  -29.04  -30.15  -30.75  -31.07  -30.61  -30.75
  450.00  -31.37  -32.02  -31.27  -29.44  -27.56  -26.75  -26.30  -26.11  -25.91  -25.82  -25.12  -24.77  -24.02  -24.22  -24.17  -23.53  -23.43  -22.83  -22.60  -23.19  -24.23  -24.45  -24.30  -24.80
  500.00  -26.78  -26.96  -26.46  -25.96  -24.09  -22.26  -20.83  -20.13  -20.06  -20.18  -20.07  -20.06  -19.61  -18.63  -18.23  -18.34  -17.97  -17.38  -16.94  -17.78  -18.23  -18.98  -19.14  -19.92
  550.00  -21.69  -21.56  -21.26  -20.91  -20.31  -19.36  -18.15  -16.76  -16.12  -15.84  -16.27  -15.76  -15.25  -15.23  -14.31  -14.18  -13.62  -13.26  -12.39  -12.54  -13.09  -13.84  -14.23  -14.36
  600.00  -16.06  -15.85  -15.83  -16.12  -16.38  -15.90  -15.75  -15.56  -15.09  -14.16  -14.08  -13.17  -12.24  -12.05  -11.79  -10.92  -10.35  -10.11   -8.95   -8.38   -8.90   -9.52   -9.56   -8.88
  650.00  -10.87  -10.88  -11.20  -11.82  -12.31  -12.03  -11.92  -12.00  -11.54  -10.94  -10.38   -9.67   -9.42   -9.09   -9.29   -8.66   -7.91   -7.63   -6.32   -5.19   -4.96   -5.60   -5.93   -4.61
  700.00   -6.13   -6.74   -7.25   -7.61   -8.03   -7.93   -7.94   -8.04   -7.62   -7.06   -6.00   -5.77   -5.83   -5.68   -5.93   -5.86   -5.35   -5.23   -4.13   -3.23   -1.78   -1.93   -3.17   -2.32
  750.00   -2.83   -3.41   -3.78   -3.90   -4.31   -4.30   -4.55   -4.71   -4.31   -3.53   -2.76   -2.98   -2.91   -2.80   -2.62   -2.17   -2.22   -2.32   -2.07   -1.79   -0.15    0.69    0.24    0.35
  775.00   -1.92   -2.29   -2.45   -2.38   -2.72   -2.81   -3.08   -3.22   -2.96   -2.10   -1.62   -1.79   -1.65   -1.56   -1.28   -0.84   -0.94   -0.93   -1.14   -1.11    0.11    1.40    1.60    1.81
  800.00   -1.51   -1.65   -1.57   -1.27   -1.41   -1.38   -1.56   -1.72   -1.67   -0.90   -0.63   -0.62   -0.58   -0.34   -0.11    0.14    0.06    0.28    0.20   -0.09    0.20    1.65    2.30    2.97
  825.00   -1.20   -1.18   -1.09   -0.70   -0.49   -0.21   -0.35   -0.41   -0.36    0.02    0.26    0.40    0.55    0.76    1.07    1.16    1.22    1.57    1.68    1.64    1.29    1.84    2.85    3.66
  850.00    0.21    0.09   -0.10   -0.01   -0.03    0.58    0.56    0.69    0.76    1.00    1.17    1.32    1.60    1.84    2.04    2.43    2.74    2.94    3.09    3.26    3.28    3.07    3.48    4.20
  875.00    2.11    1.87    1.74    1.59    1.55    1.51    1.57    1.49    1.50    1.87    1.83    1.74    2.10    2.49    2.78    3.26    3.63    3.81    3.96    4.31    4.59    4.61    4.70    4.91
  900.00    3.98    3.70    3.64    3.58    3.42    3.19    2.50    2.13    2.02    2.04    2.01    2.25    2.90    3.43    3.92    4.33    4.76    4.90    5.00    5.24    5.61    5.86    5.91    5.89
  925.00    3.81    3.45    3.07    2.84    2.38    2.10    1.94    1.86    1.90    2.07    2.70    3.44    4.14    4.63    5.11    5.66    6.02    6.18    6.28    6.38    6.77    7.20    7.21    7.20
  950.00    5.87    5.34    4.97    4.73    4.08    3.80    3.54    3.51    3.58    3.66    4.14    4.74    5.50    6.13    6.62    7.16    7.54    7.69    7.80    7.91    8.25    8.58    8.60    8.62
  975.00    7.30    6.75    6.38    6.15    5.50    5.23    4.95    4.91    4.99    5.08    5.57    6.15    6.89    7.51    7.99    8.55    8.92    9.07    9.19    9.31    9.64    9.98   10.03   10.03
 1000.00    8.69    8.15    7.76    7.49    6.82    6.54    6.26    6.23    6.30    6.39    6.88    7.47    8.23    8.86    9.35    9.91   10.28   10.43   10.56   10.68   11.02   11.37   11.41   11.41
