#  level#  00:00#  01:00#  02:00#  03:00#  04:00#  05:00#  06:00#  07:00#  08:00#  09:00#  10:00#  11:00#  12:00#  13:00#  14:00#  15:00#  16:00#  17:00#  18:00#  19:00#  20:00#  21:00#  22:00#  23:00
    1.00  -10.28  -12.18  -14.32  -15.61  -16.14  -15.66  -15.59  -15.37  -15.73  -16.40  -15.17  -13.29  -12.85  -12.67  -13.40  -13.80  -14.02  -13.94  -14.42  -14.61  -14.36  -12.89  -13.67  -14.48
    2.00  -13.96  -14.23  -14.42  -14.54  -14.30  -14.94  -16.03  -17.21  -17.39  -16.39  -14.09  -11.92  -11.17  -12.16  -13.32  -13.28  -13.74  -13.70  -12.88  -12.78  -12.20  -11.30  -10.46   -9.66
    3.00  -22.82  -22.74  -23.38  -25.56  -26.31  -25.80  -24.77  -25.22  -26.21  -26.09  -25.57  -24.03  -21.55  -18.36  -17.57  -17.06  -17.54  -18.49  -19.33  -20.06  -20.66  -20.64  -20.72  -20.26
   10.00  -49.68  -50.39  -50.23  -50.61  -51.43  -50.90  -48.85  -47.54  -47.42  -47.28  -47.43  -47.55  -47.24  -47.35  -47.36  -47.27  -46.75  -47.06  -47.70  -47.56  -47.05  -46.71  -46.35  -47.14
   20.00  -58.35  -57.97  -57.51  -57.54  -58.30  -58.67  -58.28  -57.35  -56.66  -56.65  -56.93  -56.81  -57.22  -57.69  -57.80  -57.94  -57.61  -56.52  -56.03  -57.28  -58.08  -57.71  -56.63  -56.53
   30.00  -61.30  -61.32  -61.31  -61.28  -61.24  -61.65  -62.35  -62.94  -62.93  -62.36  -61.23  -60.63  -60.48  -60.43  -60.24  -60.25  -60.77  -61.38  -61.07  -59.97  -59.83  -60.69  -62.00  -61.67
   50.00  -63.90  -63.77  -63.43  -63.24  -63.06  -62.93  -63.06  -63.21  -63.51  -63.61  -64.29  -64.23  -64.08  -63.59  -63.36  -63.12  -62.91  -63.02  -63.45  -63.75  -63.91  -63.62  -62.82  -62.97
   70.00  -64.18  -64.41  -64.61  -64.55  -64.20  -63.88  -63.68  -63.34  -63.26  -63.42  -63.38  -63.64  -63.98  -64.17  -64.28  -64.29  -64.10  -63.86  -63.83  -63.92  -64.05  -64.47  -64.57  -64.22
  100.00  -62.77  -63.02  -63.03  -62.86  -62.64  -62.44  -62.35  -62.20  -61.85  -61.59  -61.51  -61.43  -61.25  -61.15  -61.26  -61.27  -61.25  -61.26  -61.10  -60.94  -60.95  -60.90  -60.83  -61.31
  125.00  -61.10  -61.06  -60.81  -60.63  -60.58  -60.45  -60.25  -60.02  -59.66  -59.46  -59.69  -59.73  -59.53  -58.95  -58.51  -58.47  -58.47  -58.47  -58.37  -58.29  -58.48  -58.44  -58.26  -58.23
  150.00  -61.39  -61.24  -60.96  -60.63  -60.39  -60.16  -59.85  -59.61  -59.28  -58.46  -58.14  -58.06  -58.21  -58.21  -57.83  -57.20  -56.59  -56.27  -56.20  -55.81  -55.13  -54.67  -54.47  -54.52
  175.00  -63.51  -63.04  -62.47  -61.84  -61.21  -60.81  -60.51  -60.28  -60.27  -60.04  -59.39  -58.60  -57.97  -57.69  -57.47  -57.02  -56.31  -55.61  -55.09  -54.78  -54.17  -53.32  -52.40  -51.86
  200.00  -66.28  -66.18  -66.04  -66.06  -65.96  -65.80  -65.39  -64.44  -63.52  -63.03  -62.16  -61.36  -60.40  -59.43  -58.64  -58.03  -57.46  -57.02  -56.45  -55.87  -55.55  -55.17  -54.47  -53.54
  225.00  -63.59  -63.83  -64.01  -64.16  -64.30  -64.39  -64.44  -64.47  -64.43  -64.23  -63.36  -62.64  -61.87  -61.22  -60.86  -60.83  -60.83  -60.59  -59.89  -59.08  -58.73  -58.38  -57.88  -57.69
  250.00  -58.14  -58.24  -58.32  -58.41  -58.52  -58.60  -58.61  -58.59  -58.49  -58.39  -58.13  -58.15  -58.41  -58.98  -59.87  -60.56  -60.69  -60.66  -60.71  -60.57  -60.18  -59.88  -60.15  -60.27
  300.00  -48.43  -48.45  -48.43  -48.41  -48.35  -48.27  -48.30  -48.49  -48.71  -48.85  -49.08  -49.42  -49.77  -49.95  -49.89  -49.65  -49.50  -49.51  -49.72  -49.91  -50.00  -50.02  -49.62  -49.74
  350.00  -39.89  -39.84  -39.73  -39.64  -39.76  -40.01  -40.27  -40.48  -40.60  -40.65  -40.81  -40.72  -40.58  -40.41  -40.27  -40.20  -40.20  -40.19  -40.33  -40.35  -40.52  -40.71  -40.78  -40.79
  400.00  -32.30  -32.38  -32.46  -32.54  -32.66  -32.74  -32.79  -32.87  -33.03  -33.14  -33.20  -33.11  -32.93  -32.63  -32.37  -32.38  -32.57  -32.60  -32.52  -32.59  -32.79  -33.03  -32.99  -32.97
  450.00  -24.81  -24.99  -25.18  -25.34  -25.46  -25.51  -25.54  -25.61  -25.79  -26.00  -26.29  -26.36  -26.33  -26.17  -26.01  -26.03  -26.13  -26.16  -26.06  -26.04  -26.12  -26.27  -26.31  -26.13
  500.00  -18.52  -18.85  -19.13  -19.28  -19.32  -19.26  -19.24  -19.31  -19.58  -19.93  -20.21  -20.28  -20.46  -20.73  -21.07  -21.18  -21.04  -20.78  -20.63  -20.77  -20.91  -21.01  -21.60  -21.57
  550.00  -13.34  -13.61  -13.81  -13.99  -14.11  -14.13  -14.19  -14.32  -14.55  -14.85  -15.19  -15.32  -15.60  -15.92  -16.27  -16.59  -16.72  -16.75  -16.71  -16.77  -16.89  -16.97  -18.20  -18.16
  600.00   -8.47   -8.64   -8.87   -9.17   -9.42   -9.54   -9.66   -9.76   -9.87  -10.05  -10.44  -10.63  -10.92  -11.18  -11.41  -11.67  -12.00  -12.51  -13.06  -13.49  -13.69  -13.84  -14.71  -14.77
  650.00   -3.73   -3.88   -4.15   -4.49   -4.75   -4.93   -5.08   -5.20   -5.28   -5.41   -5.65   -5.87   -6.24   -6.58   -6.85   -7.15   -7.49   -7.98   -8.59   -9.20   -9.84  -10.35  -10.91  -11.00
  700.00    0.74    0.58    0.35    0.09   -0.15   -0.43   -0.76   -1.01   -1.12   -1.23   -1.28   -1.59   -2.03   -2.43   -2.76   -3.12   -3.49   -3.99   -4.53   -4.95   -5.41   -5.89   -6.19   -6.42
  750.00    4.77    4.64    4.47    4.23    3.88    3.41    2.92    2.57    2.44    2.37    2.35    2.00    1.56    1.20    0.88    0.47    0.12   -0.46   -1.25   -1.68   -2.00   -2.29   -2.35   -2.67
  775.00    6.54    6.41    6.21    5.95    5.55    5.07    4.60    4.27    4.13    4.04    3.99    3.72    3.37    3.05    2.71    2.29    1.81    0.94    0.13   -0.22   -0.45   -0.66   -0.70   -1.03
  800.00    8.12    7.95    7.73    7.46    7.10    6.69    6.31    6.02    5.85    5.70    5.74    5.59    5.28    4.93    4.55    4.01    3.15    2.33    1.74    1.51    1.33    0.97    0.76    0.38
  825.00    9.28    9.18    9.02    8.85    8.61    8.35    8.07    7.80    7.61    7.44    7.73    7.58    7.17    6.74    6.38    5.34    4.57    3.96    3.55    3.29    3.03    2.62    2.26    1.86
  850.00   10.32   10.39   10.37   10.30   10.21   10.09    9.89    9.63    9.40    9.19    9.76    9.39    8.87    8.52    7.74    6.82    6.26    5.87    5.34    4.96    4.64    4.22    3.78    3.35
  875.00   11.22   11.55   11.65   11.69   11.73   11.72   11.56   11.29   11.03   10.81   11.46   10.90   10.39    9.95    8.97    8.43    8.21    7.73    7.06    6.61    6.31    5.93    5.36    4.88
  900.00   12.09   12.51   12.55   12.57   12.74   12.84   12.74   12.54   12.32   12.09   12.51   11.89   11.34   10.77   10.60   10.51   10.22    9.58    8.74    8.25    7.91    7.48    6.74    6.19
  925.00   11.97   12.50   12.95   13.39   13.55   13.63   13.54   13.46   13.24   13.02   12.75   11.82   11.98   12.26   12.54   12.53   12.08   11.19   10.22    9.63    9.18    8.67    7.75    7.21
  950.00   12.24   12.53   12.68   12.97   13.04   12.99   12.90   12.81   12.66   12.47   11.83   12.85   13.35   14.12   14.64   14.51   13.80   12.50   11.24   10.43    9.87    9.35    8.46    7.98
  975.00   12.69   12.97   13.24   13.70   13.82   13.72   13.54   13.39   13.20   13.08   12.48   13.59   14.64   15.68   16.10   15.75   14.81   13.36   12.01   11.23   10.79   10.37    9.44    9.09
 1000.00   13.36   13.47   13.34   13.13   12.47   11.68   11.40   11.27   11.26   11.71   12.08   14.14   15.72   16.81   16.90   16.21   15.21   13.84   12.73   12.14   11.85   11.62   10.94   10.62
