#  level#  00:00#  01:00#  02:00#  03:00#  04:00#  05:00#  06:00#  07:00#  08:00#  09:00#  10:00#  11:00#  12:00#  13:00#  14:00#  15:00#  16:00#  17:00#  18:00#  19:00#  20:00#  21:00#  22:00#  23:00
    1.00  -30.59  -31.21  -29.26  -28.35  -27.20  -25.48  -24.55  -23.39  -21.20  -18.10  -16.45  -15.01  -13.64  -12.53  -12.45  -10.74  -11.06  -12.30  -13.60  -14.16  -15.37  -16.98  -17.24  -19.27
    2.00  -28.19  -31.07  -32.33  -32.85  -34.15  -34.84  -36.06  -37.06  -37.64  -37.67  -38.63  -38.86  -39.24  -36.06  -34.54  -33.35  -31.60  -31.75  -32.02  -32.01  -31.73  -30.73  -29.62  -28.30
    3.00  -35.45  -34.75  -35.79  -36.32  -37.41  -37.94  -38.86  -40.23  -41.36  -41.32  -40.15  -39.66  -41.04  -41.29  -42.57  -43.78  -44.67  -45.11  -45.24  -46.97  -46.35  -45.20  -45.41  -44.24
   10.00  -56.73  -57.31  -58.07  -58.37  -58.58  -58.49  -58.42  -58.42  -58.18  -57.94  -57.51  -57.28  -56.76  -56.76  -56.61  -56.55  -56.03  -55.89  -55.77  -55.61  -55.21  -55.13  -55.34  -54.67
   20.00  -60.11  -60.27  -60.26  -60.30  -60.86  -61.54  -61.68  -61.79  -61.82  -61.09  -60.60  -60.28  -59.75  -59.52  -59.33  -59.46  -60.16  -60.55  -60.27  -59.78  -59.83  -60.29  -61.04  -61.35
   30.00  -61.97  -62.09  -62.27  -62.77  -62.80  -63.69  -64.21  -63.80  -63.30  -62.90  -61.55  -61.57  -61.88  -62.31  -62.75  -62.78  -62.56  -62.11  -62.09  -62.38  -62.57  -62.70  -62.71  -62.33
   50.00  -63.18  -63.21  -63.09  -63.04  -63.43  -62.99  -62.71  -63.08  -63.09  -63.20  -63.97  -63.74  -63.41  -63.04  -62.87  -62.66  -62.63  -63.31  -64.11  -64.54  -64.50  -64.02  -64.01  -63.85
   70.00  -62.61  -63.05  -63.44  -63.34  -63.43  -63.30  -63.03  -62.47  -62.03  -61.66  -61.53  -61.79  -62.25  -62.54  -62.85  -63.12  -63.12  -62.92  -62.94  -63.03  -63.28  -63.20  -63.16  -63.50
  100.00  -61.07  -61.13  -61.39  -61.62  -61.59  -61.69  -61.74  -61.80  -61.79  -61.48  -61.05  -60.88  -61.03  -61.16  -61.08  -60.72  -60.43  -60.26  -60.12  -60.17  -60.24  -60.38  -59.99  -59.42
  125.00  -57.99  -58.20  -58.42  -58.32  -57.88  -57.66  -57.78  -57.88  -57.94  -57.99  -57.36  -57.00  -56.87  -57.00  -57.11  -57.11  -57.04  -56.99  -56.85  -56.85  -57.00  -57.45  -57.86  -57.94
  150.00  -55.91  -55.98  -56.18  -56.68  -56.97  -56.71  -56.54  -56.58  -56.73  -57.02  -57.42  -57.32  -57.10  -56.79  -56.31  -56.36  -56.84  -57.19  -57.16  -56.90  -56.95  -57.13  -57.55  -57.53
  175.00  -54.55  -54.90  -55.17  -55.28  -55.48  -55.91  -56.49  -56.65  -56.49  -56.38  -56.45  -56.84  -57.03  -57.21  -57.36  -57.29  -57.48  -57.96  -58.40  -58.62  -58.41  -58.19  -58.67  -58.96
  200.00  -54.31  -54.23  -54.49  -54.92  -55.55  -56.03  -56.31  -56.72  -57.32  -58.04  -58.47  -58.68  -58.80  -58.76  -58.92  -59.00  -59.14  -59.60  -59.86  -59.97  -59.93  -59.62  -59.35  -59.33
  225.00  -52.97  -53.02  -52.92  -53.12  -53.98  -54.77  -55.32  -55.79  -56.13  -56.50  -57.36  -57.78  -58.27  -58.69  -59.19  -59.45  -59.35  -59.37  -59.82  -60.36  -60.82  -61.16  -61.39  -61.57
  250.00  -51.00  -51.10  -51.40  -51.71  -52.24  -52.76  -53.17  -53.83  -54.56  -55.00  -55.31  -55.53  -56.00  -56.50  -57.14  -57.88  -58.34  -58.58  -58.87  -59.17  -59.37  -59.55  -59.57  -59.67
  300.00  -46.94  -47.01  -47.43  -48.29  -49.13  -49.62  -49.81  -49.69  -49.42  -49.42  -49.19  -49.14  -49.12  -49.18  -49.34  -49.51  -49.68  -49.84  -49.96  -50.02  -50.02  -50.01  -49.82  -49.81
  350.00  -40.55  -41.27  -41.75  -42.10  -42.27  -42.15  -41.96  -41.87  -41.76  -41.71  -41.90  -41.87  -41.75  -41.54  -41.26  -41.08  -41.05  -41.08  -41.13  -41.23  -41.26  -41.16  -41.27  -41.19
  400.00  -34.96  -34.79  -34.51  -34.26  -34.04  -33.75  -33.61  -33.70  -33.70  -33.43  -33.56  -33.68  -33.87  -34.00  -33.99  -33.82  -33.61  -33.45  -33.37  -33.35  -33.31  -33.27  -33.50  -33.57
  450.00  -28.14  -27.54  -27.19  -26.92  -26.65  -26.39  -26.23  -26.37  -26.54  -26.36  -26.46  -26.50  -26.64  -26.77  -26.83  -26.83  -26.78  -26.67  -26.57  -26.48  -26.39  -26.38  -26.46  -26.54
  500.00  -21.66  -21.28  -20.92  -20.60  -20.17  -20.00  -19.99  -20.05  -20.27  -20.21  -20.31  -20.36  -20.58  -20.80  -20.94  -20.95  -20.83  -20.67  -20.58  -20.51  -20.42  -20.36  -20.14  -20.30
  550.00  -16.00  -16.05  -15.85  -15.17  -14.66  -14.49  -14.61  -14.58  -14.80  -14.92  -14.99  -14.95  -15.04  -15.22  -15.46  -15.63  -15.67  -15.61  -15.58  -15.58  -15.58  -15.53  -15.36  -15.41
  600.00  -11.22  -11.27  -11.19  -10.91  -10.47  -10.42  -10.63  -10.26  -10.20  -10.50  -10.58  -10.50  -10.36  -10.30  -10.42  -10.60  -10.70  -10.75  -10.80  -10.87  -10.92  -10.96  -10.81  -10.73
  650.00   -7.05   -7.19   -7.11   -7.00   -7.00   -7.05   -7.04   -6.92   -6.73   -6.90   -6.99   -6.88   -6.52   -6.18   -6.09   -6.21   -6.34   -6.40   -6.46   -6.56   -6.65   -6.67   -6.23   -6.14
  700.00   -3.81   -4.08   -4.06   -4.01   -4.16   -4.33   -4.18   -4.39   -4.23   -4.09   -4.07   -4.00   -3.84   -3.60   -3.47   -3.50   -3.62   -3.76   -3.91   -4.21   -4.55   -4.70   -5.21   -4.91
  750.00   -1.57   -1.32   -1.25   -1.44   -1.76   -1.98   -1.98   -2.33   -2.20   -1.90   -1.49   -1.54   -2.03   -2.53   -2.65   -2.81   -2.92   -2.94   -2.82   -2.44   -2.02   -1.90   -2.31   -2.56
  775.00   -0.46   -0.15    0.01   -0.01   -0.21   -0.39   -0.45   -0.95   -1.06   -0.84   -0.46   -0.42   -0.69   -0.73   -0.82   -0.95   -1.17   -1.09   -1.09   -0.84   -0.57   -0.33   -0.77   -1.16
  800.00    0.96    1.22    1.44    1.60    1.51    1.31    1.22    0.63    0.29    0.47    0.56    1.00    0.92    0.92    0.81    0.67    0.62    0.66    0.69    0.63    0.62    0.94    0.56    0.19
  825.00    2.72    2.95    3.12    3.25    3.13    2.96    2.86    2.42    1.94    1.99    2.09    2.60    2.63    2.69    2.54    2.50    2.48    2.40    2.27    2.09    1.93    2.05    1.60    1.50
  850.00    4.37    4.59    4.77    4.81    4.75    4.71    4.66    4.33    3.78    3.73    3.93    4.29    4.37    4.38    4.35    4.36    4.25    4.15    3.99    3.83    3.73    3.71    3.24    3.28
  875.00    5.59    5.93    6.19    6.38    6.35    6.18    6.19    6.04    5.58    5.40    5.88    5.99    6.09    6.14    6.27    6.26    6.13    5.99    5.77    5.62    5.53    5.33    5.20    5.16
  900.00    7.06    7.31    7.49    7.67    7.67    7.63    7.67    7.71    7.41    7.21    7.76    7.68    7.88    8.14    8.16    8.15    8.06    7.84    7.52    7.22    6.94    6.75    6.87    6.82
  925.00    9.03    9.18    9.34    9.42    9.43    9.30    9.25    9.31    9.19    9.05    9.50    9.67    9.91   10.11   10.17   10.19    9.99    9.63    9.20    8.78    8.52    8.16    8.31    8.27
  950.00   10.78   10.82   10.85   10.87   10.88   10.85   10.87   10.94   10.96   10.89   11.13   11.65   11.91   12.25   12.34   12.32   11.96   11.42   10.90   10.41   10.24   10.00    9.81    9.70
  975.00   12.39   12.33   12.34   12.36   12.39   12.41   12.43   12.47   12.52   12.59   12.80   13.32   13.65   14.04   14.16   14.09   13.70   13.09   12.53   11.99   11.72   11.41   10.93   10.81
 1000.00   14.02   13.89   13.84   13.76   13.76   13.97   14.03   14.00   14.04   14.15   14.19   14.84   15.24   15.66   15.76   15.68   15.28   14.69   14.17   13.71   13.50   13.26   12.64   12.58
