#  level#  00:00#  01:00#  02:00#  03:00#  04:00#  05:00#  06:00#  07:00#  08:00#  09:00#  10:00#  11:00#  12:00#  13:00#  14:00#  15:00#  16:00#  17:00#  18:00#  19:00#  20:00#  21:00#  22:00#  23:00
    1.00  -13.83  -12.47  -12.54  -13.54  -15.80  -17.80  -19.42  -20.18  -20.37  -20.15  -17.60  -15.65  -13.16  -11.83  -11.09  -11.45  -13.62  -14.63  -15.33  -16.50  -15.86  -14.61  -14.20  -12.63
    2.00  -11.20  -11.66  -13.34  -14.49  -15.54  -15.65  -16.33  -15.31  -14.00  -14.37  -13.95  -13.66  -13.93  -14.95  -15.41  -13.46  -10.95   -9.21   -9.14   -9.91  -11.51  -12.69  -12.25  -12.12
    3.00  -18.07  -16.68  -16.42  -16.37  -17.53  -18.72  -19.25  -19.64  -19.88  -19.80  -19.63  -19.93  -19.41  -18.62  -18.49  -19.35  -19.01  -18.43  -18.21  -17.62  -16.61  -16.51  -17.83  -16.87
   10.00  -43.93  -44.37  -44.68  -45.20  -45.72  -44.96  -44.61  -45.32  -45.46  -45.15  -44.32  -43.09  -42.72  -43.39  -43.34  -42.67  -42.49  -42.82  -43.31  -43.74  -43.38  -43.13  -42.76  -42.27
   20.00  -54.80  -54.73  -55.11  -55.22  -55.65  -56.40  -57.28  -57.58  -57.61  -56.56  -54.66  -53.87  -52.58  -52.68  -53.17  -53.73  -53.89  -54.19  -54.65  -54.25  -53.69  -53.14  -53.01  -53.19
   30.00  -59.47  -59.73  -60.65  -61.22  -61.16  -60.72  -59.85  -58.47  -57.37  -56.97  -56.94  -57.46  -57.29  -56.98  -56.71  -56.89  -57.26  -57.26  -57.38  -57.48  -57.18  -56.52  -55.62  -55.77
   50.00  -56.89  -57.06  -56.63  -56.21  -55.88  -55.42  -55.11  -55.38  -55.38  -55.78  -56.22  -56.52  -57.22  -57.60  -57.61  -57.60  -58.05  -58.17  -58.12  -57.78  -57.54  -57.49  -57.16  -57.23
   70.00  -52.86  -53.34  -53.80  -54.23  -54.42  -54.37  -54.49  -54.84  -55.12  -55.25  -55.56  -55.81  -55.43  -55.63  -56.37  -56.84  -57.06  -57.19  -57.36  -57.55  -57.67  -58.05  -59.18  -59.52
  100.00  -54.06  -54.34  -54.77  -55.27  -55.79  -56.10  -55.82  -55.39  -56.03  -56.51  -56.50  -56.74  -57.02  -57.37  -57.64  -58.07  -58.60  -58.81  -58.87  -59.22  -59.52  -59.45  -59.75  -59.68
  125.00  -54.11  -54.58  -54.79  -54.36  -54.27  -54.53  -54.94  -54.91  -54.44  -54.81  -55.18  -55.38  -55.45  -55.57  -55.73  -55.73  -55.87  -55.68  -55.41  -54.85  -54.27  -53.92  -53.58  -53.71
  150.00  -51.98  -52.36  -53.45  -53.83  -53.72  -53.51  -53.28  -53.56  -53.70  -53.63  -54.24  -54.43  -54.64  -54.53  -54.41  -53.97  -53.43  -52.90  -52.20  -51.49  -51.42  -50.98  -50.38  -49.74
  175.00  -52.16  -52.41  -52.70  -52.81  -52.84  -53.33  -53.88  -54.16  -54.76  -54.94  -55.02  -54.70  -54.72  -54.70  -54.68  -54.49  -53.57  -52.95  -52.24  -52.45  -52.05  -50.79  -50.31  -49.18
  200.00  -52.94  -52.61  -52.50  -53.32  -54.01  -54.83  -55.76  -56.17  -55.75  -55.88  -55.70  -55.49  -55.58  -55.59  -55.28  -55.26  -54.89  -54.22  -54.44  -54.44  -53.90  -53.16  -52.49  -51.35
  225.00  -54.57  -54.98  -55.80  -56.52  -57.23  -57.11  -56.85  -56.49  -57.03  -57.61  -57.92  -57.99  -57.48  -57.36  -57.34  -56.40  -55.85  -54.94  -54.15  -53.04  -52.52  -52.65  -53.10  -54.19
  250.00  -57.01  -56.81  -56.52  -56.10  -56.02  -56.14  -56.61  -56.69  -56.54  -56.19  -55.72  -56.41  -56.78  -56.62  -56.28  -55.98  -55.54  -54.87  -53.54  -52.21  -52.03  -52.96  -53.40  -54.65
  300.00  -49.84  -50.07  -50.34  -50.62  -50.66  -50.23  -49.19  -48.73  -48.42  -48.41  -48.19  -48.19  -48.11  -48.25  -48.24  -48.42  -48.75  -48.98  -49.07  -48.43  -48.37  -48.54  -49.04  -48.68
  350.00  -42.13  -41.63  -41.42  -41.57  -42.02  -42.48  -42.52  -42.28  -41.56  -39.50  -38.69  -38.53  -38.56  -38.63  -38.46  -38.82  -39.41  -39.98  -40.33  -40.71  -40.59  -40.75  -40.92  -40.66
  400.00  -37.06  -36.56  -35.57  -34.93  -34.84  -34.56  -34.34  -34.08  -33.82  -33.76  -33.40  -32.16  -31.48  -31.50  -31.40  -31.37  -31.49  -31.85  -32.60  -33.24  -33.30  -33.56  -33.79  -33.97
  450.00  -32.22  -31.73  -31.00  -29.94  -29.10  -28.52  -27.88  -27.27  -27.15  -27.19  -26.95  -26.31  -25.79  -25.21  -24.92  -25.02  -24.86  -24.81  -25.58  -26.30  -26.83  -26.96  -27.12  -27.50
  500.00  -25.98  -25.79  -25.50  -25.14  -24.54  -23.44  -22.69  -22.25  -21.80  -21.48  -20.83  -20.36  -20.27  -20.00  -19.78  -19.62  -19.47  -19.08  -19.38  -20.21  -20.94  -20.82  -21.02  -21.46
  550.00  -19.88  -19.74  -19.63  -19.59  -19.58  -19.35  -18.70  -18.07  -17.47  -16.93  -15.74  -15.30  -15.21  -15.01  -15.17  -14.98  -14.80  -14.69  -14.53  -14.93  -15.51  -15.69  -15.82  -16.21
  600.00  -14.93  -14.75  -14.65  -14.61  -14.61  -14.74  -14.92  -14.85  -14.25  -13.30  -12.12  -11.63  -11.17  -10.76  -11.09  -10.83  -10.73  -10.70  -10.92  -10.86  -10.91  -11.28  -11.52  -12.10
  650.00  -11.08  -11.09  -11.10  -10.93  -10.64  -10.62  -10.76  -10.88  -10.91  -10.41   -9.66   -8.61   -7.95   -7.50   -7.40   -7.25   -7.24   -7.19   -7.38   -7.44   -7.50   -7.69   -7.66   -7.89
  700.00   -7.93   -8.03   -8.23   -8.19   -7.99   -7.97   -7.92   -7.82   -7.68   -7.50   -7.29   -6.09   -5.20   -4.64   -4.15   -4.08   -4.03   -4.18   -3.93   -4.21   -4.32   -4.25   -4.30   -4.28
  750.00   -4.93   -5.07   -5.18   -5.15   -5.15   -5.20   -5.17   -5.07   -4.93   -4.80   -4.53   -3.76   -3.15   -2.25   -1.63   -1.46   -1.41   -1.43   -1.21   -1.10   -1.24   -1.34   -1.33   -1.31
  775.00   -3.41   -3.54   -3.57   -3.50   -3.50   -3.63   -3.60   -3.49   -3.35   -3.28   -3.03   -2.42   -2.07   -1.21   -0.51   -0.43   -0.34   -0.25   -0.05    0.19    0.23   -0.21   -0.40   -0.16
  800.00   -1.86   -1.94   -1.92   -1.81   -1.80   -1.91   -1.91   -1.85   -1.69   -1.61   -1.69   -1.11   -0.80   -0.05    0.54    0.52    0.59    0.66    0.76    1.19    1.32    0.83    0.68    1.27
  825.00   -0.35   -0.36   -0.30   -0.20   -0.16   -0.20   -0.18   -0.14   -0.01    0.06   -0.45    0.02    0.51    0.91    1.41    1.61    1.67    1.72    1.91    2.32    2.54    2.36    2.09    2.41
  850.00    1.12    1.21    1.34    1.42    1.44    1.41    1.42    1.46    1.58    1.63    1.09    1.21    1.82    1.80    2.45    3.56    3.63    3.47    3.25    3.78    3.97    3.75    2.94    2.95
  875.00    2.79    2.85    2.98    3.03    3.03    3.04    3.07    3.10    3.23    3.44    3.12    2.74    3.18    3.46    3.86    5.05    5.62    5.83    5.60    5.30    5.33    4.99    3.68    3.54
  900.00    4.37    4.34    4.36    4.51    4.52    4.55    4.62    4.73    4.80    4.91    4.68    4.79    5.10    5.31    5.59    6.51    7.17    7.53    7.44    6.93    6.52    5.97    4.71    4.54
  925.00    6.04    5.88    5.80    5.87    5.98    6.10    6.17    6.16    6.16    6.08    6.69    6.89    7.12    7.41    7.67    8.12    8.74    9.17    9.19    8.61    7.91    7.29    6.18    6.13
  950.00    7.77    7.62    7.51    7.51    7.59    7.67    7.69    7.68    7.62    7.86    8.57    8.91    9.25    9.53    9.65    9.78   10.07   10.30   10.35    9.85    9.25    8.87    7.96    7.91
  975.00    9.32    9.16    9.05    9.04    9.10    9.21    9.32    9.32    9.24    9.28   10.02   10.37   10.75   11.05   11.11   11.07   11.32   11.54   11.62   11.12   10.56   10.20    9.38    9.33
 1000.00   10.94   10.82   10.72   10.70   10.72   10.76   10.72   10.57   10.46   10.77   11.66   11.93   12.18   12.47   12.48   12.40   12.61   12.83   12.93   12.44   11.87   11.53   10.80   10.73
