#  level#  00:00#  01:00#  02:00#  03:00#  04:00#  05:00#  06:00#  07:00#  08:00#  09:00#  10:00#  11:00#  12:00#  13:00#  14:00#  15:00#  16:00#  17:00#  18:00#  19:00#  20:00#  21:00#  22:00#  23:00
    1.00  -10.86  -13.04  -15.12  -14.96  -15.87  -17.30  -17.89  -18.05  -17.44  -16.05  -12.37  -11.24  -10.53  -10.46   -9.72   -9.03   -8.85   -9.15   -9.48  -10.07  -11.10  -12.98  -13.58  -14.30
    2.00  -15.08  -17.26  -19.66  -21.17  -22.05  -23.32  -24.17  -25.52  -26.64  -26.77  -26.10  -25.43  -22.92  -21.32  -19.73  -19.41  -19.15  -18.47  -17.69  -15.32  -13.19  -12.24  -14.47  -17.22
    3.00  -30.23  -31.85  -34.25  -35.00  -34.02  -33.64  -32.87  -33.30  -33.74  -33.93  -34.84  -36.14  -37.12  -37.95  -37.67  -37.03  -37.13  -36.89  -37.11  -36.90  -35.24  -32.26  -31.36  -32.24
   10.00  -63.20  -63.60  -63.91  -64.34  -65.04  -65.07  -64.51  -63.48  -62.86  -62.94  -62.88  -63.04  -63.38  -63.00  -62.29  -62.31  -62.77  -62.57  -62.68  -62.46  -63.21  -64.37  -64.91  -64.55
   20.00  -64.70  -64.69  -64.51  -65.12  -65.69  -65.93  -65.92  -66.27  -66.64  -66.26  -66.41  -66.39  -66.43  -66.38  -66.07  -66.41  -66.81  -66.84  -66.78  -66.55  -65.82  -65.23  -65.83  -65.72
   30.00  -64.66  -64.52  -64.74  -64.50  -64.72  -65.56  -65.69  -65.55  -65.49  -65.42  -65.43  -65.35  -65.19  -65.54  -65.79  -65.53  -65.01  -64.86  -65.13  -65.47  -65.39  -65.39  -65.78  -66.05
   50.00  -63.12  -63.16  -63.24  -63.43  -63.52  -63.32  -63.54  -63.98  -63.90  -63.54  -63.18  -63.10  -63.38  -63.81  -64.19  -64.04  -63.78  -64.44  -64.92  -64.51  -63.99  -63.71  -64.35  -64.59
   70.00  -62.98  -62.84  -62.85  -63.09  -63.17  -63.21  -63.12  -62.98  -63.18  -63.48  -62.97  -62.88  -62.65  -62.36  -62.27  -62.84  -63.15  -62.90  -62.69  -62.59  -63.08  -63.72  -63.38  -62.73
  100.00  -61.98  -61.74  -61.41  -61.29  -61.67  -62.03  -62.38  -62.65  -62.43  -62.13  -62.14  -61.86  -61.49  -61.77  -62.09  -62.35  -62.42  -62.20  -62.33  -62.67  -62.62  -62.34  -61.87  -61.76
  125.00  -61.85  -62.12  -62.39  -62.37  -62.03  -61.90  -61.92  -62.30  -62.86  -63.29  -62.78  -63.31  -63.38  -62.91  -62.07  -61.85  -62.28  -62.19  -61.61  -61.62  -62.01  -62.21  -62.62  -62.67
  150.00  -59.95  -60.03  -60.37  -60.88  -61.36  -61.64  -61.53  -61.34  -61.25  -61.18  -61.21  -61.56  -62.19  -62.68  -62.67  -62.28  -62.16  -62.22  -62.08  -61.79  -61.44  -61.25  -61.64  -61.95
  175.00  -59.68  -59.69  -60.00  -60.15  -60.07  -60.13  -60.18  -60.04  -59.94  -59.90  -59.69  -59.55  -59.84  -60.47  -61.00  -61.07  -60.85  -60.70  -60.51  -60.46  -60.58  -60.61  -60.79  -60.33
  200.00  -59.88  -59.93  -60.03  -59.93  -59.56  -59.11  -58.89  -58.89  -59.17  -59.69  -60.06  -60.34  -60.56  -60.81  -61.06  -61.09  -60.82  -60.42  -59.92  -59.26  -58.77  -58.47  -58.20  -58.10
  225.00  -58.77  -58.59  -58.50  -58.52  -58.51  -58.49  -58.43  -58.01  -57.27  -56.85  -56.68  -56.42  -56.22  -56.21  -56.33  -56.59  -56.72  -56.91  -57.15  -57.23  -57.15  -56.95  -56.33  -55.49
  250.00  -54.68  -54.76  -54.55  -54.76  -55.21  -55.65  -55.97  -55.96  -55.74  -55.25  -54.78  -54.00  -53.05  -52.48  -52.40  -52.54  -52.63  -52.68  -52.76  -52.84  -53.02  -53.29  -53.26  -53.07
  300.00  -45.07  -45.25  -45.59  -45.90  -46.09  -46.19  -46.22  -46.33  -46.52  -46.75  -46.98  -47.21  -47.30  -47.22  -47.04  -47.04  -47.26  -47.53  -47.80  -47.97  -47.56  -46.75  -46.34  -46.30
  350.00  -37.34  -37.46  -37.67  -37.89  -38.13  -38.25  -38.32  -38.35  -38.25  -38.21  -38.54  -38.61  -38.67  -38.64  -38.36  -38.11  -38.12  -38.28  -38.40  -38.40  -38.50  -38.78  -38.88  -38.78
  400.00  -31.34  -31.38  -31.62  -31.75  -31.73  -31.57  -31.48  -31.50  -31.46  -31.33  -31.25  -31.15  -31.21  -31.26  -31.17  -31.09  -31.09  -31.10  -31.12  -31.11  -31.02  -31.05  -31.23  -31.33
  450.00  -24.83  -24.84  -24.94  -25.01  -25.06  -25.04  -24.98  -24.99  -24.88  -24.61  -24.54  -24.41  -24.44  -24.48  -24.46  -24.41  -24.34  -24.30  -24.33  -24.51  -24.71  -24.83  -25.15  -25.34
  500.00  -18.94  -18.83  -18.72  -18.62  -18.55  -18.49  -18.48  -18.57  -18.59  -18.51  -18.53  -18.38  -18.26  -18.20  -18.19  -18.28  -18.41  -18.65  -18.89  -19.15  -19.44  -19.65  -20.22  -20.36
  550.00  -13.23  -13.18  -13.12  -13.06  -12.99  -12.90  -12.87  -12.98  -13.05  -13.03  -13.19  -13.12  -13.09  -13.09  -13.05  -13.13  -13.32  -13.55  -13.79  -14.10  -14.41  -14.66  -15.08  -15.18
  600.00   -8.96   -8.57   -8.30   -8.21   -8.16   -8.14   -8.15   -8.23   -8.30   -8.33   -8.59   -8.55   -8.53   -8.55   -8.54   -8.62   -8.77   -8.84   -8.95   -9.23   -9.60   -9.89  -10.20  -10.38
  650.00   -6.64   -6.20   -5.55   -5.06   -4.82   -4.65   -4.38   -4.17   -4.02   -3.94   -4.16   -4.10   -4.02   -3.97   -3.95   -4.04   -4.19   -4.25   -4.31   -4.52   -4.84   -5.09   -5.35   -5.63
  700.00   -3.96   -3.76   -3.29   -2.77   -2.43   -2.27   -1.97   -1.52   -1.06   -0.73   -0.82   -0.49   -0.19    0.03    0.15    0.13   -0.05   -0.13   -0.14   -0.20   -0.32   -0.47   -0.72   -0.87
  750.00   -0.68   -0.69   -0.50   -0.17    0.13    0.27    0.39    0.64    0.99    1.38    1.51    2.14    2.68    3.05    3.37    3.58    3.57    3.54    3.57    3.62    3.75    3.85    3.77    3.78
  775.00    0.90    0.86    0.94    1.23    1.51    1.66    1.75    1.89    2.08    2.38    2.67    3.27    3.86    4.30    4.70    5.02    5.14    5.16    5.21    5.36    5.57    5.79    5.87    5.94
  800.00    2.37    2.29    2.34    2.60    2.86    3.01    3.12    3.21    3.30    3.48    3.93    4.34    4.85    5.31    5.79    6.22    6.48    6.60    6.66    6.86    7.21    7.55    7.77    7.91
  825.00    3.88    3.74    3.73    3.91    4.13    4.27    4.38    4.47    4.49    4.60    5.14    5.35    5.71    6.13    6.61    7.16    7.50    7.71    7.83    8.07    8.56    9.10    9.53    9.73
  850.00    5.26    5.15    5.14    5.28    5.45    5.56    5.64    5.72    5.74    5.79    6.32    6.39    6.63    6.99    7.54    7.88    8.27    8.51    8.67    9.01    9.63   10.33   11.08   11.36
  875.00    6.37    6.27    6.26    6.45    6.69    6.86    6.98    7.06    7.05    7.09    7.52    7.59    7.80    8.09    8.52    8.80    9.20    9.43    9.62    9.94   10.54   11.32   12.28   12.71
  900.00    6.99    6.81    6.93    7.21    7.56    7.85    8.12    8.29    8.34    8.35    8.74    8.83    9.05    9.38    9.69    9.72   10.03   10.54   10.92   11.27   11.75   12.37   13.24   13.77
  925.00    7.52    7.39    7.43    7.75    8.16    8.57    8.85    9.07    9.13    9.19    9.65    9.90   10.29   10.08   10.07   10.59   11.25   11.75   12.12   12.54   13.04   13.55   14.02   14.50
  950.00    8.29    8.23    8.35    8.65    9.03    9.31    9.53    9.69    9.80    9.85   10.11    9.76    9.84   10.82   11.62   12.11   12.54   12.92   13.21   13.58   14.14   14.70   14.99   15.51
  975.00    9.46    9.37    9.28    9.17    9.20    9.19    9.04    8.67    8.26    8.71    9.50   10.41   11.34   11.88   12.73   13.40   13.55   13.50   13.34   13.18   13.14   13.18   13.09   13.33
 1000.00   11.17   11.10   11.09   11.10   11.20   11.35   11.41   11.28   11.09   10.93   10.13   10.63   11.87   13.17   14.05   14.60   14.73   14.67   14.62   14.76   15.08   15.42   15.43   15.98
