#  level#  00:00#  01:00#  02:00#  03:00#  04:00#  05:00#  06:00#  07:00#  08:00#  09:00#  10:00#  11:00#  12:00#  13:00#  14:00#  15:00#  16:00#  17:00#  18:00#  19:00#  20:00#  21:00#  22:00#  23:00
    1.00   -7.41   -8.40  -10.18  -11.96  -12.83  -11.46   -8.90   -5.88   -4.99   -5.50   -6.42   -7.24   -8.13   -7.45   -6.80   -6.16   -6.33   -6.44   -6.55   -6.48   -5.12   -5.01   -5.96   -7.04
    2.00  -13.13  -13.52  -15.12  -17.03  -20.18  -22.59  -23.94  -23.26  -21.52  -18.04  -15.94  -14.33  -15.18  -16.77  -17.70  -16.67  -16.72  -15.56  -15.13  -14.58  -13.71  -12.18  -10.86   -9.36
    3.00  -27.46  -26.37  -26.52  -26.15  -26.45  -27.95  -30.55  -32.14  -32.18  -31.45  -30.67  -28.03  -25.90  -24.23  -24.80  -25.88  -26.72  -26.51  -26.84  -27.97  -29.13  -28.36  -28.23  -27.69
   10.00  -51.40  -51.67  -51.38  -49.91  -48.96  -48.43  -47.75  -46.90  -46.52  -46.89  -47.80  -48.66  -49.46  -49.45  -48.90  -48.48  -48.38  -48.52  -48.56  -48.25  -48.30  -48.56  -49.28  -50.03
   20.00  -54.85  -54.62  -54.62  -54.54  -54.67  -55.06  -55.39  -55.38  -54.62  -53.85  -53.70  -53.32  -53.82  -54.75  -55.36  -55.88  -56.07  -55.53  -55.23  -55.33  -55.25  -54.60  -53.44  -53.54
   30.00  -58.35  -58.56  -58.52  -58.61  -58.65  -58.73  -58.78  -58.79  -58.56  -58.44  -58.81  -59.18  -58.60  -57.64  -56.79  -56.74  -57.32  -58.10  -58.80  -58.80  -58.08  -57.64  -58.27  -58.83
   50.00  -62.58  -62.39  -62.62  -63.15  -63.45  -63.40  -63.55  -63.48  -63.56  -63.39  -62.35  -61.80  -62.08  -62.88  -63.40  -63.54  -63.25  -62.55  -62.04  -62.17  -62.77  -63.36  -63.28  -63.37
   70.00  -65.26  -65.44  -64.87  -64.26  -64.30  -64.18  -64.52  -65.16  -65.54  -65.91  -65.91  -65.72  -64.86  -64.36  -64.16  -64.15  -64.53  -65.07  -65.52  -65.68  -65.74  -65.75  -65.29  -65.22
  100.00  -63.73  -63.58  -63.69  -63.57  -63.69  -63.89  -63.82  -63.71  -63.57  -63.48  -64.12  -64.41  -64.46  -64.30  -64.72  -65.10  -65.24  -65.10  -64.80  -64.48  -64.21  -64.10  -64.20  -64.58
  125.00  -62.47  -62.44  -62.57  -62.63  -62.61  -62.78  -62.85  -62.79  -62.75  -62.69  -62.87  -63.29  -63.84  -64.16  -64.55  -64.96  -65.32  -65.69  -66.28  -66.84  -66.85  -66.28  -66.25  -66.19
  150.00  -59.88  -59.74  -59.67  -59.75  -59.76  -59.90  -59.87  -59.69  -60.05  -60.40  -60.27  -60.60  -61.30  -61.47  -61.53  -61.91  -62.28  -62.32  -62.28  -62.52  -62.84  -62.76  -62.60  -62.61
  175.00  -55.86  -56.17  -56.55  -56.87  -57.13  -57.50  -58.05  -58.24  -58.31  -58.51  -58.08  -57.89  -57.96  -57.51  -56.94  -56.71  -56.80  -56.72  -56.47  -56.36  -56.76  -57.42  -58.09  -58.62
  200.00  -52.18  -52.50  -53.19  -53.83  -54.40  -54.94  -55.42  -55.47  -55.08  -54.67  -53.79  -53.19  -52.91  -52.68  -52.26  -51.81  -51.80  -51.95  -51.98  -51.99  -52.62  -53.63  -54.41  -54.97
  225.00  -49.76  -49.85  -50.30  -51.06  -51.69  -51.61  -51.35  -51.40  -51.11  -50.67  -49.88  -49.00  -48.47  -48.51  -48.54  -48.36  -48.54  -49.05  -49.69  -50.18  -50.53  -50.74  -50.84  -51.19
  250.00  -47.52  -47.65  -47.71  -47.88  -48.11  -48.15  -47.94  -47.77  -47.48  -47.16  -46.66  -45.94  -45.32  -45.29  -45.31  -45.22  -45.39  -45.84  -46.22  -46.40  -46.48  -46.57  -46.75  -46.92
  300.00  -42.08  -41.98  -41.76  -41.22  -40.47  -39.80  -39.47  -39.44  -39.61  -39.68  -39.29  -39.21  -39.13  -38.82  -38.05  -37.56  -37.11  -36.76  -36.62  -36.61  -36.60  -36.76  -37.35  -37.87
  350.00  -38.19  -38.06  -37.84  -37.64  -37.19  -36.46  -35.62  -34.70  -33.82  -33.22  -33.37  -33.04  -32.81  -32.50  -32.06  -31.31  -30.65  -29.80  -29.11  -28.81  -28.73  -29.10  -29.26  -29.51
  400.00  -31.75  -31.64  -31.53  -31.28  -31.05  -30.89  -30.74  -30.60  -30.41  -29.97  -29.95  -29.22  -28.13  -27.02  -26.34  -26.04  -25.88  -26.00  -26.13  -26.32  -26.74  -27.19  -27.16  -26.53
  450.00  -24.46  -24.29  -24.22  -24.16  -24.06  -23.93  -23.92  -24.09  -24.27  -24.31  -24.46  -24.13  -23.73  -23.20  -22.82  -22.49  -22.35  -22.64  -23.04  -23.47  -23.92  -24.26  -24.31  -24.05
  500.00  -18.04  -17.81  -17.64  -17.48  -17.37  -17.38  -17.54  -17.83  -18.18  -18.52  -18.76  -18.76  -18.83  -18.88  -19.34  -19.78  -19.90  -19.99  -20.12  -19.97  -19.71  -19.38  -18.78  -18.43
  550.00  -12.27  -12.14  -12.07  -11.97  -11.87  -11.95  -12.26  -12.64  -12.90  -13.33  -13.57  -13.94  -14.41  -14.84  -15.50  -16.18  -16.34  -16.25  -16.07  -15.60  -15.03  -14.42  -13.68  -13.02
  600.00   -7.74   -7.69   -7.77   -7.81   -7.78   -7.93   -8.30   -8.69   -8.78   -9.01   -9.21   -9.88  -10.72  -11.52  -12.15  -12.73  -12.91  -12.59  -12.11  -11.42  -10.68   -9.89   -9.17   -8.50
  650.00   -4.00   -3.98   -3.94   -3.89   -3.95   -4.20   -4.70   -5.22   -5.40   -5.57   -5.83   -6.47   -7.39   -8.39   -9.06   -9.39   -9.28   -8.76   -8.32   -7.74   -6.91   -6.03   -5.30   -4.60
  700.00   -1.10   -1.29   -1.14   -0.87   -0.87   -1.17   -1.74   -2.30   -2.56   -2.78   -3.18   -3.65   -4.35   -5.09   -5.48   -6.49   -6.96   -6.96   -6.50   -5.68   -4.64   -3.54   -2.74   -2.34
  750.00   -0.78   -1.00   -0.70   -0.13    0.13    0.16    0.05   -0.02   -0.06   -0.20   -0.25   -0.49   -0.93   -1.64   -3.19   -3.06   -2.71   -2.76   -2.78   -2.80   -2.67   -2.39   -2.03   -1.90
  775.00   -0.33   -0.39   -0.14    0.20    0.29    0.33    0.38    0.55    0.77    0.77    1.16    1.02    0.69   -0.52   -1.23   -0.60   -0.36   -0.41   -0.43   -0.47   -0.62   -0.69   -0.66   -0.69
  800.00    0.25    0.47    0.68    0.83    0.72    0.62    0.63    0.77    1.03    1.27    1.79    1.81    1.33    0.43    1.02    1.63    1.88    2.01    2.04    1.99    1.77    1.51    1.39    1.27
  825.00    1.46    1.65    1.83    1.92    1.82    1.71    1.65    1.65    1.76    1.93    2.25    2.44    1.88    2.51    3.46    4.03    4.21    4.40    4.46    4.40    4.16    3.75    3.44    3.07
  850.00    3.13    3.22    3.30    3.37    3.31    3.18    3.12    3.15    3.22    3.36    3.66    3.41    3.84    4.82    5.78    6.38    6.62    6.81    6.85    6.69    6.42    5.94    5.34    4.72
  875.00    4.81    4.83    4.83    4.83    4.66    4.51    4.37    4.45    4.53    4.63    4.93    4.92    6.10    7.09    8.10    8.69    8.99    9.13    9.19    8.91    8.62    8.08    7.23    6.56
  900.00    6.00    5.69    5.51    5.39    5.33    5.26    5.15    5.06    4.92    4.71    5.87    7.26    8.50    9.47   10.43   11.00   11.32   11.43   11.39   10.94   10.44    9.84    8.84    8.13
  925.00    7.50    7.10    6.70    6.41    6.13    5.94    5.65    5.34    5.18    6.10    8.14    9.74   10.96   11.88   12.83   13.36   13.65   13.66   13.48   12.91   12.02   11.10   10.08    9.46
  950.00    8.83    8.35    7.97    7.66    7.40    7.19    6.86    6.49    6.51    7.82    9.92   11.48   12.74   13.74   14.64   15.12   15.36   15.24   14.94   14.20   13.08   12.09   11.21   10.62
  975.00   10.24    9.81    9.43    9.10    8.80    8.57    8.22    7.83    7.72    9.04   11.17   12.75   13.98   14.94   15.88   16.39   16.66   16.66   16.47   15.89   14.89   13.86   12.81   12.19
 1000.00   11.69   11.27   10.89   10.56   10.26   10.02    9.67    9.26    9.12   10.42   12.54   14.12   15.36   16.32   17.26   17.78   18.06   18.06   17.86   17.28   16.27   15.23   14.18   13.57
