#  level#  00:00#  01:00#  02:00#  03:00#  04:00#  05:00#  06:00#  07:00#  08:00#  09:00#  10:00#  11:00#  12:00#  13:00#  14:00#  15:00#  16:00#  17:00#  18:00#  19:00#  20:00#  21:00#  22:00#  23:00
    1.00  -22.66  -22.97  -23.21  -24.41  -24.55  -25.28  -25.96  -26.42  -26.68  -26.53  -25.46  -24.51  -24.48  -23.14  -22.44  -22.83  -22.69  -22.08  -21.69  -21.72  -22.23  -21.75  -21.42  -21.95
    2.00  -27.42  -28.30  -30.39  -30.66  -30.92  -31.54  -31.75  -32.89  -32.55  -31.30  -31.23  -30.33  -29.85  -30.68  -30.23  -30.27  -30.94  -31.51  -32.28  -32.54  -32.16  -32.44  -31.37  -31.79
    3.00  -35.05  -33.87  -34.20  -35.04  -35.11  -35.89  -36.27  -37.27  -38.76  -38.86  -37.84  -37.28  -37.34  -37.36  -38.25  -38.63  -39.38  -39.05  -38.80  -38.74  -38.23  -38.32  -39.09  -39.94
   10.00  -57.13  -57.28  -57.47  -56.80  -57.59  -57.99  -56.84  -56.86  -57.00  -57.33  -57.01  -56.58  -56.27  -56.22  -56.28  -55.71  -55.99  -56.74  -56.85  -56.46  -55.20  -54.74  -55.02  -55.05
   20.00  -59.50  -59.72  -60.56  -60.28  -59.71  -59.44  -60.01  -59.83  -59.95  -59.87  -59.39  -59.82  -58.86  -58.88  -58.99  -59.74  -59.22  -58.57  -59.06  -59.58  -59.48  -58.87  -58.56  -58.39
   30.00  -61.26  -60.78  -61.34  -62.30  -62.02  -61.92  -61.47  -61.83  -61.52  -61.69  -61.04  -60.90  -60.67  -60.43  -60.42  -60.50  -60.98  -60.99  -60.30  -60.06  -59.90  -60.20  -61.21  -61.28
   50.00  -63.17  -63.26  -62.34  -62.28  -62.60  -62.14  -61.83  -61.31  -61.19  -60.82  -61.28  -61.29  -61.87  -62.02  -62.42  -61.90  -61.90  -62.25  -61.93  -61.37  -61.23  -61.11  -60.29  -59.99
   70.00  -60.92  -61.36  -61.52  -61.40  -61.70  -61.61  -61.39  -61.35  -61.61  -61.90  -61.81  -61.51  -61.32  -60.99  -61.02  -60.87  -60.33  -60.04  -60.30  -60.11  -59.67  -59.52  -58.38  -58.75
  100.00  -63.61  -63.61  -63.70  -63.79  -64.04  -64.27  -64.03  -63.46  -62.94  -62.80  -62.44  -62.88  -63.32  -63.37  -62.95  -63.10  -62.69  -61.91  -60.77  -60.26  -60.34  -60.41  -61.48  -61.45
  125.00  -63.81  -63.88  -64.08  -64.34  -64.52  -64.94  -65.39  -65.21  -64.76  -64.37  -63.44  -63.26  -63.70  -63.13  -62.15  -60.48  -59.83  -59.48  -58.79  -57.31  -56.32  -56.63  -57.65  -58.23
  150.00  -63.79  -63.85  -64.20  -64.46  -64.50  -64.36  -64.44  -65.19  -65.64  -65.70  -65.41  -64.68  -63.90  -62.67  -62.68  -63.91  -64.74  -65.52  -64.64  -65.27  -64.48  -63.20  -61.50  -60.92
  175.00  -65.57  -66.07  -66.58  -66.69  -66.27  -66.19  -65.78  -65.75  -66.26  -65.64  -65.98  -65.71  -65.22  -65.64  -66.73  -67.44  -67.61  -66.56  -67.15  -64.56  -63.71  -62.79  -61.52  -60.77
  200.00  -63.44  -63.02  -62.98  -63.18  -63.43  -63.71  -63.89  -63.75  -63.34  -63.22  -62.74  -63.21  -63.63  -64.44  -64.85  -64.91  -64.80  -64.16  -62.98  -61.69  -62.03  -61.49  -61.68  -61.08
  225.00  -58.45  -57.88  -57.40  -57.28  -57.28  -57.30  -57.39  -57.44  -57.28  -57.78  -57.96  -57.99  -57.81  -58.20  -58.16  -58.25  -58.29  -58.49  -57.55  -58.48  -58.70  -59.37  -59.58  -59.66
  250.00  -53.13  -52.92  -52.42  -51.91  -51.62  -51.43  -51.28  -51.38  -51.52  -51.84  -51.85  -51.79  -51.82  -51.88  -51.88  -51.67  -51.74  -52.26  -52.55  -53.36  -53.80  -54.69  -54.11  -54.38
  300.00  -42.01  -41.99  -42.01  -41.82  -41.46  -40.97  -40.69  -40.63  -40.67  -40.60  -40.52  -40.52  -40.84  -41.19  -40.95  -40.38  -40.73  -41.25  -42.70  -43.46  -43.44  -43.76  -43.26  -43.34
  350.00  -32.99  -32.76  -32.51  -32.21  -31.99  -32.01  -32.59  -32.87  -32.70  -32.23  -32.05  -32.12  -32.26  -32.54  -32.21  -31.79  -31.88  -32.36  -33.26  -34.45  -35.07  -34.68  -34.24  -34.43
  400.00  -25.86  -25.73  -25.81  -25.84  -25.71  -25.73  -25.91  -25.58  -25.04  -24.77  -25.09  -25.17  -25.24  -25.23  -25.15  -25.29  -24.73  -25.88  -25.57  -26.38  -27.21  -27.15  -26.49  -26.51
  450.00  -20.06  -20.14  -20.38  -20.74  -21.10  -21.18  -20.11  -19.14  -18.92  -18.72  -18.91  -18.98  -19.26  -19.21  -19.32  -20.11  -19.40  -20.10  -19.99  -20.14  -20.62  -21.14  -21.70  -21.17
  500.00  -14.53  -14.71  -14.99  -15.22  -15.06  -14.88  -14.59  -14.01  -13.66  -13.74  -13.80  -14.20  -14.28  -14.13  -14.35  -14.91  -15.20  -14.87  -15.16  -14.75  -14.92  -15.42  -16.04  -16.25
  550.00   -9.43   -9.63   -9.63   -9.41   -9.07   -9.08   -9.22   -9.18   -9.44   -9.52  -10.20   -9.99  -10.06   -9.62   -9.29   -9.40  -10.39  -10.11  -10.64  -10.38  -10.08  -10.37  -10.81  -10.90
  600.00   -4.86   -4.87   -4.54   -4.29   -4.35   -4.14   -4.46   -4.86   -5.31   -5.51   -6.07   -5.73   -5.51   -5.15   -5.10   -4.81   -6.08   -5.70   -6.34   -6.35   -5.86   -5.66   -6.44   -6.72
  650.00   -0.55   -0.17    0.06   -0.20   -0.33   -0.06   -0.43   -0.95   -1.08   -1.14   -1.29   -1.56   -1.48   -1.09   -0.96   -1.04   -1.98   -1.58   -2.11   -2.31   -1.51   -1.26   -2.65   -3.36
  700.00    3.88    3.83    3.55    3.06    2.87    3.06    3.12    2.85    2.71    3.11    2.69    2.00    2.46    3.14    3.02    2.62    2.05    2.17    1.77    1.31    1.86    2.16    0.92    0.29
  750.00    6.60    6.47    6.15    5.79    5.68    5.75    5.91    5.77    5.93    6.50    5.36    4.80    5.16    5.72    5.64    5.84    5.82    5.32    5.14    4.74    4.75    5.25    4.36    3.51
  775.00    7.07    7.25    7.23    7.21    7.34    7.55    7.57    7.32    7.29    7.91    6.43    6.12    6.45    6.90    6.79    7.13    7.40    6.90    6.73    6.61    6.55    7.14    6.07    5.17
  800.00    7.64    8.14    8.50    8.83    9.11    9.36    9.54    9.10    8.62    8.95    7.94    7.93    8.14    8.24    8.03    8.20    8.54    8.34    8.22    8.27    8.30    8.70    7.47    6.79
  825.00    9.42    9.91   10.29   10.68   10.98   11.07   11.13   10.67   10.09   10.03    9.98   10.08   10.06    9.69    9.46    9.67    9.93    9.95    9.61    9.73    9.85   10.13    9.09    8.68
  850.00   11.80   12.26   12.51   12.69   12.84   12.70   12.35   11.89   11.45   11.25   12.11   12.09   11.83   11.28   11.21   11.60   11.82   11.83   11.37   11.30   11.43   11.54   10.94   10.70
  875.00   14.16   14.50   14.52   14.44   14.32   14.02   13.48   13.07   12.71   12.61   13.82   13.54   13.32   13.01   13.11   13.58   13.90   13.88   13.41   13.16   13.25   13.18   12.90   12.70
  900.00   16.20   16.32   16.11   15.81   15.46   15.18   14.75   14.40   14.04   13.98   15.18   14.78   14.60   14.58   14.76   15.28   15.73   15.84   15.42   15.11   15.09   14.99   14.80   14.48
  925.00   17.51   17.41   17.04   16.73   16.35   16.06   15.72   15.46   15.20   15.23   16.15   15.87   15.95   16.15   16.30   16.76   17.39   17.61   17.26   16.92   16.90   16.76   16.68   16.21
  950.00   17.27   17.26   17.08   16.99   16.85   16.80   16.67   16.49   16.39   16.54   17.39   17.57   17.66   17.78   17.94   18.29   18.83   19.08   18.81   18.51   18.45   18.49   18.46   17.85
  975.00   17.88   17.84   17.78   17.90   17.89   17.89   17.81   17.69   17.60   17.81   18.49   18.77   18.96   19.14   19.33   19.68   20.30   20.66   20.48   20.18   20.06   20.04   20.07   19.41
 1000.00   18.26   18.33   18.43   18.85   19.13   19.18   19.15   19.05   18.98   19.22   19.94   20.25   20.44   20.60   20.79   21.11   21.72   22.10   21.93   21.63   21.52   21.51   21.54   20.88
