#  level#  00:00#  01:00#  02:00#  03:00#  04:00#  05:00#  06:00#  07:00#  08:00#  09:00#  10:00#  11:00#  12:00#  13:00#  14:00#  15:00#  16:00#  17:00#  18:00#  19:00#  20:00#  21:00#  22:00#  23:00
    1.00   -9.55  -10.30  -11.48  -12.45  -13.95  -13.99  -13.74  -13.67  -11.17   -8.32   -7.45   -8.44   -8.81   -8.88   -9.55   -8.21   -6.37   -5.52   -5.06   -4.50   -4.03   -5.70   -8.18   -9.69
    2.00   -8.31   -7.81   -8.69  -10.54  -13.22  -14.48  -14.76  -15.78  -16.09  -15.35  -13.39  -11.10   -9.59   -9.51   -9.93   -8.86   -8.70   -8.16   -6.83   -7.07   -6.60   -4.68   -3.08   -4.24
    3.00  -15.55  -15.13  -13.44  -12.36  -14.09  -15.99  -16.82  -17.73  -18.86  -19.09  -18.87  -19.03  -18.19  -16.25  -15.55  -15.10  -15.16  -15.49  -15.04  -15.49  -16.18  -15.18  -11.85  -10.52
   10.00  -39.06  -38.95  -38.68  -38.15  -38.27  -37.80  -37.16  -37.24  -37.18  -36.96  -37.62  -38.00  -38.55  -38.38  -38.70  -39.13  -38.93  -37.98  -36.83  -36.71  -37.25  -37.31  -36.73  -36.80
   20.00  -47.49  -48.36  -49.01  -48.98  -48.74  -48.42  -48.26  -48.36  -48.75  -48.71  -47.85  -47.14  -46.85  -46.25  -45.49  -45.32  -45.75  -46.30  -46.93  -47.05  -47.09  -47.01  -47.21  -47.93
   30.00  -52.62  -52.59  -52.48  -52.41  -52.34  -52.21  -52.14  -51.93  -51.45  -51.34  -51.35  -51.14  -51.08  -51.43  -51.46  -51.73  -52.04  -51.83  -51.69  -51.94  -52.19  -52.00  -51.44  -51.14
   50.00  -55.83  -55.75  -55.82  -56.05  -56.42  -56.21  -55.65  -55.53  -55.59  -55.36  -55.44  -55.94  -56.16  -56.21  -55.86  -55.48  -55.37  -55.45  -55.54  -55.59  -55.48  -55.70  -55.95  -55.64
   70.00  -56.20  -56.57  -56.83  -56.96  -57.39  -57.88  -58.15  -58.18  -58.09  -57.67  -56.96  -56.10  -56.11  -56.40  -56.58  -56.80  -57.38  -57.92  -58.21  -58.32  -58.14  -57.79  -57.98  -57.77
  100.00  -56.56  -56.28  -56.03  -55.65  -55.40  -55.53  -55.75  -55.84  -55.85  -55.47  -55.86  -55.30  -55.23  -55.36  -55.40  -55.19  -55.12  -55.29  -55.65  -56.05  -56.43  -56.66  -56.33  -57.00
  125.00  -57.50  -57.67  -57.98  -57.91  -57.11  -56.88  -56.59  -56.08  -55.76  -55.60  -54.79  -54.43  -54.32  -54.40  -54.69  -54.62  -54.31  -54.10  -53.98  -53.92  -53.90  -53.93  -55.04  -55.78
  150.00  -56.85  -57.91  -59.04  -58.66  -58.37  -57.63  -56.27  -55.05  -54.03  -52.79  -51.45  -51.21  -51.39  -51.20  -51.27  -51.17  -51.08  -51.14  -51.15  -51.13  -51.25  -51.39  -51.57  -52.41
  175.00  -54.20  -55.42  -55.84  -56.11  -56.40  -56.00  -55.18  -53.98  -52.64  -51.22  -49.94  -48.60  -48.28  -48.23  -48.46  -48.37  -48.41  -48.63  -48.97  -49.22  -49.24  -49.15  -48.47  -48.65
  200.00  -52.78  -53.03  -52.84  -52.58  -52.63  -52.66  -52.81  -52.40  -51.16  -49.14  -47.05  -46.78  -46.82  -46.45  -46.62  -46.45  -46.43  -46.60  -46.71  -46.82  -46.72  -46.64  -46.36  -46.65
  225.00  -51.09  -50.58  -49.57  -48.91  -48.71  -48.43  -48.02  -47.56  -46.64  -45.40  -44.81  -45.38  -45.38  -45.22  -45.52  -45.33  -45.64  -45.75  -45.64  -45.48  -45.01  -44.60  -43.83  -43.94
  250.00  -46.65  -46.51  -45.78  -45.28  -44.95  -44.39  -43.89  -43.22  -42.34  -41.88  -42.46  -42.82  -43.25  -44.01  -44.87  -45.18  -45.56  -45.48  -45.10  -44.56  -43.84  -43.16  -42.48  -42.07
  300.00  -36.20  -35.96  -35.87  -36.02  -36.02  -36.20  -36.43  -36.61  -36.58  -36.41  -38.22  -40.62  -42.65  -43.09  -42.63  -42.83  -42.87  -42.63  -42.39  -42.22  -42.12  -41.67  -41.88  -40.86
  350.00  -28.36  -27.50  -27.26  -27.50  -27.64  -27.86  -28.23  -28.45  -29.14  -31.05  -34.73  -36.11  -35.87  -35.55  -35.21  -35.47  -35.41  -35.25  -34.99  -34.69  -34.65  -34.76  -34.92  -35.14
  400.00  -22.11  -22.23  -21.82  -21.94  -22.01  -22.10  -22.35  -23.27  -24.34  -26.92  -28.72  -27.71  -26.87  -26.81  -27.15  -27.58  -27.55  -27.46  -27.30  -27.22  -27.33  -27.48  -27.40  -27.29
  450.00  -16.40  -16.38  -16.69  -16.95  -17.04  -17.17  -17.47  -17.95  -19.71  -21.22  -21.13  -20.00  -19.77  -19.87  -20.05  -20.28  -20.17  -20.05  -20.00  -20.13  -20.38  -20.70  -20.79  -20.24
  500.00  -11.06  -11.14  -11.63  -11.63  -11.76  -12.00  -12.81  -13.73  -14.91  -15.48  -14.75  -14.07  -14.00  -13.92  -13.92  -13.76  -13.47  -13.35  -13.41  -13.62  -13.93  -14.35  -14.77  -14.33
  550.00   -6.62   -6.29   -7.12   -7.44   -7.50   -7.58   -8.05   -9.08  -10.15  -10.60   -9.62   -9.24   -9.21   -8.97   -8.93   -8.32   -7.83   -7.69   -7.79   -8.02   -8.40   -8.90   -9.45   -9.23
  600.00   -3.67   -2.71   -2.94   -3.15   -3.20   -3.86   -4.04   -4.69   -5.43   -6.25   -5.88   -5.10   -4.80   -4.63   -5.08   -4.27   -3.94   -4.00   -4.34   -4.73   -5.58   -5.89   -5.91   -6.09
  650.00   -0.13    0.26    0.61    0.88    0.48    0.01   -0.30   -1.04   -1.81   -2.17   -2.39   -2.82   -1.80   -1.09   -1.77   -1.50   -1.95   -2.22   -2.58   -3.39   -3.76   -3.87   -3.37   -3.25
  700.00    3.32    3.54    3.92    3.84    3.75    3.61    3.26    2.58    1.50    0.70    0.93    0.00    0.12    0.04    1.21    0.69   -0.01   -0.35   -0.74   -0.77   -0.74   -0.78    0.06    0.09
  750.00    6.53    6.90    7.44    7.33    6.70    6.49    6.13    5.27    5.09    4.43    4.06    3.83    3.24    2.87    4.46    4.14    4.36    4.14    4.04    3.92    3.56    3.25    3.41    3.11
  775.00    8.27    8.51    9.25    9.12    8.42    7.95    7.03    6.38    6.33    6.25    5.81    5.68    4.98    4.94    6.23    6.16    6.45    6.18    5.99    5.89    5.48    5.23    4.92    4.43
  800.00   10.17   10.07   10.88   10.85   10.08    9.10    7.81    7.53    7.41    7.53    7.28    7.18    6.74    7.01    7.91    7.97    8.17    8.00    7.72    7.57    7.18    7.02    6.35    5.72
  825.00   12.18   11.59   12.32   12.29   11.42   10.12    8.93    8.55    8.40    8.59    8.53    8.54    8.58    9.01    9.48    9.40    9.67    9.48    9.17    8.98    8.70    8.60    7.95    7.24
  850.00   14.33   13.17   13.81   13.57   12.73   11.58   10.65    9.74    9.31    9.48    9.61    9.85   10.37   10.95   10.78   10.52   10.91   10.74   10.42   10.23   10.02    9.88    9.58    9.06
  875.00   16.49   14.86   15.11   15.19   14.41   13.54   12.38   11.06   10.20   10.29   10.74   11.28   12.01   12.54   11.94   11.91   12.14   11.91   11.72   11.46   11.36   11.36   11.00   10.75
  900.00   18.67   16.53   16.63   17.01   16.51   15.62   13.99   12.40   11.52   11.58   12.14   12.86   13.43   13.76   12.93   12.95   13.08   13.25   12.88   12.67   12.44   12.15   12.09   12.05
  925.00   20.39   18.25   17.96   18.65   18.48   17.60   15.51   13.65   12.85   12.72   13.21   14.16   14.81   15.57   14.22   14.39   14.29   14.47   14.28   14.01   13.68   13.30   13.18   13.20
  950.00   21.36   19.73   19.26   19.64   19.89   19.12   16.98   15.06   14.40   14.26   14.74   15.52   16.37   17.52   16.07   16.02   16.24   16.44   16.34   16.00   15.60   15.24   15.06   14.69
  975.00   22.30   21.26   20.89   21.27   21.73   21.05   18.67   16.56   15.89   15.64   16.01   16.56   17.49   18.91   17.48   17.53   17.65   17.92   17.96   17.67   17.27   16.96   16.81   16.40
 1000.00   23.47   22.70   22.45   22.73   23.14   22.53   20.14   17.99   17.32   17.16   17.61   18.23   19.22   20.66   19.27   19.28   19.40   19.63   19.68   19.40   18.98   18.66   18.51   18.07
