#  level#  00:00#  01:00#  02:00#  03:00#  04:00#  05:00#  06:00#  07:00#  08:00#  09:00#  10:00#  11:00#  12:00#  13:00#  14:00#  15:00#  16:00#  17:00#  18:00#  19:00#  20:00#  21:00#  22:00#  23:00
    1.00   -6.77   -7.17   -6.68   -7.97   -9.02   -9.28   -9.83  -11.20  -12.87  -13.15  -11.34   -8.51   -6.69   -7.60   -9.50   -8.88   -7.64   -7.47   -8.23   -7.73   -7.19   -7.12   -6.24   -6.39
    2.00   -4.77   -5.59   -7.04   -8.03   -9.34   -9.68   -8.20   -6.13   -4.34   -3.48   -5.22   -6.82   -9.24  -11.31  -10.78   -8.92   -6.08   -4.92   -6.18   -8.81  -10.35  -10.64   -9.08   -4.84
    3.00  -12.19  -10.80  -10.40  -11.35  -12.70  -14.84  -16.36  -16.43  -14.43  -11.58   -8.82   -5.88   -4.83   -7.62  -10.31  -12.26  -12.28  -10.45   -9.28   -8.73   -9.53  -11.60  -15.24  -16.43
   10.00  -43.51  -43.70  -43.75  -44.27  -44.65  -44.70  -44.05  -43.03  -42.54  -42.82  -43.45  -43.78  -43.67  -43.91  -42.97  -43.17  -43.42  -44.08  -44.77  -45.84  -46.25  -45.75  -45.82  -44.89
   20.00  -58.67  -59.06  -58.71  -57.97  -57.68  -58.29  -58.86  -59.06  -58.95  -59.38  -59.62  -59.29  -59.05  -59.17  -59.13  -58.09  -56.78  -57.09  -58.07  -58.25  -58.43  -59.11  -59.22  -58.92
   30.00  -61.39  -61.72  -61.93  -61.96  -62.04  -62.28  -62.68  -62.98  -62.23  -60.98  -59.71  -59.91  -60.42  -61.13  -61.86  -62.71  -63.20  -62.92  -62.59  -61.95  -59.95  -60.12  -61.36  -61.68
   50.00  -65.76  -65.78  -65.43  -64.93  -64.80  -64.76  -64.37  -63.95  -63.86  -64.04  -64.50  -65.27  -65.90  -66.08  -65.36  -64.58  -63.98  -63.64  -63.17  -62.95  -63.84  -64.45  -64.13  -64.88
   70.00  -64.69  -65.22  -65.79  -66.14  -66.34  -66.37  -66.27  -66.08  -65.99  -66.09  -66.48  -65.47  -64.34  -64.22  -64.39  -64.57  -64.61  -64.99  -65.59  -65.38  -64.86  -64.93  -64.39  -64.10
  100.00  -63.93  -63.69  -63.60  -63.58  -63.60  -63.49  -63.43  -63.48  -63.41  -63.29  -63.22  -63.11  -62.90  -62.96  -63.01  -63.40  -63.57  -62.99  -62.64  -62.88  -62.83  -62.73  -63.65  -63.80
  125.00  -60.03  -60.05  -60.20  -60.37  -60.53  -60.66  -60.73  -60.70  -60.46  -60.24  -60.13  -60.30  -60.20  -60.12  -60.12  -60.48  -61.02  -61.11  -60.93  -61.04  -61.00  -60.66  -60.15  -60.15
  150.00  -58.79  -58.70  -58.62  -58.65  -58.82  -58.92  -59.05  -59.27  -59.32  -59.16  -58.68  -58.65  -58.68  -58.66  -58.26  -57.94  -58.16  -58.53  -58.56  -58.60  -58.79  -58.76  -58.00  -57.45
  175.00  -60.10  -60.24  -60.43  -60.43  -60.51  -60.56  -60.59  -60.91  -61.24  -61.40  -60.72  -60.52  -60.56  -60.85  -60.61  -59.75  -58.99  -58.69  -58.47  -58.14  -58.25  -58.33  -58.08  -58.10
  200.00  -63.77  -64.19  -64.91  -65.64  -66.06  -66.12  -65.90  -65.56  -65.28  -65.20  -65.15  -64.82  -64.51  -64.37  -64.28  -64.29  -63.73  -62.51  -61.54  -60.87  -60.33  -60.09  -59.63  -59.72
  225.00  -65.03  -65.20  -65.09  -65.03  -65.16  -65.12  -64.99  -64.78  -64.51  -64.45  -64.64  -64.67  -64.81  -64.90  -64.78  -64.55  -64.13  -63.67  -62.79  -61.88  -61.18  -61.08  -61.27  -61.17
  250.00  -60.44  -60.30  -60.28  -60.32  -60.52  -60.57  -60.38  -60.18  -60.02  -59.86  -59.90  -59.95  -60.03  -60.06  -60.07  -60.11  -60.01  -59.83  -59.52  -58.87  -58.27  -58.08  -58.66  -59.20
  300.00  -51.80  -51.51  -51.30  -51.17  -50.96  -50.85  -50.94  -50.90  -50.74  -50.66  -50.69  -50.68  -50.65  -50.68  -50.73  -50.84  -50.97  -51.08  -51.15  -51.23  -51.28  -51.39  -51.47  -51.53
  350.00  -43.41  -43.39  -43.15  -42.72  -42.42  -42.32  -42.28  -42.31  -42.35  -42.31  -42.24  -42.25  -42.25  -42.28  -42.34  -42.45  -42.63  -42.97  -43.53  -44.25  -44.72  -44.73  -44.47  -44.16
  400.00  -35.60  -35.49  -35.54  -35.45  -35.23  -35.03  -34.89  -34.69  -34.48  -34.49  -34.74  -34.90  -34.85  -34.76  -34.75  -34.83  -35.01  -35.32  -35.77  -36.34  -36.80  -36.95  -36.98  -36.75
  450.00  -28.79  -28.70  -28.72  -28.77  -28.81  -28.85  -28.82  -28.75  -28.75  -28.89  -29.02  -29.08  -28.97  -28.94  -28.99  -29.12  -29.27  -29.48  -29.89  -30.30  -30.53  -30.61  -30.78  -30.69
  500.00  -22.64  -22.72  -22.80  -22.90  -23.05  -23.17  -23.24  -23.32  -23.43  -23.56  -23.71  -23.87  -23.91  -23.93  -23.97  -24.05  -24.12  -24.24  -24.50  -24.77  -24.86  -24.90  -25.03  -24.99
  550.00  -17.12  -17.20  -17.29  -17.45  -17.63  -17.77  -17.89  -18.06  -18.23  -18.37  -18.39  -18.56  -18.62  -18.65  -18.69  -18.78  -18.87  -18.98  -19.17  -19.38  -19.51  -19.58  -19.68  -19.67
  600.00  -12.72  -12.66  -12.64  -12.69  -12.77  -12.84  -12.95  -13.17  -13.40  -13.56  -13.57  -13.72  -13.75  -13.74  -13.73  -13.78  -13.85  -13.95  -14.11  -14.29  -14.44  -14.54  -14.68  -14.64
  650.00   -9.21   -8.93   -8.76   -8.70   -8.70   -8.70   -8.76   -8.99   -9.20   -9.30   -9.21   -9.25   -9.25   -9.21   -9.17   -9.16   -9.18   -9.22   -9.32   -9.46   -9.61   -9.75  -10.00  -10.05
  700.00   -6.40   -6.02   -5.81   -5.74   -5.72   -5.64   -5.58   -5.71   -5.81   -5.79   -5.41   -5.35   -5.34   -5.32   -5.28   -5.25   -5.27   -5.28   -5.31   -5.39   -5.50   -5.65   -5.95   -6.02
  750.00   -3.42   -3.32   -3.24   -3.27   -3.33   -3.30   -3.20   -3.23   -3.28   -3.30   -2.86   -2.79   -2.72   -2.65   -2.58   -2.54   -2.71   -3.07   -3.30   -3.32   -3.22   -3.10   -3.21   -3.21
  775.00   -1.73   -1.75   -1.80   -1.93   -2.05   -2.06   -2.00   -2.06   -2.16   -2.28   -1.92   -1.78   -1.67   -1.54   -1.50   -1.75   -2.36   -2.82   -3.00   -2.99   -2.87   -2.61   -2.55   -2.20
  800.00   -0.10   -0.22   -0.40   -0.63   -0.77   -0.78   -0.76   -0.86   -1.06   -1.29   -0.94   -0.84   -0.61   -0.41   -0.67   -1.44   -1.61   -1.53   -1.50   -1.57   -1.68   -1.67   -1.80   -1.31
  825.00    1.24    1.06    0.83    0.56    0.43    0.42    0.41    0.26    0.01   -0.31    0.06    0.15    0.43    0.44   -0.30   -0.18    0.18    0.48    0.64    0.64    0.51    0.30   -0.20   -0.06
  850.00    2.28    2.12    1.91    1.72    1.61    1.55    1.46    1.24    0.95    0.69    1.02    1.05    1.12    0.80    1.17    1.77    2.31    2.70    2.90    2.94    2.81    2.49    1.87    1.69
  875.00    3.29    3.21    3.12    2.95    2.79    2.68    2.58    2.38    2.06    1.57    1.66    1.65    1.66    2.32    3.34    4.10    4.64    4.97    5.22    5.28    5.12    4.76    4.08    3.64
  900.00    4.08    3.80    3.63    3.37    3.16    2.98    2.80    2.60    2.35    2.28    2.30    2.29    3.44    4.69    5.68    6.44    6.94    7.17    7.24    7.18    6.92    6.47    5.76    5.13
  925.00    4.66    3.94    3.26    2.81    2.40    2.12    1.94    1.70    1.61    1.69    2.19    4.11    5.77    7.02    8.03    8.78    9.27    9.38    9.28    9.07    8.81    8.25    7.35    6.48
  950.00    4.94    4.08    3.41    2.93    2.54    2.28    2.06    1.86    1.68    2.08    3.75    5.91    7.55    8.78    9.77   10.51   10.96   11.04   10.86   10.39    9.89    9.12    8.15    6.93
  975.00    7.03    6.10    5.37    4.81    4.42    4.10    3.84    3.63    3.41    3.41    5.01    7.17    8.84   10.06   11.05   11.80   12.27   12.38   12.24   11.97   11.63   10.90    9.84    8.87
 1000.00    8.40    7.47    6.72    6.15    5.76    5.45    5.21    4.99    4.77    4.71    6.33    8.52   10.18   11.41   12.41   13.17   13.64   13.75   13.62   13.35   13.01   12.29   11.22   10.25
