#  level#  00:00#  01:00#  02:00#  03:00#  04:00#  05:00#  06:00#  07:00#  08:00#  09:00#  10:00#  11:00#  12:00#  13:00#  14:00#  15:00#  16:00#  17:00#  18:00#  19:00#  20:00#  21:00#  22:00#  23:00
    1.00  -11.73  -10.73  -11.54  -11.90  -11.16  -11.69  -12.80  -14.29  -15.20  -14.97  -13.49   -9.31   -6.14   -6.28   -7.09   -7.19   -6.83   -6.65   -6.32   -6.73   -7.83   -7.93   -7.77   -8.21
    2.00  -21.55  -22.39  -22.97  -22.40  -22.24  -21.72  -20.86  -19.59  -19.86  -20.87  -22.50  -23.54  -24.06  -23.45  -20.93  -18.61  -17.55  -16.56  -16.57  -17.25  -17.09  -18.18  -18.88  -16.39
    3.00  -29.32  -31.17  -32.97  -33.96  -32.35  -31.07  -31.32  -32.30  -32.88  -31.46  -30.28  -30.28  -31.30  -32.29  -33.86  -34.16  -33.30  -31.58  -29.05  -27.78  -27.47  -27.77  -30.03  -30.93
   10.00  -50.60  -50.90  -51.49  -52.23  -52.67  -52.46  -52.12  -51.76  -51.59  -51.73  -52.31  -52.46  -52.56  -52.59  -53.00  -53.04  -52.33  -51.64  -51.14  -50.67  -50.53  -50.78  -51.80  -52.13
   20.00  -50.83  -50.89  -50.85  -50.78  -50.52  -50.21  -50.21  -50.31  -50.62  -50.77  -50.86  -50.66  -50.72  -50.44  -50.30  -50.79  -51.35  -51.95  -52.65  -53.05  -53.46  -53.26  -52.54  -52.11
   30.00  -55.27  -55.26  -54.96  -55.02  -55.48  -56.17  -56.39  -56.47  -56.70  -56.96  -57.25  -57.60  -58.34  -58.91  -58.76  -58.62  -58.54  -58.32  -58.65  -59.63  -60.33  -61.22  -61.37  -61.58
   50.00  -65.05  -65.94  -66.45  -66.46  -66.25  -65.80  -65.69  -65.88  -66.19  -66.48  -66.60  -66.71  -66.87  -66.90  -66.55  -66.22  -66.44  -66.66  -66.69  -66.82  -67.00  -66.82  -66.52  -66.87
   70.00  -69.03  -68.85  -69.08  -69.31  -69.56  -69.69  -69.71  -69.63  -69.40  -69.03  -68.83  -68.79  -68.71  -68.55  -68.70  -68.83  -68.99  -68.91  -68.75  -68.53  -68.36  -68.50  -68.86  -68.45
  100.00  -69.23  -69.13  -68.86  -68.69  -68.60  -68.52  -68.40  -68.40  -68.42  -68.36  -68.53  -68.67  -68.82  -68.92  -68.86  -68.71  -68.87  -68.92  -68.52  -68.25  -68.18  -68.03  -67.88  -67.87
  125.00  -71.90  -72.04  -72.25  -72.74  -72.91  -72.62  -71.95  -71.20  -70.98  -70.92  -70.94  -71.16  -71.03  -70.85  -70.46  -69.79  -69.03  -68.91  -68.94  -68.97  -68.94  -68.72  -67.91  -67.71
  150.00  -72.53  -72.48  -72.25  -71.91  -71.54  -71.37  -71.41  -71.24  -70.70  -70.02  -70.53  -70.66  -70.59  -70.51  -70.36  -70.20  -70.09  -70.00  -69.67  -69.03  -68.35  -67.94  -67.41  -66.81
  175.00  -67.96  -67.88  -67.75  -67.46  -67.27  -67.11  -66.91  -66.84  -66.94  -66.99  -67.50  -67.20  -66.74  -66.12  -65.69  -65.76  -66.07  -65.92  -65.40  -65.05  -64.97  -64.94  -64.91  -64.79
  200.00  -60.84  -60.91  -60.85  -60.77  -60.71  -60.66  -60.70  -60.67  -60.56  -60.66  -60.66  -60.44  -60.35  -60.29  -60.31  -60.46  -60.75  -60.97  -61.12  -60.90  -60.64  -60.51  -60.52  -60.81
  225.00  -54.72  -54.69  -54.76  -54.72  -54.67  -54.63  -54.68  -54.71  -54.58  -54.50  -54.38  -54.39  -54.35  -54.38  -54.57  -54.53  -54.65  -54.73  -54.90  -55.14  -55.37  -55.47  -55.26  -55.31
  250.00  -48.83  -48.94  -48.82  -48.80  -48.86  -48.93  -49.04  -49.08  -49.04  -48.95  -49.20  -49.34  -49.47  -49.51  -49.56  -49.50  -49.17  -49.04  -49.16  -49.32  -49.68  -50.02  -50.49  -50.60
  300.00  -38.32  -38.30  -38.37  -38.60  -38.72  -38.74  -38.73  -38.98  -39.20  -39.28  -39.55  -39.53  -39.48  -39.41  -39.33  -39.28  -39.11  -39.05  -39.30  -39.31  -39.08  -39.02  -39.12  -39.23
  350.00  -29.09  -29.07  -29.15  -29.34  -29.53  -29.72  -29.84  -29.83  -29.93  -30.03  -30.02  -30.13  -30.30  -30.47  -30.55  -30.52  -30.39  -30.32  -30.43  -30.46  -30.32  -30.24  -30.26  -30.47
  400.00  -21.44  -21.36  -21.18  -21.16  -21.44  -21.89  -22.40  -22.78  -23.00  -23.06  -22.92  -22.74  -22.65  -22.84  -23.10  -23.31  -23.53  -23.54  -23.57  -23.84  -24.12  -24.31  -24.39  -24.37
  450.00  -15.99  -15.78  -15.76  -15.77  -15.65  -15.74  -16.12  -16.53  -16.83  -16.99  -16.74  -16.42  -16.43  -16.70  -17.44  -18.14  -18.25  -18.18  -18.19  -18.29  -18.36  -18.40  -18.46  -18.67
  500.00  -12.32  -12.25  -12.08  -11.99  -12.00  -11.87  -11.81  -11.90  -12.08  -12.20  -12.03  -11.94  -12.14  -12.55  -13.13  -13.18  -13.16  -13.17  -13.03  -12.98  -13.04  -13.03  -12.76  -13.01
  550.00   -9.36   -9.62   -9.68   -9.52   -9.17   -8.67   -8.22   -7.91   -7.76   -7.70   -7.52   -7.60   -7.59   -7.62   -7.82   -7.73   -8.01   -8.24   -8.37   -8.47   -8.50   -8.43   -7.91   -8.08
  600.00   -5.62   -5.87   -6.01   -6.00   -5.90   -5.72   -5.46   -5.09   -4.53   -3.80   -3.14   -3.39   -3.55   -3.25   -2.91   -2.85   -3.41   -3.74   -4.00   -4.19   -4.34   -4.42   -3.95   -4.13
  650.00   -1.16   -1.32   -1.45   -1.57   -1.70   -1.87   -2.02   -2.12   -2.08   -1.64   -0.45   -0.05   -0.09   -0.36   -0.18   -0.02   -0.13   -0.23   -0.36   -0.41   -0.48   -0.64   -0.55   -0.81
  700.00    2.17    2.33    2.41    2.38    2.29    2.17    2.02    1.83    1.70    1.62    1.64    1.77    2.19    2.52    2.49    2.69    2.85    2.82    2.80    2.89    2.93    2.71    2.21    2.10
  750.00    4.59    4.71    4.80    4.90    4.97    4.91    4.84    4.78    4.78    4.80    4.46    4.58    4.83    5.21    5.80    6.12    6.19    6.08    5.95    5.89    5.84    5.46    4.53    4.75
  775.00    5.82    5.95    6.00    6.05    6.06    5.96    5.95    5.99    6.07    6.14    5.70    5.84    6.22    6.60    7.18    7.65    7.79    7.61    7.32    7.14    6.98    6.58    5.71    6.00
  800.00    6.94    7.14    7.21    7.23    7.17    6.99    6.88    6.94    7.08    7.21    6.76    6.94    7.38    7.82    8.29    8.69    8.91    8.66    8.31    8.06    7.94    7.66    7.05    7.25
  825.00    7.82    8.08    8.14    8.13    8.01    7.72    7.51    7.53    7.71    7.92    7.65    7.87    8.25    8.65    9.08    9.32    9.49    9.24    8.96    8.92    8.94    8.83    8.44    8.37
  850.00    8.01    8.41    8.55    8.56    8.43    8.14    7.99    8.06    8.26    8.55    8.56    8.79    9.03    9.29    9.48    9.61    9.85    9.92    9.84   10.02   10.19   10.08    9.73    9.54
  875.00    7.81    8.22    8.51    8.70    8.83    8.79    8.76    8.86    9.08    9.36    9.48    9.64    9.84   10.02   10.09   10.19   10.58   10.85   11.02   11.13   11.18   10.92   10.86   10.75
  900.00    7.53    8.09    8.60    9.05    9.39    9.49    9.46    9.49    9.73   10.14   10.21   10.57   10.94   11.06   11.10   11.46   11.98   12.30   12.20   11.83   11.56   11.37   11.67   11.81
  925.00    7.81    8.37    9.00    9.59   10.01   10.14   10.12   10.15   10.40   10.83   10.61   11.00   11.04   11.76   12.48   13.00   13.47   13.53   12.81   11.97   11.55   11.45   12.22   12.56
  950.00    8.75    9.18    9.72   10.25   10.67   10.91   10.98   11.07   11.27   11.47   10.78   11.28   12.50   13.48   14.20   14.72   14.74   14.15   13.07   12.15   11.61   11.46   12.16   12.49
  975.00    9.27    8.91    8.93    8.89    8.84    8.83    8.83    8.86    9.85   11.09   11.12   12.56   13.59   14.68   15.56   16.09   15.89   15.09   13.96   13.06   12.54   12.32   12.80   13.22
 1000.00   11.68   11.77   11.86   11.95   12.05   12.19   12.33   12.44   12.59   12.93   11.83   13.61   14.98   16.11   16.86   17.25   16.93   16.21   15.40   14.68   14.12   13.84   14.34   14.47
