#  level#  00:00#  01:00#  02:00#  03:00#  04:00#  05:00#  06:00#  07:00#  08:00#  09:00#  10:00#  11:00#  12:00#  13:00#  14:00#  15:00#  16:00#  17:00#  18:00#  19:00#  20:00#  21:00#  22:00#  23:00
    1.00  -13.49  -15.26  -16.58  -17.42  -16.19  -15.75  -16.64  -16.88  -17.44  -17.53  -16.84  -15.87  -15.31  -15.01  -15.06  -14.44  -13.80  -13.23  -12.91  -12.94  -12.80  -12.57  -12.51  -12.09
    2.00  -22.10  -22.74  -22.35  -25.34  -26.92  -27.46  -27.65  -27.44  -27.77  -28.33  -28.53  -28.08  -28.49  -28.24  -27.39  -26.77  -26.12  -25.67  -25.59  -25.65  -26.07  -26.63  -25.77  -26.90
    3.00  -33.63  -34.32  -35.22  -36.07  -36.40  -36.76  -37.29  -36.76  -37.28  -37.19  -36.92  -35.16  -35.10  -34.75  -35.54  -35.64  -36.21  -35.72  -36.84  -36.49  -35.83  -36.25  -35.81  -35.38
   10.00  -57.51  -57.80  -57.58  -57.30  -57.75  -58.82  -59.33  -58.70  -58.18  -57.41  -56.85  -56.90  -56.65  -56.59  -56.70  -57.41  -58.05  -58.78  -59.85  -59.82  -58.55  -57.30  -58.56  -59.32
   20.00  -62.68  -62.53  -62.92  -63.37  -63.77  -63.96  -63.78  -63.78  -63.57  -62.99  -62.36  -62.26  -61.90  -61.63  -61.80  -62.08  -62.63  -62.26  -62.23  -62.95  -63.49  -63.54  -62.49  -62.42
   30.00  -65.05  -64.83  -64.66  -64.63  -64.49  -64.58  -64.43  -64.23  -64.46  -65.06  -65.39  -65.02  -64.52  -64.51  -64.27  -64.07  -64.26  -64.16  -63.57  -63.57  -63.91  -64.42  -64.92  -64.68
   50.00  -64.67  -65.13  -65.47  -65.90  -65.89  -65.35  -64.79  -64.35  -64.11  -64.37  -65.29  -65.63  -65.11  -65.14  -65.18  -64.81  -64.60  -64.77  -64.67  -64.25  -63.98  -63.82  -64.02  -64.47
   70.00  -63.86  -63.47  -63.34  -63.61  -63.95  -64.08  -64.12  -64.29  -64.49  -63.99  -63.23  -63.85  -64.27  -64.07  -63.88  -63.71  -63.33  -63.27  -63.28  -63.30  -63.26  -62.87  -62.49  -62.38
  100.00  -60.17  -60.14  -60.30  -60.61  -61.04  -61.07  -60.87  -60.56  -60.68  -60.82  -60.16  -60.04  -60.09  -60.35  -60.44  -60.66  -60.71  -60.65  -60.66  -60.66  -60.71  -60.96  -61.25  -60.90
  125.00  -57.79  -57.57  -56.69  -55.69  -55.56  -55.74  -55.80  -55.45  -55.16  -55.35  -56.23  -56.36  -56.64  -56.95  -56.89  -56.96  -57.33  -57.61  -58.10  -58.29  -58.35  -58.95  -59.32  -58.57
  150.00  -54.19  -53.79  -54.57  -55.14  -55.23  -55.16  -55.42  -55.69  -55.86  -56.31  -56.50  -56.57  -58.29  -60.04  -60.90  -60.91  -61.13  -60.70  -60.48  -60.23  -59.70  -59.35  -58.22  -58.08
  175.00  -54.00  -55.45  -56.04  -55.50  -55.83  -57.02  -58.18  -60.01  -61.02  -61.43  -63.05  -63.78  -62.61  -62.59  -63.00  -63.43  -63.43  -62.97  -61.83  -60.82  -59.80  -58.66  -57.31  -57.40
  200.00  -57.72  -57.43  -57.50  -59.99  -62.21  -63.26  -63.70  -64.22  -64.26  -63.79  -63.37  -64.28  -63.29  -62.20  -61.77  -62.17  -61.88  -61.70  -61.91  -62.24  -62.30  -61.46  -60.12  -59.89
  225.00  -58.04  -56.82  -57.72  -59.21  -59.93  -61.23  -61.92  -62.28  -62.26  -61.88  -60.80  -60.21  -59.76  -58.99  -58.85  -58.58  -58.41  -58.49  -58.85  -58.98  -58.95  -59.05  -59.19  -59.29
  250.00  -56.38  -55.08  -55.29  -56.06  -56.29  -57.31  -57.62  -57.69  -57.92  -57.99  -56.95  -55.97  -56.20  -55.42  -54.42  -54.06  -54.49  -54.73  -54.98  -55.09  -55.16  -55.53  -55.98  -55.92
  300.00  -49.82  -50.11  -49.18  -48.23  -47.92  -47.57  -47.74  -47.41  -47.01  -47.43  -47.95  -47.76  -47.56  -47.81  -48.09  -46.93  -45.91  -46.04  -46.27  -46.45  -46.66  -46.69  -46.93  -47.10
  350.00  -42.56  -42.82  -42.48  -41.02  -39.84  -39.30  -38.92  -38.95  -38.77  -38.32  -38.54  -38.31  -38.27  -38.46  -38.70  -39.06  -39.17  -38.44  -37.84  -38.03  -38.55  -38.72  -39.01  -38.98
  400.00  -35.91  -36.61  -36.13  -35.35  -34.24  -31.51  -31.27  -31.11  -31.28  -31.19  -30.97  -30.74  -30.61  -30.74  -30.73  -30.98  -31.24  -31.61  -31.69  -31.18  -31.21  -31.73  -32.89  -33.06
  450.00  -28.71  -29.28  -29.40  -29.54  -29.32  -28.63  -25.36  -23.87  -23.99  -24.63  -24.29  -24.47  -24.35  -24.55  -24.37  -24.31  -24.71  -24.96  -25.46  -25.77  -25.91  -26.07  -26.99  -27.11
  500.00  -22.22  -22.54  -22.87  -23.13  -23.11  -23.21  -22.62  -20.91  -19.21  -18.51  -17.91  -18.27  -18.63  -18.58  -18.89  -19.11  -19.38  -19.40  -19.74  -20.32  -20.94  -21.49  -21.12  -21.15
  550.00  -16.84  -17.02  -17.11  -17.11  -16.98  -17.15  -17.15  -16.96  -16.31  -15.36  -14.15  -13.94  -14.60  -15.07  -14.85  -14.81  -14.98  -14.98  -15.17  -15.40  -15.64  -15.91  -15.83  -15.83
  600.00  -12.17  -12.29  -12.26  -11.69  -11.45  -11.47  -11.60  -11.69  -11.71  -11.39  -10.97  -11.00  -11.49  -11.97  -12.15  -12.09  -11.98  -11.94  -11.94  -11.96  -11.79  -11.84  -11.36  -11.42
  650.00   -8.15   -8.24   -8.14   -7.58   -7.43   -7.01   -7.06   -7.35   -7.66   -7.69   -7.43   -7.91   -8.56   -8.52   -8.96   -9.20   -9.34   -9.60   -9.53   -9.31   -8.91   -8.62   -8.04   -8.21
  700.00   -4.41   -4.64   -4.57   -4.59   -4.80   -4.56   -5.15   -5.86   -6.43   -6.71   -6.77   -7.43   -7.63   -6.69   -6.33   -6.28   -6.69   -7.07   -7.11   -6.95   -6.51   -5.96   -5.28   -5.22
  750.00   -0.91   -0.65   -1.18   -1.40   -1.61   -2.06   -2.74   -3.40   -3.93   -4.68   -4.99   -5.05   -5.20   -4.93   -4.49   -4.16   -4.30   -4.63   -4.83   -4.61   -3.86   -3.27   -2.97   -2.97
  775.00    0.92    1.26    0.36    0.20    0.07   -0.54   -0.82   -1.31   -1.89   -2.61   -3.59   -3.43   -3.45   -3.54   -3.40   -3.23   -3.14   -3.23   -3.32   -3.16   -2.54   -2.09   -2.26   -2.02
  800.00    2.87    2.95    2.04    1.71    1.46    1.19    0.99    0.42   -0.21   -0.81   -1.92   -1.79   -1.72   -1.84   -1.99   -2.02   -1.89   -1.78   -1.71   -1.66   -1.47   -1.25   -1.62   -1.29
  825.00    4.93    4.76    4.10    3.62    3.11    2.86    2.44    1.81    1.21    0.70   -0.28   -0.24   -0.13   -0.27   -0.49   -0.57   -0.53   -0.45   -0.41   -0.53   -0.61   -0.64   -1.02   -0.78
  850.00    7.02    6.68    6.13    5.38    4.72    4.11    3.52    2.92    2.47    2.09    1.35    1.29    1.34    1.16    1.02    0.91    0.86    0.78    0.57    0.23   -0.02   -0.08   -0.45   -0.31
  875.00    8.67    8.27    7.88    7.34    6.14    5.27    4.60    4.08    3.82    3.56    3.17    2.85    2.96    2.62    2.48    2.37    2.23    2.09    1.71    1.23    0.75    0.61    0.35    0.29
  900.00    9.98    9.68    9.43    9.03    7.57    6.46    5.60    5.23    5.09    4.88    4.86    4.57    4.37    3.99    3.75    3.63    3.52    3.30    3.06    2.85    2.35    1.86    1.37    1.32
  925.00   11.25   11.15   11.05   10.75    9.34    8.02    7.09    6.65    6.53    6.29    6.43    6.13    6.01    5.65    5.34    5.26    5.11    4.87    4.65    4.51    4.29    4.01    3.59    3.30
  950.00   12.49   12.51   12.40   12.22   10.92    9.62    8.85    8.46    8.23    8.04    7.99    7.74    7.80    7.56    7.36    7.37    7.23    6.88    6.53    6.29    6.13    6.02    5.52    5.39
  975.00   13.75   13.86   13.86   13.75   12.42   11.40   10.51   10.01    9.75    9.57    9.50    9.32    9.43    9.18    8.98    8.99    8.85    8.50    8.15    7.93    7.77    7.64    7.08    6.97
 1000.00   15.20   15.31   15.29   15.18   13.83   12.82   11.92   11.42   11.17   10.98   11.03   10.98   11.11   10.92   10.73   10.72   10.55   10.17    9.82    9.60    9.47    9.33    8.73    8.67
