#  level#  00:00#  01:00#  02:00#  03:00#  04:00#  05:00#  06:00#  07:00#  08:00#  09:00#  10:00#  11:00#  12:00#  13:00#  14:00#  15:00#  16:00#  17:00#  18:00#  19:00#  20:00#  21:00#  22:00#  23:00
    1.00  -19.73  -18.40  -19.15  -19.59  -20.11  -21.70  -22.54  -22.37  -22.61  -21.71  -19.48  -19.39  -19.32  -19.12  -18.35  -16.42  -15.63  -14.19  -12.97  -12.27  -12.93  -14.26  -15.96  -16.95
    2.00  -23.87  -26.13  -27.25  -26.72  -23.47  -21.22  -20.80  -21.23  -22.42  -23.98  -25.80  -26.48  -25.02  -20.83  -18.49  -15.89  -15.86  -16.96  -18.07  -18.50  -18.79  -19.99  -17.95  -18.69
    3.00  -39.68  -39.76  -40.99  -41.61  -39.82  -35.90  -33.58  -31.41  -29.32  -27.98  -28.08  -29.10  -30.44  -30.92  -31.82  -32.76  -32.88  -32.79  -31.91  -29.62  -26.81  -24.90  -23.15  -24.32
   10.00  -62.03  -62.27  -61.64  -61.32  -61.49  -61.88  -61.97  -62.65  -63.71  -64.59  -65.30  -64.68  -64.37  -64.10  -64.25  -64.55  -65.34  -65.18  -65.12  -65.12  -65.03  -64.72  -64.42  -64.28
   20.00  -61.05  -61.57  -61.66  -61.04  -60.89  -61.17  -60.83  -60.32  -60.24  -60.35  -60.52  -60.37  -60.69  -60.72  -60.83  -60.28  -60.61  -60.92  -60.48  -60.26  -60.07  -59.50  -59.38  -59.90
   30.00  -56.85  -57.20  -58.25  -59.09  -59.37  -59.39  -59.42  -59.36  -59.34  -58.83  -57.01  -56.59  -56.83  -57.22  -57.58  -57.84  -57.59  -57.38  -57.78  -58.33  -58.09  -57.67  -57.84  -57.76
   50.00  -54.83  -54.85  -55.27  -55.52  -54.90  -54.57  -54.79  -55.10  -55.43  -55.66  -56.00  -55.62  -55.11  -54.95  -54.83  -54.69  -54.29  -54.22  -54.49  -54.58  -54.28  -54.30  -54.17  -54.44
   70.00  -54.34  -53.96  -53.48  -53.66  -54.21  -54.23  -53.85  -53.70  -53.54  -53.32  -53.63  -53.66  -52.86  -52.26  -52.14  -52.71  -53.39  -53.82  -53.95  -53.65  -52.98  -52.16  -51.53  -51.36
  100.00  -54.51  -54.83  -54.40  -53.91  -53.77  -53.57  -53.44  -53.38  -53.12  -53.02  -51.87  -52.03  -52.42  -52.73  -52.55  -51.92  -51.10  -51.14  -51.78  -52.14  -52.57  -52.41  -52.54  -52.62
  125.00  -54.23  -53.87  -53.88  -53.67  -53.64  -53.55  -53.30  -53.33  -53.23  -52.83  -52.76  -53.05  -53.36  -53.75  -53.73  -53.62  -52.89  -52.18  -51.72  -51.62  -51.62  -51.25  -50.17  -49.82
  150.00  -54.66  -54.31  -53.87  -53.44  -53.51  -53.62  -53.52  -53.52  -53.51  -53.35  -53.29  -52.81  -52.49  -52.47  -52.46  -52.45  -52.51  -52.39  -51.97  -51.86  -52.11  -52.38  -51.72  -51.10
  175.00  -53.58  -53.21  -52.56  -52.15  -52.11  -52.14  -51.81  -51.51  -51.69  -51.74  -51.32  -50.69  -50.23  -50.32  -50.80  -50.97  -51.35  -51.70  -51.60  -51.33  -51.42  -52.10  -52.02  -51.58
  200.00  -52.75  -52.23  -51.74  -51.08  -50.48  -50.26  -50.21  -50.28  -50.73  -50.81  -50.28  -50.43  -50.37  -50.64  -51.48  -51.81  -52.05  -52.19  -52.56  -52.28  -52.05  -52.37  -52.33  -52.07
  225.00  -52.03  -51.04  -50.66  -49.77  -49.09  -49.49  -50.13  -50.49  -50.70  -51.40  -51.78  -52.35  -52.74  -53.00  -53.09  -53.32  -53.68  -53.67  -53.87  -53.59  -52.84  -52.68  -52.49  -52.14
  250.00  -50.92  -49.72  -49.14  -48.45  -48.76  -50.11  -51.32  -52.21  -53.40  -55.41  -56.54  -56.60  -56.89  -57.00  -56.91  -57.20  -57.91  -57.73  -56.69  -55.93  -54.95  -53.92  -52.93  -52.16
  300.00  -47.50  -47.35  -47.37  -48.35  -49.64  -50.55  -52.47  -54.15  -55.02  -55.57  -56.39  -56.48  -56.20  -55.85  -55.67  -55.46  -54.89  -54.29  -54.00  -54.02  -53.81  -53.22  -53.76  -53.96
  350.00  -42.67  -43.31  -44.28  -45.99  -46.95  -47.15  -47.24  -47.23  -47.38  -47.27  -46.98  -46.88  -46.55  -46.19  -45.93  -45.79  -45.54  -45.41  -45.26  -45.25  -45.48  -45.89  -47.57  -47.73
  400.00  -37.16  -38.48  -39.59  -41.08  -41.14  -40.67  -40.25  -39.96  -39.69  -39.59  -39.08  -38.65  -38.17  -37.89  -37.78  -37.74  -37.65  -37.55  -37.65  -37.70  -37.87  -38.15  -39.01  -39.45
  450.00  -32.08  -33.19  -34.20  -34.67  -34.36  -34.04  -33.48  -33.01  -32.64  -32.39  -31.78  -31.36  -30.83  -30.62  -30.80  -30.95  -30.98  -30.93  -30.94  -31.11  -31.25  -31.38  -31.79  -32.06
  500.00  -26.56  -26.96  -27.75  -28.02  -27.94  -27.85  -27.30  -26.63  -26.16  -25.86  -25.19  -24.93  -24.46  -24.34  -24.60  -24.79  -24.82  -25.02  -25.18  -25.19  -25.32  -25.31  -25.39  -25.65
  550.00  -21.49  -21.51  -22.08  -22.34  -22.38  -22.31  -21.89  -21.16  -20.41  -19.99  -19.09  -19.11  -18.95  -19.00  -19.25  -19.37  -19.41  -19.67  -19.80  -19.81  -20.12  -20.03  -19.86  -20.18
  600.00  -16.46  -16.79  -17.11  -17.22  -17.33  -17.25  -17.00  -16.46  -15.76  -15.08  -13.87  -14.08  -14.32  -14.18  -14.42  -14.66  -14.72  -15.07  -15.22  -15.32  -15.73  -15.70  -15.32  -15.80
  650.00  -11.44  -12.39  -12.70  -12.64  -12.74  -12.63  -12.46  -12.17  -11.85  -11.30  -10.07  -10.31  -10.85  -10.73  -10.08  -10.38  -10.62  -10.99  -11.09  -11.32  -11.48  -11.54  -11.06  -11.45
  700.00   -7.53   -8.38   -8.82   -8.85   -8.84   -8.82   -8.64   -8.40   -8.35   -8.28   -7.67   -8.16   -8.23   -8.06   -7.22   -6.43   -6.87   -7.17   -7.30   -7.41   -7.18   -7.17   -7.35   -7.43
  750.00   -4.19   -4.99   -5.34   -5.33   -5.65   -5.63   -5.68   -5.67   -5.67   -5.57   -5.76   -5.52   -5.09   -4.83   -4.57   -3.61   -3.26   -3.42   -3.51   -3.54   -3.25   -3.27   -4.16   -4.12
  775.00   -2.47   -3.35   -3.67   -3.79   -4.14   -4.23   -4.35   -4.44   -4.51   -4.32   -4.60   -4.01   -3.38   -3.17   -3.11   -2.64   -2.14   -1.80   -1.82   -1.77   -1.56   -1.59   -2.47   -2.50
  800.00   -0.66   -1.61   -2.20   -2.43   -2.80   -3.05   -3.22   -3.54   -3.45   -3.45   -3.20   -2.36   -1.91   -1.45   -1.59   -1.49   -1.13   -0.77   -0.74   -0.48   -0.24   -0.29   -1.01   -1.01
  825.00    1.01    0.10   -0.93   -1.47   -1.99   -2.41   -2.72   -2.59   -2.44   -1.92   -1.50   -0.69   -0.47    0.03   -0.18   -0.28    0.06    0.36    0.61    0.95    1.06    0.95    0.39    0.48
  850.00    2.75    1.77    0.59    0.04   -0.36   -0.74   -0.98   -0.86   -0.53   -0.11    0.28    0.55    1.01    1.43    0.94    0.89    1.62    2.30    2.45    2.58    2.77    2.49    1.84    1.91
  875.00    4.45    3.31    2.47    1.92    1.43    1.15    1.00    0.94    1.15    1.51    1.62    2.32    2.89    3.32    3.10    3.13    3.88    4.45    4.57    4.44    4.43    4.17    3.72    3.59
  900.00    6.22    5.06    4.29    3.87    3.44    3.17    2.98    2.79    2.65    2.66    3.40    4.28    4.88    5.16    5.32    5.31    5.74    6.15    6.19    5.96    5.90    5.76    5.42    5.23
  925.00    7.67    6.60    5.87    5.43    5.04    4.82    4.60    4.37    4.16    4.26    5.23    6.00    6.69    6.98    6.96    6.95    7.26    7.54    7.45    7.34    7.24    7.13    6.81    6.74
  950.00    9.19    8.03    7.27    6.83    6.43    6.20    6.00    5.78    5.56    5.62    6.57    7.41    8.08    8.34    8.36    8.38    8.75    9.07    9.02    8.91    8.79    8.68    8.33    8.21
  975.00   10.58    9.42    8.66    8.22    7.82    7.59    7.38    7.15    6.93    7.00    7.95    8.79    9.45    9.71    9.74    9.75   10.12   10.45   10.41   10.30   10.19   10.10    9.75    9.62
 1000.00   11.98   10.81   10.04    9.59    9.19    8.96    8.74    8.52    8.30    8.36    9.30   10.14   10.81   11.08   11.10   11.12   11.49   11.83   11.79   11.68   11.58   11.48   11.12   11.00
