#  level#  00:00#  01:00#  02:00#  03:00#  04:00#  05:00#  06:00#  07:00#  08:00#  09:00#  10:00#  11:00#  12:00#  13:00#  14:00#  15:00#  16:00#  17:00#  18:00#  19:00#  20:00#  21:00#  22:00#  23:00
    1.00   -9.42  -10.14  -12.00  -12.87  -14.98  -16.26  -16.99  -17.12  -15.78  -14.90  -14.68  -14.88  -14.07  -14.49  -13.58  -11.44   -9.45   -7.86   -7.62   -7.56   -8.06   -9.44   -9.28   -9.80
    2.00   -9.71   -9.41   -8.49   -8.72   -9.39   -9.12  -10.15  -11.11  -10.98   -9.59   -6.95   -5.89   -3.51   -3.84   -3.45   -3.31   -5.36   -4.10   -1.98   -1.69   -2.09   -3.11   -4.37   -3.63
    3.00  -20.36  -21.93  -21.57  -20.69  -20.11  -19.58  -20.17  -20.92  -22.00  -21.88  -21.57  -20.78  -19.68  -18.55  -17.59  -16.04  -17.42  -19.52  -19.36  -18.05  -17.37  -16.65  -16.98  -17.90
   10.00  -56.67  -57.11  -56.60  -56.73  -56.17  -56.15  -56.14  -56.60  -56.26  -55.20  -54.86  -54.16  -54.24  -55.15  -55.18  -55.33  -55.08  -54.97  -54.96  -54.82  -55.43  -56.03  -55.48  -55.31
   20.00  -58.79  -59.10  -59.12  -59.38  -59.68  -60.04  -59.95  -59.29  -59.18  -59.04  -59.17  -58.99  -58.51  -58.67  -59.18  -59.26  -59.58  -59.59  -59.89  -60.18  -59.32  -59.37  -59.67  -60.04
   30.00  -59.52  -59.22  -59.14  -58.97  -59.24  -59.42  -59.62  -59.84  -60.50  -60.58  -60.27  -60.47  -60.11  -59.23  -58.62  -58.04  -58.61  -58.96  -58.69  -59.39  -58.91  -59.15  -59.96  -60.42
   50.00  -59.20  -59.20  -59.20  -58.98  -58.96  -59.21  -59.62  -59.74  -59.89  -60.50  -59.52  -59.32  -59.22  -58.42  -58.23  -58.57  -58.47  -59.35  -59.85  -60.06  -60.69  -60.92  -60.57  -60.42
   70.00  -60.07  -60.23  -60.20  -60.17  -60.07  -59.76  -59.47  -59.29  -58.64  -59.08  -59.29  -58.68  -58.86  -59.12  -58.54  -58.87  -58.88  -59.18  -59.97  -60.13  -60.18  -59.58  -58.57  -57.44
  100.00  -58.30  -57.86  -57.71  -57.40  -57.22  -57.27  -56.98  -56.80  -55.92  -54.90  -54.86  -54.31  -54.00  -54.62  -54.76  -54.85  -54.78  -54.41  -54.22  -54.17  -54.34  -54.75  -55.25  -56.28
  125.00  -57.74  -57.50  -57.51  -57.25  -56.72  -56.36  -55.81  -55.49  -55.11  -53.88  -53.04  -52.84  -52.26  -52.56  -52.89  -52.54  -53.14  -53.20  -52.93  -52.75  -52.44  -52.14  -51.61  -52.06
  150.00  -58.19  -58.01  -57.87  -57.54  -56.66  -55.62  -55.04  -54.32  -54.98  -53.83  -52.37  -51.43  -50.75  -50.52  -50.45  -49.09  -48.85  -49.01  -49.42  -49.35  -49.48  -49.61  -49.07  -48.66
  175.00  -61.55  -60.46  -59.77  -60.19  -60.82  -60.78  -59.90  -57.57  -56.19  -54.72  -52.67  -51.06  -48.84  -48.48  -48.39  -47.67  -47.00  -46.56  -47.33  -47.95  -48.16  -48.11  -47.87  -48.28
  200.00  -62.79  -62.75  -61.40  -60.39  -60.19  -59.10  -57.53  -56.27  -54.40  -52.95  -50.24  -49.25  -47.23  -46.45  -46.45  -46.59  -45.94  -46.03  -46.13  -46.67  -47.17  -47.97  -47.56  -48.19
  225.00  -58.36  -58.73  -58.46  -58.02  -57.18  -55.91  -55.09  -54.32  -52.45  -51.60  -48.53  -47.39  -45.60  -45.31  -45.75  -46.32  -45.69  -45.94  -45.60  -45.72  -45.64  -46.42  -47.68  -48.61
  250.00  -53.73  -53.74  -54.03  -53.38  -52.70  -52.17  -52.04  -52.44  -51.89  -50.94  -48.33  -46.57  -45.32  -44.66  -44.49  -45.01  -44.77  -44.63  -44.98  -45.13  -45.89  -45.68  -46.01  -47.25
  300.00  -44.68  -44.65  -45.11  -45.98  -46.12  -46.15  -46.60  -47.05  -46.85  -47.78  -48.50  -47.59  -46.06  -43.18  -42.00  -42.48  -44.26  -44.64  -45.10  -45.65  -44.66  -45.69  -46.61  -46.36
  350.00  -37.31  -37.07  -36.78  -36.93  -37.49  -37.41  -37.78  -37.84  -39.12  -39.21  -39.20  -39.35  -39.32  -40.51  -42.06  -42.21  -43.25  -44.61  -44.79  -45.07  -45.71  -45.98  -45.23  -44.99
  400.00  -30.55  -30.75  -30.32  -30.01  -29.95  -30.20  -30.49  -30.94  -30.86  -30.99  -32.44  -31.59  -33.77  -37.38  -37.51  -37.53  -37.82  -38.86  -39.25  -38.28  -37.94  -37.85  -38.07  -37.53
  450.00  -23.52  -23.48  -23.67  -23.15  -22.90  -23.39  -23.83  -23.53  -23.92  -25.14  -25.83  -26.38  -30.46  -31.09  -31.16  -31.53  -31.67  -32.03  -32.23  -31.90  -31.30  -30.96  -30.82  -30.49
  500.00  -17.47  -17.54  -17.57  -17.15  -17.11  -17.18  -17.44  -17.74  -18.95  -19.96  -20.53  -23.87  -25.73  -25.62  -25.81  -25.85  -25.79  -25.74  -25.75  -25.89  -25.49  -25.07  -25.17  -25.05
  550.00  -12.45  -12.49  -12.54  -12.39  -11.95  -12.34  -12.47  -13.41  -14.64  -15.06  -17.16  -20.37  -21.03  -20.65  -20.54  -20.51  -20.28  -19.94  -19.90  -20.35  -20.33  -20.04  -20.21  -20.20
  600.00   -8.57   -8.23   -8.46   -8.53   -8.20   -8.39   -8.50   -9.82  -10.81  -10.64  -14.21  -16.24  -16.29  -16.03  -15.67  -15.54  -15.30  -14.93  -14.82  -15.36  -15.56  -15.68  -15.64  -15.61
  650.00   -4.80   -4.51   -4.66   -5.26   -5.22   -4.95   -5.23   -6.03   -7.07   -7.41  -10.66  -11.74  -11.78  -11.70  -11.44  -11.16  -10.83  -10.73  -10.57  -10.94  -11.23  -11.59  -11.50  -11.45
  700.00   -1.74   -1.76   -1.89   -2.04   -1.82   -1.97   -2.19   -2.51   -3.63   -4.65   -6.79   -7.46   -7.89   -8.17   -8.12   -7.68   -6.94   -6.93   -6.60   -7.18   -7.26   -7.73   -7.95   -8.17
  750.00    0.22    0.04    0.15    0.35    1.16    0.48    0.76    0.63   -0.45   -1.98   -3.20   -3.59   -4.77   -5.19   -5.11   -4.72   -4.03   -4.12   -4.02   -3.96   -3.75   -4.35   -4.77   -4.99
  775.00    1.02    1.06    1.70    1.78    2.61    1.88    2.15    2.47    1.18   -0.62   -1.98   -2.30   -3.24   -3.55   -3.64   -3.45   -2.98   -2.89   -2.48   -2.46   -2.46   -3.18   -3.51   -3.42
  800.00    2.27    2.41    3.21    3.58    3.76    3.89    4.01    4.35    2.72    0.73   -0.37   -0.77   -1.38   -1.72   -2.15   -2.16   -1.95   -1.54   -1.00   -1.27   -1.46   -2.10   -2.32   -2.03
  825.00    3.77    3.71    4.46    4.96    4.92    5.48    5.56    6.02    4.28    2.46    1.34    0.50    0.13   -0.07   -0.80   -1.07   -0.98   -0.36    0.28    0.12   -0.31   -0.57   -0.79   -0.67
  850.00    5.46    5.25    5.72    6.16    6.19    6.62    6.87    7.10    5.93    3.75    2.14    1.88    1.86    1.30    0.52    0.19    0.01    0.53    1.17    1.35    1.10    0.96    0.75    0.66
  875.00    7.07    6.80    6.92    7.26    7.35    7.78    8.12    8.18    7.59    5.65    4.01    3.89    3.96    3.54    1.89    1.31    1.30    1.72    2.16    2.69    2.79    2.55    2.32    2.25
  900.00    8.56    8.33    8.26    8.55    8.76    9.08    9.69    9.76    9.32    7.56    6.07    6.15    6.30    5.60    4.66    3.81    3.57    3.52    3.65    4.10    4.37    4.34    4.12    3.91
  925.00   10.19    9.84    9.78   10.04   10.23   10.53   11.24   11.28   10.82    9.02    7.39    7.45    7.52    6.81    6.06    4.94    4.73    4.81    5.04    5.48    5.85    5.84    5.58    5.39
  950.00   11.59   11.28   11.18   11.44   11.63   11.95   12.66   12.71   12.27   10.47    8.82    8.88    8.95    8.23    7.49    6.35    6.16    6.23    6.46    6.91    7.26    7.23    6.97    6.78
  975.00   13.06   12.74   12.62   12.88   13.07   13.38   14.07   14.11   13.66   11.85   10.18   10.25   10.32    9.60    8.86    7.73    7.54    7.63    7.86    8.32    8.68    8.65    8.38    8.21
 1000.00   14.39   14.08   13.97   14.24   14.44   14.75   15.46   15.49   15.04   13.23   11.57   11.64   11.71   10.98   10.24    9.09    8.91    8.99    9.22    9.67   10.02   10.00    9.72    9.55
