#  level#  00:00#  01:00#  02:00#  03:00#  04:00#  05:00#  06:00#  07:00#  08:00#  09:00#  10:00#  11:00#  12:00#  13:00#  14:00#  15:00#  16:00#  17:00#  18:00#  19:00#  20:00#  21:00#  22:00#  23:00
    1.00   -6.54   -8.22   -8.80   -9.09   -9.86   -9.29   -7.68   -7.73   -7.22   -6.89   -8.25   -9.42   -8.83   -7.68   -7.05   -8.25   -9.00   -8.36   -7.42   -5.49   -3.52   -3.18   -4.15   -5.06
    2.00   -8.23   -8.28   -8.47   -8.57  -11.08  -13.70  -13.54  -12.00  -10.79   -9.44   -8.93   -8.65   -8.54   -8.73   -8.40   -6.28   -4.52   -4.43   -6.16   -9.55  -10.94  -11.76  -12.89  -14.28
    3.00  -11.51  -11.82  -12.37  -13.04  -14.96  -17.77  -19.11  -19.84  -19.97  -19.84  -18.67  -16.22  -14.81  -15.23  -15.38  -15.91  -16.08  -14.52  -11.40  -12.16  -14.49  -14.56  -14.46  -15.42
   10.00  -34.23  -34.90  -36.44  -37.62  -37.74  -36.94  -36.13  -36.19  -36.21  -35.30  -34.81  -34.63  -35.20  -36.08  -36.55  -37.45  -37.93  -37.20  -36.55  -36.86  -36.01  -36.20  -36.50  -37.74
   20.00  -49.32  -49.92  -50.04  -49.59  -49.04  -49.02  -48.84  -48.84  -49.04  -49.87  -50.37  -49.84  -49.46  -49.41  -49.13  -49.10  -49.26  -49.15  -49.08  -48.86  -48.96  -49.03  -49.80  -49.67
   30.00  -55.47  -55.77  -56.19  -56.27  -55.90  -55.56  -55.14  -55.12  -55.27  -55.54  -56.10  -56.42  -56.09  -56.25  -56.25  -55.71  -55.43  -55.49  -56.03  -56.42  -56.30  -55.66  -55.38  -55.08
   50.00  -57.45  -57.39  -57.94  -58.62  -58.99  -58.95  -58.86  -59.06  -59.26  -59.03  -58.64  -58.48  -58.22  -58.33  -58.84  -59.42  -59.41  -59.28  -58.82  -58.21  -58.12  -58.62  -59.12  -59.59
   70.00  -60.23  -60.38  -60.39  -59.94  -59.35  -58.87  -58.43  -58.49  -58.92  -59.39  -59.30  -59.57  -59.74  -59.77  -59.79  -60.00  -59.88  -59.54  -59.39  -59.43  -59.30  -59.21  -59.61  -59.55
  100.00  -58.00  -58.14  -58.60  -59.13  -59.57  -59.97  -59.91  -59.46  -58.82  -58.38  -58.02  -57.91  -58.03  -57.98  -57.49  -57.08  -57.15  -57.16  -56.94  -56.96  -57.01  -56.75  -56.64  -56.87
  125.00  -59.06  -59.05  -59.00  -59.12  -59.56  -60.34  -60.96  -61.30  -61.44  -61.39  -61.04  -61.21  -61.37  -61.61  -61.96  -61.99  -61.93  -61.56  -60.53  -59.50  -59.21  -59.62  -58.93  -59.18
  150.00  -61.99  -62.24  -63.18  -64.46  -65.49  -66.09  -66.51  -66.89  -67.33  -67.62  -67.82  -68.09  -68.30  -68.23  -67.81  -67.34  -66.83  -66.64  -66.76  -66.84  -66.70  -65.94  -63.93  -62.51
  175.00  -63.96  -64.24  -64.20  -63.91  -63.62  -63.85  -64.70  -65.43  -65.70  -65.87  -66.34  -66.07  -65.63  -65.30  -65.31  -65.92  -66.02  -65.68  -65.03  -64.28  -63.41  -62.28  -60.65  -59.81
  200.00  -62.06  -62.04  -62.09  -62.23  -62.55  -62.68  -62.71  -62.77  -62.76  -62.60  -62.46  -62.17  -61.84  -61.95  -62.39  -62.32  -61.95  -61.93  -61.98  -61.69  -61.01  -60.28  -59.68  -58.63
  225.00  -58.37  -58.22  -57.95  -57.74  -57.65  -57.68  -57.62  -57.41  -57.09  -56.82  -56.53  -56.31  -56.20  -56.26  -56.16  -55.85  -55.68  -55.67  -55.68  -55.94  -56.07  -56.04  -56.27  -56.54
  250.00  -53.18  -53.11  -52.82  -52.28  -51.78  -51.61  -51.58  -51.45  -51.17  -50.83  -50.52  -50.44  -50.38  -50.37  -50.07  -49.52  -49.59  -50.06  -50.05  -50.15  -50.40  -50.78  -50.73  -51.22
  300.00  -42.31  -42.23  -42.06  -41.88  -41.66  -41.27  -40.84  -40.66  -40.69  -40.74  -40.61  -40.42  -40.28  -40.37  -40.54  -40.86  -41.20  -41.28  -41.41  -41.10  -41.00  -41.22  -41.64  -42.18
  350.00  -33.26  -33.04  -32.94  -32.93  -32.89  -32.80  -32.72  -32.76  -32.76  -32.66  -32.16  -32.02  -32.10  -32.30  -32.35  -32.33  -32.44  -32.29  -32.63  -32.41  -32.09  -32.28  -33.27  -34.21
  400.00  -26.20  -26.06  -25.86  -25.55  -25.19  -24.92  -24.65  -24.47  -24.37  -24.37  -24.45  -24.44  -24.47  -24.61  -24.73  -24.70  -24.62  -24.48  -24.70  -24.87  -25.40  -26.28  -26.74  -27.16
  450.00  -20.24  -20.21  -20.28  -20.27  -20.04  -19.70  -19.07  -18.47  -18.23  -18.17  -18.57  -18.50  -18.42  -18.45  -18.52  -18.40  -18.06  -18.16  -18.76  -20.12  -20.35  -19.88  -20.00  -20.58
  500.00  -15.08  -14.83  -14.57  -14.45  -14.49  -14.56  -14.48  -14.24  -14.02  -13.83  -14.22  -14.20  -14.00  -13.84  -13.84  -13.85  -13.46  -13.78  -14.32  -14.57  -14.44  -14.48  -14.67  -14.95
  550.00   -9.92   -9.66   -9.34   -9.01   -8.62   -8.30   -8.44   -8.76   -8.94   -9.05   -9.52   -9.69   -9.68   -9.57   -9.46   -9.35   -8.72   -8.95   -9.35   -9.53   -9.51   -9.53   -9.82   -9.84
  600.00   -4.27   -4.21   -4.10   -3.89   -3.57   -3.03   -2.73   -2.86   -3.10   -3.32   -3.50   -3.77   -3.90   -4.00   -3.90   -3.57   -3.28   -3.26   -3.20   -3.63   -3.99   -4.14   -4.49   -4.65
  650.00    1.11    1.01    0.92    0.97    1.15    1.42    1.92    2.30    2.27    2.16    2.18    2.02    1.82    1.80    2.07    2.38    1.77    2.45    2.80    2.10    1.82    1.36    1.12    0.84
  700.00    6.13    6.10    6.02    5.92    5.87    5.88    6.04    6.42    6.77    6.93    7.15    7.28    7.24    7.19    7.46    7.59    6.71    6.94    7.47    6.76    6.51    6.57    6.37    6.61
  750.00    9.98   10.14   10.27   10.32   10.24   10.13   10.20   10.34   10.50   10.77   11.62   12.14   12.24   12.09   12.16   11.98   11.69   11.32   12.38   12.12   11.69   11.00   10.62   10.83
  775.00   11.32   11.59   11.80   11.97   12.02   11.98   12.07   12.19   12.27   12.46   13.49   13.95   14.26   14.28   14.29   13.96   13.79   13.64   14.87   14.81   14.39   13.56   12.65   12.64
  800.00   13.29   13.36   13.43   13.48   13.51   13.51   13.63   13.77   13.87   14.05   15.07   15.32   15.73   15.91   15.72   15.61   16.00   15.94   17.25   17.39   17.01   16.18   15.03   14.52
  825.00   15.58   15.41   15.26   15.10   14.93   14.84   14.89   15.03   15.19   15.41   16.11   16.33   16.77   16.63   16.88   17.52   18.30   18.32   19.53   19.72   19.34   18.58   17.53   16.79
  850.00   17.15   16.94   16.76   16.55   16.27   15.98   15.90   15.98   16.22   16.60   17.07   17.47   17.25   18.14   19.09   19.89   20.57   20.64   21.91   21.98   21.39   20.80   19.97   19.29
  875.00   18.51   18.14   17.67   17.29   16.97   16.79   16.78   16.80   17.11   17.62   17.30   17.47   19.14   20.59   21.59   22.43   23.27   22.92   24.04   23.80   22.73   22.28   22.07   21.47
  900.00   18.62   18.11   17.70   17.37   17.06   16.75   16.58   16.58   16.45   16.52   17.60   19.63   21.50   22.98   23.99   24.84   25.78   24.88   25.70   25.26   23.53   22.35   22.63   22.08
  925.00   18.30   17.78   17.55   17.28   16.89   16.36   16.06   15.97   16.92   18.74   20.18   22.24   24.15   25.64   26.65   27.47   28.33   26.70   26.47   25.59   23.75   22.21   21.89   20.95
  950.00   19.25   18.70   18.60   18.41   17.96   17.67   17.42   17.36   18.29   20.13   21.61   23.68   25.58   27.04   28.05   28.84   29.70   28.32   28.42   27.55   25.61   24.00   23.75   22.89
  975.00   21.01   20.42   20.08   19.77   19.42   19.05   18.80   18.78   19.73   21.65   23.12   25.20   27.10   28.56   29.55   30.35   31.22   29.86   29.96   29.06   27.11   25.49   25.23   24.35
 1000.00   22.54   21.94   21.57   21.24   20.87   20.50   20.25   20.23   21.14   23.04   24.51   26.60   28.52   29.99   30.98   31.78   32.66   31.29   31.40   30.51   28.56   26.92   26.67   25.79
