#  level#  00:00#  01:00#  02:00#  03:00#  04:00#  05:00#  06:00#  07:00#  08:00#  09:00#  10:00#  11:00#  12:00#  13:00#  14:00#  15:00#  16:00#  17:00#  18:00#  19:00#  20:00#  21:00#  22:00#  23:00
    1.00   -9.74   -9.33   -9.11   -8.85   -7.72   -6.64   -5.82   -5.91   -6.07   -5.98   -5.11   -4.53   -3.60   -3.10   -3.31   -3.78   -4.71   -4.64   -4.36   -3.77   -3.68   -4.75   -4.84   -5.85
    2.00  -10.46  -11.61  -11.46  -10.37   -9.81  -10.17  -10.35  -11.09  -11.76  -11.95  -11.28   -9.98   -9.23   -8.63   -7.82   -8.03   -8.09   -7.16   -6.50   -5.29   -4.18   -3.41   -4.49   -5.27
    3.00  -21.80  -23.41  -25.02  -25.67  -24.52  -24.09  -23.50  -23.30  -22.38  -22.30  -22.60  -22.69  -22.27  -21.84  -20.81  -20.53  -21.24  -22.09  -21.92  -19.87  -17.30  -14.63  -13.90  -14.36
   10.00  -51.77  -51.38  -51.34  -51.53  -51.51  -51.45  -50.79  -50.44  -51.24  -52.12  -51.64  -51.88  -52.13  -52.57  -52.12  -51.26  -51.01  -50.47  -49.95  -50.10  -50.57  -51.05  -52.19  -53.01
   20.00  -57.53  -57.69  -57.90  -57.91  -57.84  -58.11  -58.18  -58.23  -58.39  -58.29  -58.54  -58.56  -58.07  -57.67  -57.32  -56.57  -56.16  -56.20  -56.48  -56.58  -57.08  -57.66  -57.18  -56.87
   30.00  -60.69  -60.53  -60.37  -60.98  -61.88  -62.23  -61.68  -61.34  -61.40  -61.15  -60.54  -60.66  -60.72  -60.72  -60.77  -60.83  -61.30  -61.80  -61.84  -61.34  -60.86  -60.89  -61.59  -61.48
   50.00  -68.01  -68.32  -68.60  -68.56  -68.18  -67.76  -67.52  -67.47  -67.20  -66.83  -66.87  -66.97  -66.83  -66.60  -66.27  -65.97  -66.03  -65.83  -65.46  -65.20  -65.39  -65.49  -65.32  -64.82
   70.00  -65.52  -65.52  -65.93  -66.33  -66.47  -66.37  -66.42  -66.56  -66.48  -66.02  -65.17  -65.17  -65.32  -65.28  -65.44  -65.42  -65.72  -66.35  -65.94  -65.35  -64.91  -64.70  -64.42  -64.47
  100.00  -69.66  -69.69  -69.45  -69.16  -68.74  -68.39  -68.07  -67.67  -67.45  -67.66  -67.43  -67.58  -67.98  -67.87  -66.99  -66.16  -65.23  -64.50  -64.56  -64.70  -64.79  -64.65  -64.74  -64.71
  125.00  -67.88  -68.06  -67.98  -67.85  -67.72  -67.71  -67.65  -67.63  -67.30  -66.78  -66.76  -66.87  -66.63  -66.46  -66.22  -65.70  -65.53  -65.51  -65.29  -64.86  -64.16  -63.58  -62.85  -62.97
  150.00  -65.63  -65.77  -65.87  -65.68  -65.29  -64.99  -64.71  -64.67  -64.75  -64.57  -64.04  -63.29  -62.87  -62.88  -63.57  -63.85  -63.93  -63.54  -63.41  -63.21  -63.10  -62.89  -61.81  -61.37
  175.00  -62.35  -62.30  -62.33  -62.40  -62.50  -62.49  -62.36  -61.99  -61.66  -61.42  -60.84  -60.42  -60.66  -60.89  -60.98  -61.52  -61.94  -62.10  -61.94  -61.54  -61.27  -61.14  -61.35  -61.64
  200.00  -57.77  -57.57  -57.64  -58.02  -58.27  -58.46  -58.74  -58.94  -58.96  -58.83  -58.45  -58.62  -59.10  -59.65  -59.71  -59.78  -59.97  -60.38  -60.53  -60.64  -60.53  -60.42  -61.18  -61.45
  225.00  -53.63  -53.83  -54.13  -54.38  -54.60  -55.05  -55.55  -55.64  -55.58  -55.79  -55.66  -56.13  -56.36  -56.47  -56.43  -56.60  -56.90  -56.97  -56.95  -57.07  -57.02  -56.86  -57.32  -57.57
  250.00  -49.83  -50.11  -50.42  -50.66  -50.92  -51.20  -51.30  -51.29  -51.35  -51.41  -51.03  -51.32  -51.43  -51.54  -51.76  -52.02  -52.19  -52.08  -52.10  -52.30  -52.49  -52.63  -52.98  -53.13
  300.00  -41.25  -41.42  -41.53  -41.81  -42.12  -42.15  -42.22  -42.36  -42.44  -42.38  -42.80  -42.69  -42.56  -42.58  -42.68  -42.70  -42.66  -42.69  -42.64  -42.70  -42.76  -42.93  -43.30  -43.51
  350.00  -32.66  -32.89  -33.22  -33.50  -33.58  -33.62  -33.50  -33.40  -33.24  -33.23  -33.77  -33.78  -33.59  -33.58  -33.79  -33.78  -33.82  -33.83  -33.98  -34.16  -34.23  -34.43  -34.95  -35.04
  400.00  -26.84  -26.31  -25.89  -25.66  -25.56  -25.55  -25.55  -25.46  -25.44  -25.29  -26.09  -26.12  -26.15  -26.14  -26.45  -26.21  -26.12  -26.26  -26.48  -26.61  -27.09  -27.35  -27.75  -27.68
  450.00  -21.32  -20.87  -20.12  -19.39  -19.01  -18.77  -18.76  -19.02  -18.99  -19.05  -19.36  -19.44  -19.70  -20.07  -20.21  -20.15  -20.06  -20.35  -20.70  -20.85  -21.08  -21.33  -21.45  -21.45
  500.00  -14.79  -14.75  -14.62  -14.25  -13.84  -13.52  -13.31  -13.63  -13.86  -14.23  -13.67  -13.75  -14.08  -14.40  -14.44  -14.76  -15.01  -15.32  -15.41  -15.52  -15.50  -15.58  -15.51  -15.58
  550.00   -8.67   -8.93   -9.19   -9.37   -9.43   -9.36   -9.15   -9.12   -9.37  -10.00   -9.58   -9.49   -9.51   -9.62   -9.67   -9.83  -10.09  -10.35  -10.53  -10.70  -10.56  -10.56  -10.20  -10.10
  600.00   -4.10   -4.46   -4.69   -4.84   -4.95   -5.00   -4.97   -4.94   -5.06   -5.51   -6.03   -6.10   -5.78   -5.68   -6.09   -6.00   -5.74   -6.21   -6.43   -6.52   -6.66   -6.90   -6.08   -6.06
  650.00    0.02   -0.26   -0.44   -0.50   -0.49   -0.58   -0.97   -1.31   -1.94   -2.10   -2.80   -2.56   -2.40   -2.29   -2.54   -2.56   -2.59   -2.69   -3.08   -2.95   -3.16   -3.26   -2.68   -3.00
  700.00    1.27    0.93    1.00    1.53    1.93    1.62    0.78    0.37   -0.05   -0.38   -0.72   -0.39    0.10    0.28    0.16    0.13   -0.03    0.34    0.07    0.07    0.03    0.04   -0.31   -0.73
  750.00    1.41    1.58    1.79    1.57    1.62    1.45    1.45    1.68    1.63    1.50    1.74    1.88    2.41    2.61    2.73    2.84    2.92    3.28    3.75    3.19    2.86    2.89    2.08    1.60
  775.00    3.47    3.50    3.23    2.94    2.77    2.87    3.01    3.17    2.84    3.07    3.46    3.42    3.85    4.05    4.03    4.26    4.49    4.85    5.22    4.84    4.50    4.44    3.81    3.52
  800.00    5.17    5.22    4.88    4.66    4.66    4.77    4.90    4.97    4.55    4.63    5.05    4.94    5.28    5.59    5.62    5.98    6.17    6.40    6.48    6.44    6.29    6.15    5.43    5.21
  825.00    6.57    6.49    6.41    6.32    6.33    6.45    6.49    6.57    6.37    6.36    6.56    6.56    6.79    7.15    7.37    7.76    7.95    7.93    7.79    7.80    7.81    7.57    6.53    6.21
  850.00    7.75    7.69    7.72    7.82    7.80    7.82    7.77    8.12    8.16    8.19    8.20    8.13    8.47    8.85    9.26    9.54    9.50    9.25    9.07    9.06    8.95    8.42    7.32    6.98
  875.00    8.92    8.91    9.05    9.16    9.13    9.00    9.07    9.63    9.81    9.89    9.51    9.79   10.12   10.64   11.02   11.27   11.05   10.72   10.55   10.14    9.72    9.02    8.11    7.90
  900.00   10.30   10.14   10.25   10.29   10.25   10.28   10.48   10.93   11.27   11.37   11.02   11.36   11.72   12.11   12.75   13.10   12.80   12.45   12.06   11.35   10.44    9.64    8.99    8.93
  925.00   11.74   11.79   11.85   11.80   11.81   11.91   12.15   12.43   12.75   12.85   12.50   12.77   13.20   13.98   14.62   14.85   14.56   14.11   13.49   12.49   11.17   10.82   10.17   10.09
  950.00   13.32   13.27   13.23   13.18   13.21   13.27   13.45   13.48   13.89   14.17   13.79   14.20   15.04   15.90   16.52   16.58   16.18   15.58   14.89   13.86   12.79   12.26   11.66   11.53
  975.00   14.78   14.78   14.76   14.73   14.77   14.86   15.02   15.08   15.36   15.67   15.26   15.63   16.33   17.20   17.94   18.03   17.65   17.03   16.42   15.44   14.41   13.89   13.25   13.15
 1000.00   16.38   16.36   16.34   16.33   16.37   16.45   16.47   16.45   16.61   16.85   16.58   17.05   17.78   18.63   19.32   19.33   18.93   18.39   17.89   17.08   16.13   15.61   15.00   14.88
