#  level#  00:00#  01:00#  02:00#  03:00#  04:00#  05:00#  06:00#  07:00#  08:00#  09:00#  10:00#  11:00#  12:00#  13:00#  14:00#  15:00#  16:00#  17:00#  18:00#  19:00#  20:00#  21:00#  22:00#  23:00
    1.00  -12.02  -13.63  -14.62  -17.12  -18.11  -18.84  -17.08  -15.27  -13.78  -14.17  -15.28  -15.16  -12.88  -11.00  -10.46  -10.35  -11.54  -11.42  -10.75  -11.17  -11.38  -11.90  -13.90  -15.62
    2.00  -17.16  -16.79  -17.80  -19.09  -20.44  -22.23  -23.08  -24.30  -24.98  -23.38  -22.44  -23.01  -23.11  -21.11  -19.22  -17.92  -18.59  -20.55  -22.58  -22.67  -21.04  -19.62  -18.25  -18.09
    3.00  -29.57  -28.46  -28.14  -27.25  -26.26  -26.37  -27.31  -27.25  -28.53  -30.05  -29.72  -28.48  -29.13  -30.27  -30.34  -29.01  -26.28  -25.55  -25.83  -26.85  -28.20  -28.43  -28.79  -27.64
   10.00  -48.68  -49.55  -49.63  -49.17  -47.43  -46.68  -47.75  -48.18  -48.14  -48.64  -49.64  -49.34  -48.97  -48.33  -47.86  -47.98  -47.97  -47.41  -46.94  -47.04  -47.34  -47.90  -48.11  -48.18
   20.00  -51.63  -51.81  -52.27  -52.69  -53.14  -53.42  -52.56  -51.69  -51.86  -51.82  -51.60  -51.72  -51.92  -52.35  -52.30  -51.12  -50.86  -51.69  -52.26  -51.86  -51.20  -51.19  -51.59  -51.81
   30.00  -53.83  -54.56  -55.34  -55.70  -56.26  -56.65  -56.55  -55.99  -55.12  -54.40  -53.93  -54.21  -54.26  -53.95  -54.50  -55.60  -55.55  -55.03  -54.86  -54.85  -54.59  -54.23  -54.40  -54.56
   50.00  -58.90  -59.78  -59.30  -58.58  -57.66  -57.65  -58.16  -58.45  -58.33  -58.46  -58.75  -58.48  -58.48  -58.63  -58.85  -58.80  -58.60  -58.63  -58.72  -58.80  -58.96  -59.12  -58.79  -58.68
   70.00  -56.45  -56.75  -56.99  -57.09  -57.22  -57.53  -57.73  -57.95  -57.92  -57.69  -57.39  -57.56  -57.85  -57.83  -57.73  -58.16  -58.52  -58.32  -57.75  -57.35  -57.35  -57.65  -57.68  -57.77
  100.00  -58.51  -58.21  -58.35  -58.90  -59.10  -59.07  -59.20  -59.24  -59.23  -59.20  -59.16  -59.79  -60.16  -60.21  -60.02  -59.94  -60.29  -60.87  -61.22  -61.21  -60.93  -60.60  -60.67  -61.00
  125.00  -58.61  -58.47  -58.37  -58.74  -59.34  -59.85  -60.41  -61.03  -61.38  -61.33  -60.96  -60.98  -61.10  -61.47  -61.79  -61.76  -61.62  -61.69  -62.03  -62.45  -62.80  -62.97  -62.81  -62.85
  150.00  -57.80  -57.97  -58.08  -58.13  -58.27  -58.33  -58.43  -58.83  -59.47  -60.04  -60.62  -60.49  -60.37  -60.59  -61.04  -61.32  -61.32  -61.25  -61.26  -61.29  -61.33  -61.40  -60.88  -61.00
  175.00  -56.13  -56.99  -57.46  -58.03  -58.65  -59.11  -59.20  -59.25  -59.64  -60.39  -61.54  -61.79  -61.74  -61.61  -61.65  -61.73  -61.70  -61.62  -61.59  -61.53  -61.40  -61.42  -61.46  -61.43
  200.00  -56.03  -56.83  -57.32  -57.60  -57.73  -57.85  -58.00  -58.05  -58.03  -58.09  -58.40  -58.58  -58.73  -58.86  -59.11  -59.34  -59.38  -59.43  -59.64  -59.95  -60.15  -60.23  -60.47  -60.50
  225.00  -53.90  -54.33  -54.60  -54.78  -54.94  -54.91  -54.86  -55.15  -55.56  -55.77  -55.97  -55.85  -55.91  -56.04  -56.10  -56.07  -55.97  -55.88  -55.90  -55.98  -56.03  -56.03  -55.99  -55.86
  250.00  -50.85  -51.27  -51.52  -51.71  -51.94  -52.02  -51.71  -51.23  -51.00  -51.15  -51.47  -51.60  -51.79  -51.93  -51.96  -51.88  -51.67  -51.37  -51.10  -50.98  -50.95  -50.95  -50.90  -50.85
  300.00  -42.83  -42.84  -42.81  -42.76  -42.75  -42.79  -42.81  -42.69  -42.36  -42.06  -41.79  -41.75  -41.81  -41.92  -41.99  -42.02  -42.06  -42.02  -41.81  -41.53  -41.29  -41.16  -41.14  -41.17
  350.00  -35.02  -34.79  -34.64  -34.40  -33.97  -33.57  -33.45  -33.68  -33.88  -33.87  -33.70  -33.62  -33.40  -33.09  -32.93  -32.97  -33.08  -33.20  -33.29  -33.32  -33.28  -33.23  -33.14  -33.07
  400.00  -27.66  -27.48  -27.46  -27.57  -27.65  -27.51  -26.99  -26.46  -26.26  -26.26  -26.29  -26.27  -26.19  -25.90  -25.50  -25.17  -24.97  -24.95  -25.00  -25.08  -25.17  -25.26  -25.17  -25.25
  450.00  -21.04  -20.59  -20.47  -20.60  -20.77  -20.93  -21.01  -20.99  -20.88  -20.75  -20.53  -20.16  -19.89  -19.64  -19.40  -19.16  -18.92  -18.84  -18.87  -18.89  -18.83  -18.77  -18.61  -18.62
  500.00  -17.38  -16.34  -15.65  -15.29  -15.07  -15.12  -15.18  -15.23  -15.15  -14.90  -14.55  -14.29  -14.15  -14.10  -14.08  -14.02  -13.86  -13.79  -13.86  -13.96  -13.97  -13.83  -13.78  -13.62
  550.00  -14.01  -13.17  -12.46  -12.00  -11.42  -11.06  -10.82  -10.59  -10.35  -10.08   -9.61   -9.15   -8.99   -9.01   -9.07   -9.08   -8.94   -8.79   -8.71   -8.69   -8.68   -8.59   -8.72   -8.57
  600.00   -9.98   -9.70   -9.10   -8.46   -7.96   -7.62   -7.26   -6.83   -6.30   -5.91   -5.81   -5.40   -5.14   -4.99   -4.95   -4.87   -4.64   -4.37   -4.19   -4.14   -4.15   -4.10   -4.19   -3.97
  650.00   -7.00   -6.81   -6.71   -6.37   -5.67   -4.83   -4.09   -3.75   -3.26   -2.73   -2.54   -2.33   -2.19   -2.02   -1.91   -1.78   -1.56   -1.33   -1.18   -1.12   -1.08   -1.03   -1.19   -0.84
  700.00   -4.03   -4.12   -4.19   -3.99   -4.01   -4.05   -3.98   -3.55   -3.19   -2.88   -2.19   -1.48   -0.85   -0.07    0.60    0.92    1.16    1.47    1.66    1.73    1.74    1.73    1.40    1.60
  750.00   -1.14   -1.30   -1.46   -1.36   -1.37   -1.54   -1.82   -1.61   -1.53   -1.37   -0.98   -1.28   -1.11   -0.42    0.43    0.90    1.22    1.92    2.73    3.37    3.69    3.92    3.86    4.07
  775.00    0.23   -0.04   -0.14   -0.18   -0.13   -0.20   -0.72   -0.58   -0.40   -0.33    0.43   -0.12   -0.08    0.19    0.45    0.66    0.83    1.32    2.29    3.21    3.87    4.30    4.50    4.80
  800.00    1.73    1.48    1.19    1.09    1.15    1.15    0.63    0.78    0.83    0.92    1.48    1.38    1.54    1.63    1.74    1.74    1.70    1.90    2.40    3.09    3.84    4.45    4.94    5.22
  825.00    3.36    3.16    2.76    2.51    2.64    2.65    2.47    2.46    2.49    2.53    2.75    3.02    3.46    3.29    3.27    3.20    3.19    3.20    3.16    3.52    3.93    4.55    5.29    5.49
  850.00    4.84    4.65    4.28    4.08    4.22    4.16    4.23    4.22    4.26    4.18    4.20    4.54    4.94    4.88    4.85    4.75    4.55    4.51    4.40    4.45    4.46    4.59    5.56    5.77
  875.00    6.08    5.90    5.70    5.58    5.59    5.45    5.77    5.69    5.77    5.75    5.75    6.04    6.23    6.21    6.04    6.01    5.83    5.86    5.86    5.83    5.80    5.63    6.16    6.15
  900.00    7.34    7.18    7.22    7.15    7.06    6.92    7.10    7.13    7.15    7.19    7.38    7.63    7.57    7.43    7.55    7.47    7.36    7.39    7.27    7.26    7.31    7.35    7.76    7.76
  925.00    8.57    8.43    8.44    8.54    8.45    8.34    8.51    8.38    8.56    8.74    8.73    8.87    8.84    8.91    8.90    8.93    8.88    8.83    8.85    8.89    9.04    9.17    9.63    9.64
  950.00    9.88    9.74    9.55    9.68    9.80    9.56    9.72    9.63    9.86   10.15   10.14   10.35   10.35   10.44   10.58   10.70   10.70   10.54   10.54   10.71   10.98   11.19   11.54   11.61
  975.00   11.31   10.95   10.97   11.13   11.19   10.97   11.21   11.29   11.68   12.10   12.06   12.52   12.59   12.75   12.89   12.98   12.88   12.70   12.60   12.65   12.87   12.98   13.22   13.25
 1000.00   12.95   12.63   12.45   12.68   12.83   12.61   12.89   12.92   13.06   13.43   13.41   13.75   13.91   14.05   14.22   14.33   14.32   14.16   14.15   14.29   14.56   14.74   15.05   15.15
