#  level#  00:00#  01:00#  02:00#  03:00#  04:00#  05:00#  06:00#  07:00#  08:00#  09:00#  10:00#  11:00#  12:00#  13:00#  14:00#  15:00#  16:00#  17:00#  18:00#  19:00#  20:00#  21:00#  22:00#  23:00
    1.00  -14.47  -14.39  -14.59  -15.66  -17.03  -18.45  -19.57  -19.65  -19.00  -18.19  -15.77  -14.94  -13.47  -11.19   -9.39   -9.38  -10.41  -10.47  -11.12  -13.56  -15.03  -14.75  -12.60   -9.94
    2.00  -19.85  -20.19  -20.39  -19.34  -18.44  -18.55  -19.60  -19.76  -19.97  -20.69  -20.22  -18.88  -19.11  -19.46  -19.73  -18.62  -18.54  -18.92  -17.41  -15.69  -15.27  -15.03  -16.61  -19.46
    3.00  -28.35  -28.71  -30.00  -30.78  -30.42  -29.61  -28.80  -27.59  -26.20  -26.27  -28.59  -28.49  -27.70  -26.42  -25.85  -24.96  -24.68  -26.10  -27.54  -27.98  -28.24  -28.28  -25.65  -24.93
   10.00  -47.16  -45.66  -43.91  -43.63  -44.58  -45.61  -46.42  -47.25  -47.78  -48.17  -47.95  -48.35  -47.80  -46.47  -44.79  -43.74  -42.90  -42.15  -42.40  -44.30  -45.74  -46.40  -46.46  -45.94
   20.00  -50.94  -51.17  -51.02  -50.49  -49.72  -49.43  -49.75  -49.87  -49.20  -48.85  -49.34  -49.89  -50.08  -50.28  -50.16  -50.05  -49.99  -49.81  -49.19  -48.90  -49.87  -50.67  -49.94  -49.94
   30.00  -52.12  -52.63  -53.03  -53.55  -53.70  -53.55  -53.32  -53.40  -53.77  -53.79  -52.98  -51.54  -50.63  -50.93  -51.59  -51.88  -52.22  -52.92  -53.33  -53.08  -52.79  -53.12  -53.86  -54.02
   50.00  -56.48  -56.75  -57.11  -57.32  -57.48  -57.59  -57.62  -57.45  -57.17  -56.94  -56.65  -56.71  -56.64  -56.57  -56.74  -56.82  -56.93  -57.03  -57.37  -57.79  -57.71  -57.23  -57.08  -56.83
   70.00  -60.07  -60.20  -60.37  -60.29  -59.93  -59.63  -59.38  -59.12  -58.98  -59.02  -59.18  -59.78  -60.27  -60.54  -60.70  -60.54  -60.15  -59.67  -59.02  -58.79  -58.64  -58.53  -58.55  -59.17
  100.00  -60.01  -60.12  -60.54  -60.96  -60.92  -60.58  -60.36  -60.61  -61.07  -61.43  -61.02  -61.09  -61.12  -61.06  -61.00  -60.94  -60.96  -61.23  -61.62  -61.96  -62.20  -62.35  -62.28  -62.01
  125.00  -60.10  -60.43  -60.61  -60.68  -60.62  -60.57  -60.47  -60.40  -60.53  -60.71  -60.94  -60.79  -60.74  -60.77  -61.00  -61.30  -61.33  -61.33  -61.51  -61.75  -62.03  -62.28  -62.07  -62.38
  150.00  -57.28  -57.42  -57.61  -57.80  -57.77  -57.72  -57.62  -57.38  -57.40  -57.88  -59.28  -59.86  -60.40  -60.69  -60.68  -60.63  -60.68  -60.81  -60.84  -60.84  -60.83  -60.83  -60.89  -61.35
  175.00  -56.39  -56.37  -56.66  -57.27  -57.94  -58.26  -58.55  -58.43  -58.33  -58.52  -58.38  -58.44  -58.52  -58.62  -58.85  -59.29  -59.39  -59.33  -59.36  -59.32  -59.47  -59.57  -59.47  -59.38
  200.00  -58.45  -59.10  -58.95  -58.30  -57.89  -57.85  -57.91  -57.72  -57.26  -56.97  -56.50  -56.28  -56.10  -56.80  -58.01  -58.78  -59.36  -59.63  -59.56  -59.27  -58.97  -58.68  -58.76  -58.14
  225.00  -55.57  -55.20  -55.24  -55.45  -55.23  -55.06  -54.76  -54.62  -54.34  -54.13  -53.85  -54.07  -54.87  -55.45  -55.49  -55.35  -55.21  -55.10  -55.02  -54.93  -54.84  -54.77  -55.09  -55.13
  250.00  -50.61  -50.70  -50.59  -50.58  -50.75  -50.71  -50.89  -51.31  -51.56  -51.40  -51.50  -51.69  -51.77  -51.44  -50.74  -50.35  -50.33  -50.40  -50.34  -50.15  -49.98  -50.09  -50.32  -50.43
  300.00  -40.31  -40.32  -40.62  -40.74  -40.81  -41.02  -41.23  -41.49  -41.62  -41.82  -42.10  -42.28  -42.24  -41.95  -41.80  -41.57  -41.13  -40.82  -40.68  -40.57  -40.46  -40.34  -40.26  -40.41
  350.00  -31.19  -31.21  -31.12  -31.38  -31.74  -31.95  -32.09  -32.32  -32.60  -32.70  -32.75  -32.70  -32.63  -32.55  -32.48  -32.44  -32.35  -32.27  -32.30  -32.32  -32.19  -31.88  -31.22  -31.03
  400.00  -23.16  -23.17  -23.42  -23.70  -23.78  -23.93  -24.12  -24.13  -24.28  -24.43  -24.58  -24.36  -24.07  -23.86  -23.82  -23.91  -24.08  -24.22  -24.34  -24.49  -24.60  -24.62  -24.45  -24.20
  450.00  -16.88  -16.77  -16.75  -16.88  -16.97  -17.04  -17.19  -17.49  -17.70  -17.78  -17.67  -17.52  -17.44  -17.29  -17.18  -17.08  -16.98  -16.94  -16.98  -17.06  -17.10  -17.15  -17.57  -17.69
  500.00  -12.62  -12.60  -12.38  -12.26  -12.38  -12.46  -12.36  -12.27  -12.29  -12.31  -11.88  -11.67  -11.53  -11.42  -11.26  -11.01  -10.87  -10.82  -10.82  -10.87  -10.86  -10.79  -11.25  -11.22
  550.00   -8.07   -8.04   -8.12   -8.27   -8.43   -8.60   -8.64   -8.47   -8.21   -7.88   -7.55   -7.26   -7.12   -7.05   -6.77   -6.19   -5.92   -5.98   -6.09   -6.24   -6.19   -5.97   -5.88   -5.62
  600.00   -4.46   -4.28   -4.25   -4.31   -4.33   -4.36   -4.42   -4.42   -4.32   -4.12   -3.97   -3.63   -3.49   -3.44   -3.27   -2.83   -2.59   -2.56   -2.50   -2.47   -2.34   -2.13   -2.00   -1.84
  650.00   -0.94   -0.77   -0.60   -0.53   -0.39   -0.22   -0.11   -0.04    0.02    0.09    0.16    0.37    0.54    0.65    0.78    0.98    1.15    1.27    1.41    1.50    1.65    1.81    1.75    1.73
  700.00    2.44    2.58    2.77    2.83    2.90    3.18    3.46    3.74    3.85    3.88    4.11    4.28    4.47    4.60    4.68    4.80    4.92    5.16    5.37    5.51    5.62    5.73    5.69    5.66
  750.00    5.08    4.94    5.15    5.24    5.15    5.09    5.13    5.68    6.11    6.34    6.58    6.81    7.15    7.36    7.37    7.34    7.52    7.97    8.41    8.65    8.77    8.87    8.97    9.10
  775.00    5.61    5.31    5.37    5.28    5.36    5.27    5.08    5.51    6.01    6.32    6.44    6.88    7.42    7.97    8.13    8.18    8.37    8.86    9.47    9.78    9.91    9.99   10.19   10.42
  800.00    6.22    5.80    5.64    5.48    5.24    4.93    4.65    4.63    4.82    4.96    5.15    5.73    6.45    7.55    8.02    8.29    8.67    9.30    9.99   10.40   10.56   10.61   11.03   11.27
  825.00    7.26    6.76    6.45    6.23    6.00    5.79    5.53    5.28    5.13    5.01    5.19    5.11    5.35    6.38    7.26    7.84    8.19    8.81    9.68   10.13   10.28   10.30   10.86   11.12
  850.00    8.21    7.85    7.62    7.38    7.06    6.87    6.62    6.40    6.22    6.23    6.26    6.00    6.01    5.98    6.48    6.83    7.45    8.07    8.50    8.75    8.82    8.81    9.17    9.49
  875.00    9.20    9.00    8.85    8.54    8.27    8.05    7.81    7.59    7.48    7.49    7.49    7.39    7.35    7.37    7.24    7.18    7.28    7.53    7.75    8.02    7.86    7.92    7.94    8.31
  900.00   10.26   10.15   10.01    9.66    9.45    9.39    9.22    8.93    9.04    9.01    9.13    9.05    9.05    9.08    8.76    8.52    8.34    8.12    8.06    8.15    8.25    8.51    8.60    8.92
  925.00   11.54   11.43   11.42   11.11   10.88   10.83   10.76   10.48   10.50   10.39   10.54   10.59   10.47   10.70   10.50   10.28   10.03    9.90    9.75    9.68    9.84    9.99   10.18   10.45
  950.00   12.98   12.97   12.91   12.79   12.60   12.33   12.25   12.13   12.13   11.96   12.11   12.35   12.39   12.64   12.45   12.34   12.18   12.07   11.93   11.83   11.83   11.92   11.95   12.24
  975.00   14.54   14.58   14.60   14.53   14.32   14.02   13.96   13.88   13.90   13.90   14.13   14.56   14.70   15.05   14.82   14.67   14.45   14.28   14.02   13.71   13.68   13.71   13.53   13.73
 1000.00   16.22   16.28   16.28   16.19   15.97   15.66   15.61   15.54   15.51   15.45   15.59   16.02   16.10   16.35   16.16   16.03   15.87   15.76   15.61   15.48   15.47   15.54   15.41   15.64
