#  level#  00:00#  01:00#  02:00#  03:00#  04:00#  05:00#  06:00#  07:00#  08:00#  09:00#  10:00#  11:00#  12:00#  13:00#  14:00#  15:00#  16:00#  17:00#  18:00#  19:00#  20:00#  21:00#  22:00#  23:00
    1.00  -11.99  -12.65  -11.87  -13.50  -16.42  -18.59  -18.33  -18.25  -18.68  -17.43  -13.15  -11.67  -12.05  -11.98  -10.82   -8.69   -7.64   -8.70  -10.93  -12.36  -13.46  -14.94  -15.94  -13.89
    2.00  -16.28  -14.33  -13.99  -15.26  -15.78  -17.22  -18.23  -18.39  -17.10  -15.61  -17.67  -19.66  -19.79  -19.72  -19.05  -17.54  -13.86  -10.99  -10.89  -11.33  -11.09  -11.49  -13.07  -15.29
    3.00  -25.51  -25.86  -24.15  -21.50  -20.01  -21.07  -22.38  -23.67  -25.42  -26.25  -25.77  -23.46  -21.16  -21.14  -22.02  -23.77  -25.52  -26.29  -25.80  -25.07  -23.73  -22.13  -20.17  -21.60
   10.00  -42.52  -41.51  -40.42  -40.05  -39.90  -41.48  -42.75  -43.25  -43.22  -42.94  -43.52  -43.64  -42.92  -42.02  -41.49  -40.85  -39.97  -39.58  -39.40  -40.04  -41.06  -42.11  -42.22  -42.15
   20.00  -50.06  -50.36  -49.82  -49.24  -49.31  -49.56  -49.81  -49.79  -48.95  -48.69  -49.38  -49.41  -49.82  -50.31  -50.26  -50.06  -49.70  -49.87  -49.61  -49.13  -48.76  -48.96  -49.63  -50.01
   30.00  -53.17  -52.89  -53.08  -53.13  -52.90  -53.25  -53.37  -53.54  -53.82  -53.38  -52.87  -52.88  -53.13  -53.34  -53.36  -53.35  -52.70  -52.16  -52.33  -52.70  -52.96  -53.06  -53.22  -53.68
   50.00  -56.92  -57.32  -57.63  -58.10  -58.31  -58.39  -58.40  -58.25  -58.55  -59.06  -58.86  -58.36  -57.68  -57.29  -56.99  -56.97  -57.33  -57.91  -58.20  -58.20  -58.30  -58.31  -58.33  -58.31
   70.00  -59.96  -60.22  -60.14  -59.89  -59.62  -59.45  -59.33  -58.77  -58.08  -58.03  -58.53  -58.98  -59.21  -59.45  -59.61  -59.86  -60.06  -60.14  -59.87  -59.60  -59.27  -58.87  -58.56  -58.43
  100.00  -61.95  -62.04  -62.34  -62.71  -62.81  -62.92  -63.07  -63.54  -64.01  -64.17  -64.55  -64.39  -64.08  -64.11  -64.10  -63.91  -63.59  -63.61  -63.63  -63.65  -63.49  -63.13  -62.97  -62.82
  125.00  -63.24  -63.16  -63.06  -62.94  -62.67  -62.47  -62.37  -62.42  -62.55  -62.59  -62.85  -62.83  -62.73  -62.69  -62.74  -62.73  -62.55  -62.38  -62.23  -62.08  -61.95  -61.71  -61.88  -61.80
  150.00  -58.47  -58.78  -59.15  -59.67  -59.91  -60.00  -59.98  -59.91  -59.99  -60.12  -60.20  -60.15  -60.13  -60.08  -60.11  -60.14  -59.97  -59.73  -59.53  -59.32  -59.27  -59.22  -58.97  -58.86
  175.00  -56.29  -56.62  -56.69  -56.90  -56.94  -56.84  -56.63  -56.35  -56.15  -56.17  -56.17  -56.17  -56.19  -56.14  -56.08  -56.05  -56.04  -56.15  -56.46  -56.76  -57.03  -57.23  -56.64  -56.00
  200.00  -55.46  -55.33  -55.42  -55.64  -55.65  -55.54  -55.02  -54.41  -54.09  -53.90  -53.94  -53.83  -53.88  -53.94  -53.98  -54.28  -54.64  -55.06  -55.28  -55.48  -55.89  -56.26  -56.40  -56.82
  225.00  -54.64  -55.11  -55.47  -55.63  -55.49  -55.21  -55.02  -54.69  -54.20  -53.96  -53.84  -53.59  -53.53  -53.57  -53.77  -54.18  -54.53  -54.82  -55.20  -55.62  -55.69  -56.00  -56.60  -56.89
  250.00  -50.30  -50.26  -50.09  -49.90  -49.78  -49.56  -49.51  -49.68  -49.94  -50.07  -49.73  -49.81  -50.20  -50.51  -50.62  -50.63  -50.58  -50.53  -50.42  -50.36  -50.38  -50.48  -50.56  -50.74
  300.00  -39.11  -39.13  -39.27  -39.42  -39.41  -39.31  -39.18  -39.11  -39.37  -39.66  -39.78  -40.26  -40.54  -40.68  -40.69  -40.56  -40.47  -40.45  -40.39  -40.26  -40.17  -40.16  -40.31  -40.40
  350.00  -30.36  -30.16  -29.88  -29.89  -30.09  -30.42  -30.70  -30.76  -30.60  -30.68  -30.94  -30.92  -30.98  -31.09  -31.14  -31.16  -31.09  -31.02  -31.06  -31.11  -31.04  -30.89  -30.93  -31.03
  400.00  -23.08  -23.23  -23.02  -22.74  -22.87  -23.36  -23.90  -24.10  -23.82  -23.52  -23.44  -23.38  -22.95  -22.48  -22.40  -22.49  -22.56  -22.65  -22.83  -23.06  -23.18  -23.13  -23.17  -23.41
  450.00  -16.90  -16.87  -16.95  -17.07  -17.28  -17.55  -17.77  -17.94  -18.00  -17.82  -17.48  -17.30  -17.33  -17.34  -17.09  -16.78  -16.50  -16.38  -16.36  -16.43  -16.54  -16.67  -16.84  -17.23
  500.00  -11.59  -11.56  -11.60  -11.76  -12.02  -12.37  -12.66  -12.78  -12.84  -12.88  -12.75  -12.56  -12.36  -12.21  -12.07  -12.07  -12.08  -12.00  -11.81  -11.68  -11.70  -11.83  -12.36  -12.61
  550.00   -6.90   -7.09   -7.28   -7.43   -7.57   -7.82   -8.08   -8.26   -8.33   -8.29   -8.22   -8.15   -8.06   -7.95   -7.71   -7.47   -7.26   -6.89   -6.58   -6.53   -6.64   -6.78   -7.17   -7.38
  600.00   -2.94   -3.12   -3.33   -3.45   -3.52   -3.67   -3.81   -3.96   -4.06   -4.08   -4.10   -4.00   -3.87   -3.80   -3.80   -3.88   -4.00   -3.88   -3.55   -3.42   -3.41   -3.31   -2.89   -2.89
  650.00    0.70    0.77    0.60    0.36    0.25    0.20    0.12   -0.01   -0.15   -0.18   -0.42   -0.31   -0.17   -0.05   -0.08   -0.26   -0.39   -0.54   -0.98   -1.41   -1.62   -1.39   -0.81   -0.45
  700.00    3.35    3.64    3.69    3.54    3.47    3.45    3.46    3.39    3.33    3.38    3.05    3.22    3.43    3.57    3.62    3.53    2.74    2.20    2.01    1.78    1.45    1.41    1.40    1.56
  750.00    4.94    5.45    5.63    5.67    5.91    6.15    6.28    6.30    6.34    6.53    6.28    6.59    6.84    7.17    7.29    6.63    6.60    6.65    6.61    6.43    6.24    6.09    5.92    5.84
  775.00    5.77    6.24    6.48    6.66    6.98    7.30    7.54    7.60    7.67    7.90    8.04    8.38    8.70    8.83    8.51    8.52    8.81    9.11    9.20    9.03    8.77    8.50    8.29    8.20
  800.00    7.34    7.53    7.69    7.86    8.17    8.49    8.76    8.89    8.98    9.21    9.73   10.10   10.30    9.93   10.12   10.59   11.11   11.43   11.69   11.57   11.27   10.93   10.71   10.53
  825.00    9.61    9.57    9.58    9.61    9.71    9.90   10.10   10.22   10.35   10.60   11.23   11.49   11.08   11.52   12.35   13.05   13.60   13.91   14.08   14.00   13.70   13.30   12.96   12.72
  850.00   11.67   11.66   11.61   11.56   11.54   11.53   11.56   11.64   11.79   11.99   12.46   12.07   12.80   13.88   14.78   15.48   16.02   16.33   16.41   16.30   16.01   15.58   15.03   14.74
  875.00   13.53   13.54   13.54   13.46   13.35   13.20   13.09   13.02   13.04   13.16   13.02   13.86   15.18   16.31   17.23   17.92   18.44   18.73   18.81   18.67   18.39   17.96   17.22   16.74
  900.00   15.17   15.02   14.90   14.74   14.59   14.43   14.27   14.13   14.03   13.84   14.59   16.20   17.53   18.70   19.63   20.34   20.85   21.09   21.10   20.95   20.66   20.27   19.50   18.86
  925.00   16.26   15.80   15.38   14.91   14.68   14.36   14.18   14.10   14.05   15.44   17.16   18.81   20.16   21.34   22.28   22.98   23.43   23.58   23.33   22.83   22.21   21.75   21.23   20.52
  950.00   18.10   17.72   17.33   16.91   16.59   16.33   16.09   15.89   15.76   16.88   18.62   20.25   21.60   22.74   23.65   24.34   24.82   25.00   24.90   24.55   23.95   23.35   22.82   22.16
  975.00   19.48   19.09   18.68   18.27   17.97   17.70   17.49   17.29   17.22   18.36   20.09   21.73   23.08   24.22   25.14   25.84   26.32   26.50   26.38   26.02   25.39   24.78   24.24   23.57
 1000.00   20.94   20.56   20.16   19.73   19.43   19.16   18.93   18.71   18.62   19.75   21.50   23.14   24.50   25.64   26.56   27.26   27.76   27.95   27.84   27.47   26.86   26.24   25.70   25.03
