#  level#  00:00#  01:00#  02:00#  03:00#  04:00#  05:00#  06:00#  07:00#  08:00#  09:00#  10:00#  11:00#  12:00#  13:00#  14:00#  15:00#  16:00#  17:00#  18:00#  19:00#  20:00#  21:00#  22:00#  23:00
    1.00  -11.77  -11.17  -13.03  -14.54  -16.76  -17.76  -17.27  -16.63  -17.02  -17.18  -14.48  -12.26  -13.30  -13.69  -12.71  -11.49   -9.86  -11.49  -14.75  -17.22  -18.55  -16.41  -11.60   -7.59
    2.00  -15.35  -15.88  -15.77  -14.94  -13.00  -12.62  -14.74  -17.40  -18.46  -18.47  -18.75  -17.59  -14.04  -12.50  -11.43  -11.77  -12.62  -11.26   -9.65  -10.28  -12.88  -15.42  -17.91  -18.70
    3.00  -19.10  -21.61  -22.83  -22.76  -23.27  -23.85  -21.29  -17.99  -18.61  -20.27  -22.55  -25.00  -25.08  -23.79  -21.84  -20.58  -20.31  -20.14  -20.35  -18.93  -16.78  -15.93  -16.53  -19.74
   10.00  -42.05  -42.75  -42.20  -42.16  -43.19  -43.59  -43.59  -43.56  -42.58  -41.15  -41.61  -42.98  -41.80  -40.51  -40.86  -41.21  -40.50  -40.47  -41.64  -42.17  -42.27  -42.08  -41.63  -41.78
   20.00  -49.94  -50.31  -50.40  -50.05  -49.85  -49.98  -50.53  -49.79  -48.26  -48.46  -49.83  -51.08  -50.74  -49.86  -49.15  -49.03  -49.05  -48.86  -48.56  -48.82  -49.21  -48.98  -48.71  -49.53
   30.00  -53.79  -53.06  -53.11  -53.76  -54.39  -54.72  -54.83  -55.16  -54.84  -53.80  -53.55  -53.59  -53.71  -53.65  -53.77  -53.47  -53.62  -53.93  -54.32  -54.23  -53.95  -53.65  -53.87  -53.67
   50.00  -54.77  -54.97  -55.09  -55.60  -55.99  -55.84  -55.53  -55.63  -56.20  -56.67  -55.15  -54.05  -53.74  -54.07  -54.32  -54.78  -54.59  -54.79  -54.87  -54.86  -55.09  -55.40  -55.45  -55.62
   70.00  -57.04  -56.93  -56.51  -56.07  -55.80  -55.61  -55.61  -55.67  -55.76  -56.22  -56.86  -56.92  -56.85  -56.60  -55.88  -55.79  -56.00  -55.77  -55.72  -55.69  -55.69  -56.03  -56.14  -55.95
  100.00  -54.93  -55.18  -55.43  -55.54  -55.77  -55.93  -55.79  -55.64  -55.46  -55.16  -55.17  -55.30  -55.55  -55.75  -56.33  -55.92  -55.38  -55.25  -55.53  -56.08  -56.30  -56.03  -55.86  -56.40
  125.00  -53.72  -53.43  -53.32  -53.34  -53.55  -53.97  -54.17  -54.10  -54.03  -53.93  -53.66  -53.55  -53.49  -53.32  -53.60  -53.92  -53.94  -53.81  -53.64  -53.64  -53.91  -54.22  -54.40  -54.47
  150.00  -50.69  -50.66  -50.37  -50.16  -50.09  -50.14  -50.33  -50.30  -50.16  -50.10  -49.99  -50.14  -50.48  -50.33  -50.05  -50.36  -50.76  -51.21  -51.45  -51.32  -51.15  -51.08  -51.23  -51.44
  175.00  -47.42  -47.72  -47.87  -47.91  -48.00  -48.04  -48.17  -48.40  -48.40  -48.27  -48.16  -48.13  -48.67  -49.20  -49.06  -49.14  -49.09  -49.29  -49.68  -49.98  -50.23  -50.47  -50.64  -50.73
  200.00  -45.59  -45.78  -45.93  -46.11  -46.29  -46.28  -46.13  -46.27  -46.60  -46.73  -47.01  -47.02  -47.00  -47.57  -47.96  -48.31  -48.39  -48.52  -48.85  -49.22  -49.63  -49.91  -50.04  -50.38
  225.00  -44.68  -45.08  -45.50  -45.51  -45.58  -45.72  -45.59  -45.44  -46.06  -46.65  -46.45  -46.67  -46.49  -46.84  -47.36  -48.10  -48.95  -49.73  -50.73  -51.80  -53.16  -54.02  -54.44  -55.04
  250.00  -48.47  -48.09  -48.34  -48.79  -48.79  -48.99  -49.41  -49.09  -49.03  -49.84  -49.23  -49.49  -49.54  -50.35  -51.10  -51.43  -52.50  -53.87  -55.05  -55.63  -55.86  -55.95  -55.28  -55.14
  300.00  -48.74  -48.99  -49.09  -49.12  -49.05  -48.99  -49.00  -49.14  -49.19  -49.10  -49.00  -49.12  -49.26  -49.20  -49.07  -48.79  -48.26  -47.62  -47.27  -47.21  -46.99  -46.59  -46.46  -46.52
  350.00  -40.69  -40.99  -41.20  -41.31  -41.28  -41.17  -41.02  -40.88  -40.77  -40.65  -41.09  -40.66  -40.33  -40.06  -39.85  -39.64  -39.38  -39.03  -38.74  -38.47  -38.21  -38.00  -37.97  -37.68
  400.00  -33.19  -33.43  -33.56  -33.57  -33.49  -33.33  -33.11  -32.90  -32.69  -32.46  -33.25  -33.03  -32.79  -32.27  -31.80  -31.59  -31.34  -31.16  -31.01  -30.92  -30.78  -30.39  -30.18  -30.06
  450.00  -26.42  -26.52  -26.52  -26.43  -26.24  -26.00  -25.86  -25.87  -25.78  -25.47  -25.85  -25.62  -25.52  -25.37  -25.31  -25.41  -25.32  -25.16  -24.72  -24.18  -23.73  -23.60  -23.72  -23.69
  500.00  -20.70  -20.69  -20.55  -20.37  -20.16  -19.97  -19.95  -19.95  -19.71  -19.40  -19.39  -19.11  -19.05  -18.91  -18.87  -18.98  -18.99  -18.95  -18.74  -18.43  -18.08  -18.08  -18.11  -18.12
  550.00  -15.64  -15.58  -15.36  -15.10  -14.93  -14.93  -14.94  -14.77  -14.62  -14.50  -14.24  -13.84  -13.85  -13.67  -13.39  -13.23  -13.11  -13.11  -13.11  -13.25  -13.32  -13.57  -13.56  -13.38
  600.00  -11.04  -10.99  -10.86  -10.65  -10.50  -10.47  -10.34  -10.31  -10.40  -10.28   -9.87   -9.27   -9.00   -8.81   -8.51   -8.41   -8.30   -8.73   -9.09   -9.19   -9.27   -9.54   -9.48   -9.18
  650.00   -7.11   -7.05   -6.99   -6.80   -6.64   -6.52   -6.49   -6.73   -6.74   -6.53   -6.04   -5.58   -5.52   -5.66   -5.57   -5.30   -5.30   -5.40   -5.63   -5.63   -5.77   -5.88   -5.90   -5.72
  700.00   -3.59   -3.57   -3.61   -3.44   -3.30   -3.36   -3.60   -3.74   -3.50   -3.30   -2.96   -3.03   -3.29   -3.35   -3.25   -3.21   -3.17   -3.06   -2.88   -2.71   -2.64   -2.62   -2.65   -2.72
  750.00   -0.23   -0.19   -0.15   -0.03   -0.09   -0.24   -0.48   -0.56   -0.42   -0.40   -0.26   -0.58   -0.33   -0.08    0.11    0.22    0.38    0.43    0.58    0.52    0.46    0.32    0.15   -0.06
  775.00    1.30    1.31    1.31    1.46    1.52    1.41    1.10    0.93    1.03    1.01    1.15    1.03    1.26    1.35    1.51    1.67    1.80    1.95    2.18    2.24    2.11    1.75    1.29    0.83
  800.00    2.80    2.84    2.85    3.03    3.16    3.02    2.60    2.37    2.45    2.47    2.80    2.80    3.05    3.01    2.90    2.96    3.09    3.31    3.76    3.97    3.90    3.64    3.04    2.31
  825.00    4.24    4.36    4.50    4.64    4.67    4.46    4.04    3.82    3.95    4.21    4.63    4.57    4.70    4.67    4.23    4.28    4.40    4.89    5.39    5.58    5.46    5.23    4.75    4.43
  850.00    5.84    5.90    5.92    6.04    6.04    5.89    5.59    5.44    5.54    5.86    6.51    6.18    6.07    6.23    5.95    5.95    6.05    6.37    6.57    6.79    6.74    6.49    6.21    6.24
  875.00    7.18    7.19    7.22    7.28    7.32    7.30    7.26    7.14    7.17    7.46    8.04    7.97    7.96    8.01    8.00    7.99    7.92    7.96    7.92    7.84    7.99    7.79    7.68    7.90
  900.00    8.42    8.36    8.34    8.35    8.49    8.75    8.84    8.82    8.92    9.04    9.85   10.10   10.08   10.03   10.09   10.15    9.93    9.57    9.19    9.00    9.13    9.03    9.11    9.45
  925.00    9.60    9.56    9.67    9.80   10.02   10.32   10.53   10.57   10.58   10.76   11.84   12.23   12.16   12.12   12.17   12.15   11.86   11.28   10.69   10.28   10.33   10.24   10.36   10.75
  950.00   11.19   11.12   11.22   11.35   11.56   11.85   12.06   12.16   12.28   12.81   13.91   14.38   14.44   14.44   14.43   14.22   13.82   13.18   12.43   11.90   11.74   11.68   11.49   11.66
  975.00   12.79   12.81   12.88   13.00   13.19   13.43   13.64   13.77   13.89   14.33   15.45   16.05   16.15   16.16   16.17   15.90   15.39   14.71   13.90   13.34   13.23   13.15   12.88   13.05
 1000.00   14.52   14.55   14.63   14.72   14.89   15.06   15.19   15.26   15.39   16.08   17.23   17.81   17.89   17.89   17.91   17.59   17.08   16.35   15.57   15.08   14.90   14.90   14.49   14.63
