#  level#  00:00#  01:00#  02:00#  03:00#  04:00#  05:00#  06:00#  07:00#  08:00#  09:00#  10:00#  11:00#  12:00#  13:00#  14:00#  15:00#  16:00#  17:00#  18:00#  19:00#  20:00#  21:00#  22:00#  23:00
    1.00  -26.01  -24.49  -24.00  -24.48  -23.86  -23.20  -22.29  -21.80  -22.62  -22.39  -21.40  -22.34  -23.34  -24.86  -23.93  -22.92  -23.71  -23.92  -24.09  -23.87  -24.01  -23.00  -20.95  -19.92
    2.00  -33.60  -34.66  -35.58  -36.44  -36.42  -35.37  -34.33  -33.09  -32.86  -32.21  -31.14  -28.80  -26.75  -27.79  -29.03  -29.87  -30.52  -31.74  -32.41  -32.55  -32.77  -33.09  -34.08  -35.09
    3.00  -33.89  -34.56  -35.70  -38.06  -40.35  -41.97  -42.39  -42.05  -42.12  -42.14  -40.82  -38.91  -36.36  -35.54  -35.56  -35.83  -36.55  -37.72  -38.17  -37.80  -37.90  -38.37  -39.18  -39.31
   10.00  -57.08  -57.19  -57.18  -56.99  -56.41  -56.16  -56.52  -56.75  -56.76  -56.43  -56.47  -57.26  -57.39  -57.38  -57.72  -58.35  -57.66  -56.76  -57.01  -57.43  -57.77  -58.07  -58.29  -58.65
   20.00  -60.29  -61.06  -61.63  -62.09  -61.87  -61.45  -61.09  -60.99  -61.44  -61.29  -59.98  -59.73  -59.72  -60.12  -60.42  -60.76  -61.59  -62.28  -62.21  -62.08  -61.97  -61.87  -61.89  -62.03
   30.00  -60.74  -60.50  -60.60  -60.95  -61.29  -61.67  -62.16  -62.34  -62.53  -63.12  -63.11  -63.18  -62.73  -62.20  -62.03  -61.68  -61.60  -61.75  -61.63  -61.16  -60.95  -61.15  -61.37  -61.59
   50.00  -60.98  -61.35  -61.43  -61.25  -61.14  -61.11  -61.33  -61.85  -62.35  -62.57  -62.19  -61.88  -61.54  -61.12  -60.88  -60.56  -60.26  -60.21  -60.37  -60.73  -61.04  -61.13  -61.31  -61.05
   70.00  -61.81  -62.14  -62.57  -62.71  -62.70  -62.57  -62.18  -61.71  -61.34  -61.23  -61.22  -61.39  -61.98  -62.33  -62.47  -62.50  -62.59  -62.72  -62.46  -62.45  -62.49  -62.52  -61.67  -62.41
  100.00  -62.26  -62.82  -63.72  -64.30  -64.67  -64.70  -64.61  -64.50  -64.47  -64.40  -64.55  -64.33  -64.32  -64.46  -64.52  -64.57  -64.36  -64.45  -64.76  -65.21  -65.56  -65.71  -66.10  -66.13
  125.00  -62.76  -62.13  -62.04  -62.14  -62.16  -62.00  -61.70  -61.23  -61.14  -61.25  -61.61  -61.82  -62.41  -63.19  -63.54  -63.71  -63.47  -62.88  -62.63  -62.58  -62.50  -62.20  -61.66  -61.41
  150.00  -62.85  -63.03  -63.07  -63.18  -63.36  -63.57  -63.67  -63.45  -63.07  -62.66  -62.35  -61.85  -61.55  -61.53  -61.46  -61.73  -61.97  -61.56  -60.93  -60.27  -59.61  -59.35  -59.23  -59.16
  175.00  -63.00  -62.49  -62.08  -61.82  -61.51  -61.15  -60.90  -60.70  -60.53  -60.25  -59.60  -59.40  -59.19  -59.25  -59.13  -59.06  -59.17  -59.14  -58.66  -58.78  -59.46  -59.84  -59.39  -59.15
  200.00  -59.27  -59.81  -60.06  -59.86  -59.42  -59.04  -58.98  -59.11  -58.96  -58.67  -58.56  -58.26  -57.88  -57.61  -57.68  -58.34  -59.68  -60.87  -61.87  -61.94  -61.55  -60.88  -60.12  -60.20
  225.00  -58.35  -58.38  -58.34  -58.26  -58.06  -57.84  -57.53  -57.28  -56.90  -56.38  -56.50  -56.32  -56.18  -56.07  -56.60  -57.45  -57.90  -58.38  -58.87  -58.70  -58.80  -58.53  -58.01  -58.03
  250.00  -52.65  -52.76  -52.94  -53.24  -53.51  -53.76  -53.89  -53.86  -53.77  -53.53  -53.68  -53.40  -53.14  -53.14  -53.44  -53.74  -54.04  -54.26  -54.44  -54.76  -54.66  -54.84  -55.26  -55.34
  300.00  -43.12  -43.20  -43.39  -43.55  -43.79  -44.22  -44.44  -44.66  -44.94  -45.35  -45.75  -46.29  -46.78  -46.93  -46.47  -45.76  -45.41  -45.27  -45.03  -45.19  -45.68  -45.83  -45.98  -45.89
  350.00  -34.93  -34.88  -34.92  -35.09  -35.39  -35.73  -36.00  -36.34  -36.73  -37.00  -36.93  -37.07  -37.26  -37.60  -37.87  -37.95  -37.65  -37.16  -36.73  -36.44  -36.37  -36.55  -36.95  -36.88
  400.00  -27.59  -27.75  -27.83  -27.93  -28.17  -28.55  -28.90  -29.11  -29.35  -29.54  -29.33  -29.58  -29.58  -29.56  -29.55  -29.51  -29.41  -29.33  -29.13  -28.67  -28.32  -28.41  -28.88  -28.91
  450.00  -22.24  -22.49  -22.62  -22.56  -22.41  -22.22  -22.44  -22.81  -23.06  -23.27  -23.19  -23.18  -23.08  -22.98  -22.76  -22.44  -22.11  -22.00  -22.07  -21.88  -21.51  -21.55  -21.54  -21.70
  500.00  -16.53  -16.98  -17.33  -17.39  -17.39  -17.31  -17.27  -17.47  -17.63  -17.70  -17.92  -17.91  -17.80  -17.64  -17.49  -17.29  -16.79  -16.27  -16.20  -16.27  -16.16  -16.25  -16.23  -16.18
  550.00  -12.71  -13.01  -13.12  -13.14  -13.25  -13.31  -13.30  -13.16  -13.00  -12.93  -13.23  -13.14  -13.06  -12.88  -12.71  -12.61  -12.40  -12.12  -11.98  -12.09  -12.12  -12.32  -12.53  -12.49
  600.00   -9.32   -9.17   -9.05   -9.11   -9.23   -9.37   -9.42   -9.21   -8.99   -8.88   -9.18   -9.13   -9.17   -9.12   -8.98   -8.80   -8.48   -8.27   -8.19   -8.33   -8.45   -8.63   -8.83   -8.63
  650.00   -6.00   -5.88   -5.77   -5.79   -5.75   -5.66   -5.70   -5.60   -5.42   -5.25   -5.67   -5.55   -5.49   -5.33   -5.15   -5.01   -4.80   -4.72   -4.69   -4.92   -4.96   -4.73   -4.47   -4.14
  700.00   -3.27   -3.08   -2.95   -2.90   -2.75   -2.49   -2.33   -2.25   -2.22   -2.12   -2.41   -2.21   -2.04   -1.82   -1.61   -1.47   -1.40   -1.46   -1.39   -1.33   -1.15   -0.73    0.16    0.44
  750.00   -1.36   -1.00   -0.61   -0.35   -0.12    0.09    0.36    0.64    0.67    0.70    1.32    1.42    1.55    1.82    2.07    2.24    2.41    2.43    2.48    2.43    2.46    2.87    3.01    2.61
  775.00   -0.93   -0.55   -0.06    0.31    0.63    0.81    1.12    1.42    1.48    1.57    2.26    2.43    2.56    2.87    3.15    3.32    3.61    3.59    3.64    3.48    3.49    3.90    3.77    3.15
  800.00   -0.64   -0.40    0.09    0.55    1.01    1.28    1.54    1.82    1.84    2.01    2.23    2.35    2.54    2.89    3.37    3.53    3.93    3.76    3.72    3.65    3.90    4.46    4.32    3.63
  825.00    0.47    0.56    0.74    1.06    1.42    1.64    1.83    2.00    2.01    2.14    2.40    2.53    2.72    1.95    1.21    1.41    2.47    2.97    3.45    3.61    3.92    4.47    4.08    3.58
  850.00    1.67    1.63    1.68    1.80    2.11    2.28    2.44    2.45    2.40    2.50    2.95    3.05    1.76    2.08    2.55    2.90    2.87    3.10    3.45    3.64    3.80    4.04    3.91    3.88
  875.00    3.62    3.55    3.52    3.53    3.45    3.31    3.25    3.21    3.18    3.19    3.00    2.62    3.28    4.19    4.82    5.02    4.96    4.89    4.82    4.86    4.98    5.20    5.27    5.33
  900.00    5.51    5.32    5.20    5.09    4.95    4.79    4.66    4.58    4.61    4.64    3.87    4.42    5.57    6.36    7.02    7.27    7.18    7.11    7.07    7.05    7.10    7.22    7.08    7.11
  925.00    7.12    6.78    6.50    6.29    6.17    6.07    5.98    5.95    5.94    5.91    5.65    6.70    7.78    8.69    9.38    9.60    9.48    9.33    9.19    9.08    8.97    8.88    8.39    8.22
  950.00    8.26    7.93    7.68    7.45    7.27    7.12    7.05    6.97    6.96    7.08    7.23    8.48    9.49   10.40   11.10   11.28   11.12   10.80   10.55   10.30   10.02    9.72    9.28    8.98
  975.00    9.97    9.61    9.36    9.15    9.04    8.91    8.81    8.72    8.67    8.68    8.50    9.76   10.78   11.67   12.37   12.58   12.48   12.33   12.19   12.05   11.90   11.74   11.17   10.91
 1000.00   11.34   10.98   10.74   10.56   10.47   10.34   10.25   10.14   10.07   10.04    9.84   11.10   12.13   13.03   13.73   13.95   13.84   13.69   13.56   13.42   13.26   13.10   12.54   12.28
