#  level#  00:00#  01:00#  02:00#  03:00#  04:00#  05:00#  06:00#  07:00#  08:00#  09:00#  10:00#  11:00#  12:00#  13:00#  14:00#  15:00#  16:00#  17:00#  18:00#  19:00#  20:00#  21:00#  22:00#  23:00
    1.00   -8.89   -9.61  -11.91  -11.96  -11.70  -14.47  -14.52  -13.90  -14.61  -14.13  -12.55  -11.54  -11.02  -10.68  -10.34   -9.55   -9.52   -8.92   -8.40   -9.03   -7.94   -9.09  -10.75  -11.40
    2.00  -14.55  -14.87  -14.11  -14.45  -16.66  -18.27  -18.40  -20.08  -19.52  -18.81  -16.00  -13.26  -13.28  -13.34  -14.15  -13.17  -11.70  -12.24  -12.14  -13.01  -14.53  -12.93  -12.54  -13.66
    3.00  -22.55  -23.56  -22.01  -22.19  -24.23  -25.81  -25.57  -25.54  -26.17  -26.72  -26.42  -25.71  -23.88  -22.85  -22.30  -23.61  -23.54  -21.57  -20.69  -20.59  -22.74  -24.67  -24.49  -24.05
   10.00  -48.89  -49.03  -49.09  -48.60  -48.96  -49.09  -48.92  -49.03  -49.95  -50.72  -50.27  -50.01  -50.66  -49.08  -48.81  -48.40  -47.85  -48.40  -49.39  -50.12  -50.88  -51.18  -50.78  -49.62
   20.00  -56.39  -55.65  -54.74  -54.52  -54.75  -55.08  -55.41  -55.51  -54.33  -53.98  -54.61  -53.67  -52.68  -52.63  -52.10  -52.45  -53.26  -53.75  -53.96  -54.09  -53.98  -53.92  -53.82  -53.00
   30.00  -56.15  -56.64  -56.92  -56.90  -56.54  -56.50  -56.77  -57.49  -57.52  -56.99  -57.37  -56.94  -56.06  -56.64  -57.43  -57.52  -56.94  -56.33  -55.87  -56.19  -56.54  -56.61  -56.56  -56.57
   50.00  -55.88  -56.20  -56.53  -56.26  -56.02  -55.61  -55.13  -55.09  -55.57  -55.84  -55.59  -55.97  -55.98  -55.39  -55.32  -55.38  -55.61  -55.74  -55.99  -56.26  -56.50  -56.49  -56.09  -55.60
   70.00  -56.57  -56.03  -55.85  -55.54  -55.36  -55.44  -55.23  -54.94  -55.10  -55.73  -55.68  -55.48  -55.55  -55.53  -54.88  -54.39  -54.44  -54.69  -55.19  -55.40  -55.25  -55.04  -55.24  -55.66
  100.00  -54.35  -54.46  -54.67  -54.95  -54.83  -54.45  -54.00  -53.65  -53.39  -53.35  -53.58  -53.55  -53.50  -53.93  -54.42  -54.72  -55.01  -55.00  -55.03  -55.05  -55.02  -55.01  -55.07  -55.20
  125.00  -51.72  -51.69  -51.58  -51.87  -52.26  -52.55  -52.76  -53.03  -53.13  -53.02  -53.16  -53.59  -53.14  -52.47  -52.57  -52.84  -53.23  -53.40  -53.25  -53.16  -52.98  -52.85  -53.03  -53.13
  150.00  -52.80  -52.89  -52.67  -52.57  -52.78  -52.99  -53.11  -53.14  -53.16  -53.01  -52.25  -52.66  -53.29  -53.43  -53.55  -53.43  -53.43  -53.63  -53.40  -53.19  -53.03  -53.01  -53.07  -53.12
  175.00  -50.37  -50.81  -51.16  -51.43  -51.73  -52.20  -52.69  -52.98  -53.18  -53.57  -53.14  -52.94  -53.20  -53.60  -53.81  -53.76  -53.66  -53.98  -54.09  -53.91  -53.61  -53.46  -52.94  -53.22
  200.00  -48.62  -48.78  -49.30  -49.91  -50.23  -50.72  -51.44  -52.10  -52.67  -53.58  -54.36  -55.05  -55.45  -55.41  -55.66  -55.71  -55.59  -55.69  -56.06  -56.29  -56.29  -56.26  -55.99  -56.14
  225.00  -50.19  -50.34  -50.93  -51.76  -52.53  -53.43  -54.49  -55.69  -56.60  -57.42  -58.73  -59.34  -59.16  -58.48  -57.72  -57.19  -56.78  -56.26  -56.14  -56.29  -56.46  -56.34  -56.13  -55.62
  250.00  -51.52  -51.80  -52.12  -52.49  -53.06  -53.68  -54.37  -55.00  -55.17  -55.01  -55.23  -55.57  -55.82  -55.60  -54.80  -54.46  -54.29  -53.69  -53.31  -53.27  -53.13  -53.09  -53.10  -52.42
  300.00  -49.83  -49.65  -49.36  -49.05  -48.71  -48.50  -48.21  -47.76  -47.47  -47.45  -48.09  -47.99  -47.62  -47.58  -48.04  -48.47  -48.53  -48.32  -48.09  -47.81  -47.69  -47.57  -48.26  -48.71
  350.00  -46.86  -46.63  -46.23  -45.72  -44.73  -43.50  -42.56  -41.84  -41.39  -41.06  -40.94  -40.75  -40.62  -40.79  -41.16  -41.32  -41.73  -42.25  -42.25  -42.21  -42.29  -42.47  -42.29  -41.78
  400.00  -40.02  -39.89  -39.74  -39.56  -39.26  -38.73  -38.02  -37.34  -36.63  -35.71  -34.52  -33.96  -33.89  -34.05  -34.21  -34.32  -34.58  -34.88  -35.18  -35.39  -35.46  -35.57  -35.51  -35.30
  450.00  -32.78  -32.63  -32.53  -32.48  -32.40  -32.25  -32.09  -31.95  -31.65  -30.98  -29.93  -29.06  -28.34  -27.83  -27.93  -28.10  -28.34  -28.59  -28.72  -28.65  -28.54  -28.45  -28.31  -28.47
  500.00  -26.83  -26.64  -26.51  -26.44  -26.26  -25.96  -25.71  -25.55  -25.41  -25.26  -24.86  -24.45  -23.79  -23.02  -22.68  -22.60  -22.68  -23.01  -23.08  -22.97  -22.89  -22.73  -22.68  -22.71
  550.00  -22.54  -22.46  -22.33  -22.15  -21.80  -21.19  -20.66  -20.27  -19.93  -19.69  -19.26  -19.06  -18.80  -18.48  -18.18  -17.91  -17.63  -17.65  -17.86  -17.95  -17.95  -17.92  -18.03  -17.89
  600.00  -18.41  -18.39  -18.27  -18.08  -17.89  -17.56  -17.14  -16.72  -16.29  -16.10  -15.94  -15.26  -14.89  -14.77  -14.49  -14.30  -13.89  -13.42  -13.24  -13.29  -13.32  -13.20  -13.00  -13.31
  650.00  -14.34  -14.38  -14.28  -14.08  -14.00  -14.00  -13.98  -13.89  -13.67  -13.51  -13.79  -13.54  -13.57  -13.59  -13.06  -12.82  -12.25  -11.34  -10.56  -10.25   -9.86   -9.45   -8.86   -9.32
  700.00  -10.41  -10.49  -10.44  -10.32  -10.36  -10.51  -10.61  -10.60  -10.48  -10.35  -10.65  -10.30  -10.43  -11.05  -10.89  -10.54  -10.24   -9.85   -9.61   -9.43   -8.87   -8.15   -7.55   -7.97
  750.00   -6.68   -6.75   -6.75   -6.69   -6.74   -6.89   -7.02   -7.12   -7.16   -7.14   -7.59   -7.79   -7.85   -7.17   -6.56   -5.98   -5.80   -5.75   -5.58   -5.57   -5.59   -5.51   -5.57   -5.42
  775.00   -4.83   -4.91   -4.88   -4.80   -4.83   -4.92   -5.03   -5.18   -5.32   -5.43   -6.08   -6.24   -5.16   -4.64   -4.28   -3.75   -3.36   -3.47   -3.33   -3.28   -3.32   -3.35   -3.30   -3.18
  800.00   -3.00   -3.09   -3.06   -2.96   -2.90   -2.94   -3.03   -3.20   -3.41   -3.62   -4.52   -3.68   -2.64   -2.53   -2.03   -1.49   -1.04   -1.04   -0.99   -0.97   -1.03   -1.08   -0.98   -0.94
  825.00   -1.10   -1.23   -1.26   -1.19   -1.14   -1.19   -1.30   -1.46   -1.66   -1.87   -2.71   -1.55   -0.67   -0.31    0.31    0.83    1.28    1.38    1.36    1.32    1.23    1.19    1.38    1.36
  850.00    0.53    0.39    0.35    0.34    0.28    0.06   -0.07   -0.20   -0.41   -0.57   -0.70    0.54    1.48    1.93    2.55    3.12    3.57    3.72    3.69    3.54    3.37    3.30    3.62    3.55
  875.00    1.99    1.78    1.46    1.16    0.82    0.65    0.63    0.68    0.68    0.54    1.63    2.82    3.83    4.37    4.99    5.56    6.01    6.15    6.07    5.72    5.37    5.18    5.41    5.29
  900.00    3.69    3.49    3.28    3.08    2.83    2.64    2.52    2.40    2.28    2.37    3.89    5.10    6.12    6.65    7.29    7.85    8.25    8.40    8.34    7.98    7.48    7.20    7.16    7.09
  925.00    5.01    4.61    4.14    3.78    3.43    3.05    2.76    2.44    3.10    4.81    6.47    7.79    8.51    8.96    9.70   10.18   10.56   10.65   10.42    9.85    9.27    8.84    8.61    8.39
  950.00    6.76    6.51    6.26    6.04    5.75    5.31    4.85    4.43    4.22    5.96    7.54    8.75    9.72   10.23   10.88   11.39   11.76   11.88   11.72   11.26   10.68   10.23   10.06    9.90
  975.00    8.11    7.86    7.66    7.46    7.19    6.75    6.29    5.88    5.62    7.32    8.91   10.12   11.08   11.60   12.26   12.78   13.16   13.28   13.13   12.67   12.08   11.63   11.45   11.30
 1000.00    9.49    9.23    9.02    8.81    8.55    8.13    7.68    7.25    6.96    8.65   10.25   11.48   12.46   12.98   13.65   14.17   14.55   14.68   14.52   14.06   13.47   13.03   12.86   12.71
