#  level#  00:00#  01:00#  02:00#  03:00#  04:00#  05:00#  06:00#  07:00#  08:00#  09:00#  10:00#  11:00#  12:00#  13:00#  14:00#  15:00#  16:00#  17:00#  18:00#  19:00#  20:00#  21:00#  22:00#  23:00
    1.00   -9.25   -9.26   -9.08   -8.66   -9.42   -9.89   -9.11   -8.95   -9.16   -9.52  -10.32  -10.69   -9.78   -8.03   -5.55   -3.40   -3.38   -4.80   -5.50   -5.41   -5.46   -5.54   -6.78   -7.48
    2.00   -3.73   -5.91   -6.50   -6.32   -6.76   -7.99   -8.99   -9.14   -8.03   -7.05   -7.04   -7.01   -7.05   -6.57   -4.91   -4.01   -2.16    0.26    0.35   -0.79   -2.45   -3.96   -4.71   -5.04
    3.00  -11.43  -12.27  -13.47  -14.02  -13.63  -13.21  -12.90  -13.62  -14.03  -12.75  -11.43  -11.06  -11.61  -13.45  -13.81  -12.07  -11.19  -11.03  -10.41   -9.77   -8.63   -7.16   -6.28   -7.31
   10.00  -37.84  -39.39  -39.39  -38.42  -38.02  -37.72  -37.55  -37.94  -38.42  -38.66  -38.96  -38.99  -39.34  -38.66  -38.40  -37.42  -36.19  -34.89  -35.77  -36.69  -37.78  -37.83  -37.42  -37.69
   20.00  -47.18  -47.06  -47.25  -47.33  -47.08  -46.96  -46.81  -47.11  -47.64  -47.64  -47.42  -47.35  -47.70  -48.63  -48.37  -48.34  -47.38  -46.58  -46.33  -45.63  -45.66  -46.01  -46.73  -47.34
   30.00  -52.38  -52.39  -52.05  -51.85  -51.46  -50.74  -50.26  -50.10  -50.58  -51.73  -52.65  -53.21  -52.38  -52.76  -52.56  -51.93  -52.24  -52.66  -52.67  -52.76  -52.70  -52.49  -52.16  -52.21
   50.00  -58.50  -58.39  -58.28  -57.84  -57.57  -57.57  -57.86  -58.34  -58.38  -58.06  -57.44  -57.44  -57.25  -56.88  -57.40  -57.98  -57.68  -57.51  -57.56  -57.81  -57.96  -57.95  -57.18  -57.32
   70.00  -61.76  -61.73  -62.02  -62.32  -62.20  -61.82  -61.70  -61.94  -62.31  -62.55  -62.16  -61.84  -61.66  -61.19  -60.77  -60.87  -61.05  -60.88  -60.74  -61.20  -61.74  -61.75  -61.81  -61.73
  100.00  -65.01  -64.90  -64.44  -63.94  -63.95  -64.14  -64.13  -64.01  -63.90  -63.83  -64.01  -64.14  -64.53  -64.86  -64.83  -64.77  -64.84  -64.91  -64.70  -64.23  -64.01  -64.11  -64.31  -64.66
  125.00  -62.07  -61.83  -61.67  -61.46  -61.17  -60.90  -60.66  -60.49  -60.35  -60.23  -60.25  -60.22  -60.23  -60.30  -60.21  -60.03  -60.03  -60.27  -60.45  -60.29  -59.98  -59.72  -59.49  -59.50
  150.00  -57.88  -58.24  -58.41  -58.42  -58.35  -58.34  -58.35  -58.43  -58.45  -58.48  -58.00  -58.01  -58.18  -58.50  -58.56  -58.20  -57.78  -57.88  -58.31  -58.54  -58.56  -58.46  -58.06  -58.04
  175.00  -58.46  -58.52  -58.39  -58.32  -58.47  -58.63  -58.71  -58.83  -59.00  -59.16  -59.13  -59.12  -59.23  -59.43  -59.58  -59.63  -59.44  -59.38  -59.45  -59.40  -59.25  -59.11  -58.76  -58.47
  200.00  -55.65  -55.52  -55.43  -55.51  -55.69  -55.93  -56.10  -56.22  -56.34  -56.52  -56.58  -56.66  -56.73  -56.83  -56.89  -57.00  -57.03  -57.05  -57.11  -57.09  -56.99  -56.91  -57.07  -56.94
  225.00  -53.25  -53.27  -53.09  -52.81  -52.56  -52.50  -52.59  -52.66  -52.70  -52.82  -52.91  -53.04  -53.15  -53.22  -53.22  -53.23  -53.20  -53.19  -53.18  -53.17  -53.07  -52.96  -53.07  -53.04
  250.00  -49.25  -49.36  -49.48  -49.64  -49.71  -49.63  -49.52  -49.40  -49.20  -49.04  -49.05  -48.97  -48.95  -48.97  -48.95  -48.91  -48.81  -48.74  -48.71  -48.76  -48.79  -48.78  -48.87  -48.89
  300.00  -39.87  -40.03  -40.21  -40.35  -40.38  -40.31  -40.18  -40.08  -40.07  -40.11  -40.44  -40.47  -40.45  -40.42  -40.40  -40.38  -40.30  -40.18  -40.10  -40.10  -40.13  -40.13  -40.36  -40.37
  350.00  -30.58  -30.67  -30.73  -30.86  -31.06  -31.23  -31.36  -31.41  -31.40  -31.33  -31.32  -31.26  -31.20  -31.16  -31.13  -31.13  -31.09  -30.94  -30.79  -30.71  -30.70  -30.66  -30.61  -30.64
  400.00  -21.71  -21.93  -22.22  -22.48  -22.69  -22.83  -22.93  -23.00  -23.04  -23.06  -23.05  -23.05  -23.02  -23.00  -22.99  -23.03  -23.10  -23.07  -22.95  -22.85  -22.79  -22.73  -22.55  -22.52
  450.00  -14.09  -14.33  -14.60  -14.83  -14.99  -15.10  -15.20  -15.32  -15.44  -15.53  -15.66  -15.74  -15.76  -15.81  -15.91  -16.04  -16.18  -16.27  -16.25  -16.18  -16.07  -15.95  -15.98  -16.09
  500.00   -7.76   -7.96   -8.26   -8.55   -8.71   -8.73   -8.78   -8.91   -9.05   -9.17   -9.38   -9.42   -9.47   -9.52   -9.58   -9.70   -9.81   -9.84   -9.90  -10.05  -10.16  -10.20  -10.57  -10.94
  550.00   -3.70   -3.35   -3.33   -3.42   -3.49   -3.50   -3.52   -3.56   -3.59   -3.63   -3.71   -3.68   -3.69   -3.70   -3.75   -3.82   -3.87   -3.88   -3.88   -3.98   -4.20   -4.40   -4.88   -5.21
  600.00   -1.07   -0.61   -0.17    0.21    0.44    0.65    0.83    0.94    1.03    1.10    1.16    1.26    1.32    1.40    1.46    1.50    1.55    1.61    1.64    1.51    1.37    1.26    0.97    0.75
  650.00    3.90    3.83    3.99    4.00    3.95    4.02    4.12    4.16    4.27    4.49    4.99    5.36    5.71    6.09    6.29    6.31    6.25    6.33    6.49    6.44    6.33    6.34    6.38    6.48
  700.00    9.55    9.29    9.31    9.30    9.04    8.79    8.65    8.59    8.56    8.56    8.76    8.94    8.70    8.76    9.11    9.49    9.84   10.06   10.47   10.69   10.66   10.70   10.75   10.89
  750.00   15.03   14.74   14.49   14.32   14.08   13.80   13.62   13.53   13.48   13.45   13.42   13.20   13.35   14.00   14.54   14.98   15.34   15.51   15.53   15.80   15.87   15.80   15.72   15.69
  775.00   17.62   17.33   17.08   16.83   16.57   16.29   16.09   15.98   15.91   15.85   15.78   15.37   16.02   16.67   17.25   17.72   18.07   18.21   18.20   18.33   18.46   18.42   18.31   18.21
  800.00   20.09   19.79   19.57   19.33   19.04   18.74   18.53   18.38   18.29   18.22   18.16   17.86   18.64   19.27   19.89   20.37   20.73   20.86   20.81   20.81   20.96   20.97   20.83   20.59
  825.00   22.44   22.16   21.97   21.73   21.40   21.08   20.86   20.73   20.60   20.56   19.95   20.43   21.17   21.87   22.49   22.98   23.36   23.47   23.37   23.24   23.37   23.44   23.20   22.86
  850.00   24.78   24.44   24.20   23.94   23.61   23.26   23.02   22.91   22.96   22.77   21.95   22.88   23.72   24.43   25.02   25.50   25.90   26.06   25.89   25.63   25.64   25.79   25.31   25.12
  875.00   27.11   26.83   26.51   26.11   25.64   25.22   24.92   24.73   24.61   24.29   24.22   25.36   26.25   26.94   27.54   28.02   28.40   28.56   28.44   28.02   27.78   27.94   27.42   27.30
  900.00   29.10   28.67   28.34   27.94   27.38   26.77   26.21   25.71   25.39   25.87   26.71   27.86   28.69   29.36   29.98   30.47   30.85   31.02   30.92   30.51   30.08   29.85   29.24   29.25
  925.00   29.24   28.27   27.45   26.66   25.72   24.78   24.19   24.50   26.52   28.59   29.50   30.74   31.67   32.42   33.01   33.42   33.73   33.75   33.44   32.78   32.00   31.32   30.15   29.90
  950.00   31.59   31.07   30.40   29.59   28.81   28.14   27.49   27.09   27.71   29.81   30.79   32.05   32.93   33.60   34.18   34.59   34.93   34.99   34.78   34.29   33.70   33.06   31.84   31.71
  975.00   33.04   32.53   31.87   31.08   30.32   29.66   29.05   28.67   29.26   31.37   32.34   33.57   34.46   35.15   35.75   36.17   36.50   36.56   36.36   35.88   35.25   34.59   33.32   33.16
 1000.00   34.61   34.11   33.45   32.65   31.89   31.22   30.57   30.13   30.68   32.81   33.78   35.01   35.90   36.60   37.19   37.61   37.95   38.01   37.82   37.34   36.73   36.10   34.85   34.72
