#  level#  00:00#  01:00#  02:00#  03:00#  04:00#  05:00#  06:00#  07:00#  08:00#  09:00#  10:00#  11:00#  12:00#  13:00#  14:00#  15:00#  16:00#  17:00#  18:00#  19:00#  20:00#  21:00#  22:00#  23:00
    1.00   -6.51   -7.87  -10.55  -11.56  -11.92  -11.97  -10.74  -10.56  -10.25   -9.72   -9.86   -9.82  -10.40  -10.73  -11.11  -10.08   -8.91   -7.08   -7.77   -7.11   -8.25   -8.25   -9.52  -10.45
    2.00   -4.81   -2.88   -2.85   -3.50   -5.10   -7.66   -8.82   -9.07   -8.08   -7.47   -7.62   -8.31   -7.56   -5.31   -5.74   -5.17   -5.65   -5.31   -5.64   -6.23   -6.11   -5.87   -4.20   -4.05
    3.00  -12.36  -11.59  -11.37  -11.19  -10.56  -11.32  -12.36  -12.78  -12.41  -11.53  -11.29  -11.32  -11.97  -12.38  -11.26   -9.91  -10.38  -11.11  -10.48  -10.61  -12.12  -13.81  -14.63  -14.93
   10.00  -39.06  -38.80  -39.20  -38.70  -38.72  -38.76  -37.90  -37.81  -38.12  -38.72  -39.30  -39.37  -39.02  -38.89  -38.58  -37.31  -37.05  -38.21  -38.16  -37.51  -37.93  -37.79  -36.93  -37.30
   20.00  -47.69  -47.12  -46.81  -47.29  -47.55  -47.36  -47.53  -47.61  -47.13  -46.98  -47.45  -47.27  -46.90  -46.24  -46.26  -46.80  -46.36  -45.97  -46.37  -46.55  -46.56  -46.41  -46.50  -46.54
   30.00  -51.63  -52.00  -51.38  -51.03  -51.31  -51.92  -51.90  -51.46  -51.22  -51.28  -51.43  -51.37  -51.71  -51.81  -51.61  -51.31  -51.09  -50.34  -50.11  -50.26  -50.36  -50.30  -50.61  -50.80
   50.00  -56.35  -56.23  -56.38  -56.45  -56.00  -54.82  -54.44  -55.33  -56.03  -56.34  -55.39  -55.01  -55.33  -55.82  -56.03  -55.64  -55.50  -55.26  -54.49  -53.90  -54.17  -54.80  -55.83  -56.03
   70.00  -57.82  -57.86  -57.58  -56.82  -56.88  -57.34  -57.37  -57.25  -57.12  -57.34  -57.52  -57.56  -57.29  -56.89  -56.72  -56.56  -56.54  -56.82  -56.90  -56.79  -56.56  -56.19  -55.96  -55.87
  100.00  -58.03  -58.63  -59.05  -59.06  -58.51  -57.78  -57.03  -56.50  -56.22  -55.98  -56.26  -56.31  -56.40  -56.47  -56.32  -56.00  -55.62  -55.44  -55.24  -55.18  -55.28  -55.47  -55.34  -55.55
  125.00  -53.19  -53.27  -53.79  -54.53  -54.89  -54.91  -54.70  -54.37  -54.18  -54.00  -53.93  -54.12  -54.23  -54.48  -54.47  -54.23  -53.89  -54.07  -54.18  -54.29  -54.39  -54.48  -54.36  -54.47
  150.00  -51.87  -52.05  -52.89  -53.97  -54.76  -55.23  -55.49  -55.63  -55.77  -55.95  -55.36  -55.91  -56.10  -56.43  -56.34  -56.12  -55.58  -54.80  -53.99  -53.33  -52.82  -53.04  -53.04  -53.46
  175.00  -54.49  -54.82  -55.04  -55.09  -54.94  -55.04  -55.31  -55.25  -55.04  -55.47  -54.80  -54.82  -55.18  -55.33  -56.09  -56.49  -55.94  -55.76  -55.39  -54.45  -53.53  -52.75  -52.83  -53.24
  200.00  -56.60  -55.68  -55.73  -55.52  -55.52  -55.57  -55.65  -55.86  -55.42  -54.80  -54.97  -55.45  -55.37  -55.85  -55.65  -54.27  -54.17  -54.32  -53.34  -52.21  -51.47  -51.65  -51.74  -52.06
  225.00  -53.90  -54.36  -54.11  -54.35  -54.46  -54.71  -54.74  -54.52  -54.42  -54.49  -54.58  -54.59  -54.38  -54.45  -53.53  -53.22  -53.43  -52.70  -51.78  -50.78  -49.77  -49.20  -48.96  -48.75
  250.00  -48.90  -48.78  -48.70  -48.84  -49.01  -49.25  -49.51  -49.73  -49.99  -50.12  -50.04  -49.84  -49.40  -49.08  -48.85  -49.08  -49.27  -49.28  -49.48  -49.51  -48.76  -46.99  -46.14  -45.53
  300.00  -38.96  -39.11  -38.94  -38.63  -38.74  -39.15  -39.35  -39.74  -40.22  -40.14  -40.19  -39.69  -39.42  -39.02  -39.06  -39.60  -39.99  -40.60  -41.41  -42.31  -43.33  -42.08  -40.11  -38.13
  350.00  -30.32  -30.37  -30.48  -30.48  -30.37  -30.38  -30.49  -30.72  -31.05  -31.35  -31.99  -31.71  -31.21  -31.03  -31.10  -31.13  -31.17  -31.38  -31.47  -32.27  -33.27  -34.28  -33.93  -34.29
  400.00  -23.71  -23.83  -24.00  -23.92  -23.84  -23.38  -23.33  -23.46  -23.40  -23.36  -23.70  -24.02  -24.16  -23.89  -23.86  -23.82  -23.75  -23.76  -24.28  -24.58  -25.14  -26.97  -26.86  -27.40
  450.00  -18.12  -18.03  -17.86  -17.84  -17.96  -17.91  -17.80  -17.66  -17.48  -17.19  -16.64  -17.02  -17.73  -18.05  -18.14  -17.94  -17.73  -17.85  -18.15  -18.31  -18.83  -20.20  -20.25  -20.22
  500.00  -13.21  -13.11  -12.98  -12.83  -12.72  -12.77  -12.79  -12.71  -12.45  -12.37  -11.77  -11.64  -12.11  -12.68  -12.94  -13.09  -12.87  -12.95  -12.99  -13.13  -13.55  -14.31  -14.74  -15.14
  550.00   -9.11   -8.86   -8.70   -8.44   -8.10   -8.08   -8.30   -8.47   -8.36   -8.29   -7.86   -7.66   -7.99   -8.20   -8.31   -8.49   -8.57   -8.53   -8.51   -8.71   -8.97   -9.25   -9.86  -10.87
  600.00   -4.77   -4.68   -4.60   -4.39   -4.16   -4.09   -4.13   -4.35   -4.42   -4.40   -3.99   -4.05   -4.33   -4.44   -4.30   -4.45   -4.54   -4.51   -4.69   -5.02   -5.16   -5.31   -5.51   -6.17
  650.00   -0.45   -0.52   -0.39   -0.32   -0.35   -0.37   -0.37   -0.54   -0.72   -0.76   -0.66   -0.87   -0.73   -0.90   -0.61   -1.12   -1.65   -1.50   -1.76   -2.03   -1.96   -1.86   -1.74   -2.22
  700.00    4.02    3.90    3.94    3.94    3.73    3.52    3.49    3.32    3.09    2.92    2.42    2.29    2.34    2.15    1.99    1.64    1.23    1.27    1.01    0.60    0.40    0.78    0.55    0.11
  750.00    8.22    8.06    7.88    7.67    7.32    6.94    6.80    6.69    6.39    5.98    5.26    4.99    4.76    5.17    5.19    5.39    5.13    4.66    4.39    3.75    2.83    3.06    2.84    2.45
  775.00    9.87    9.71    9.45    9.25    8.95    8.55    8.40    8.21    7.78    7.33    6.58    6.35    6.25    6.87    7.01    6.93    6.62    6.12    5.71    5.48    4.98    5.00    4.27    3.90
  800.00   10.96   10.86   10.77   10.76   10.58   10.20   10.00    9.73    9.21    8.70    7.89    7.78    7.91    8.33    8.58    8.40    7.98    7.54    6.99    6.85    6.73    6.68    5.52    5.21
  825.00   11.68   11.70   11.87   12.07   11.98   11.71   11.46   11.17   10.58    9.99    9.13    9.17    9.51    9.63    9.73    9.55    8.98    8.37    7.92    7.87    7.94    7.80    6.71    6.25
  850.00   12.59   12.78   13.01   13.22   13.18   13.13   12.94   12.48   11.82   11.27   10.42   10.62   10.96   10.79   10.37   10.19    9.61    8.73    8.44    8.66    8.85    8.68    7.72    7.28
  875.00   13.81   14.04   14.18   14.29   14.37   14.30   14.07   13.59   12.87   12.62   11.85   12.14   12.22   11.73   10.85   10.50    9.97    9.14    8.90    9.13    9.39    9.26    8.28    8.13
  900.00   15.00   15.29   15.29   15.38   15.31   15.16   15.03   14.51   14.06   14.06   13.29   13.56   13.37   12.52   11.47   10.98   10.33    9.46    9.26    9.39    9.63    9.53    8.85    8.94
  925.00   15.80   16.18   16.36   16.41   16.27   16.04   15.76   15.34   14.63   15.09   14.41   14.75   14.75   13.78   12.15   11.44   10.93   10.12    9.82    9.91   10.06   10.06    9.53    9.78
  950.00   15.97   16.43   16.53   16.59   16.36   16.08   15.94   15.64   16.12   16.52   15.96   16.38   16.53   15.07   13.53   12.72   12.19   11.75   11.32   11.26   11.33   11.43   10.88   11.01
  975.00   16.65   17.26   17.50   17.61   17.45   17.11   16.91   16.73   17.26   17.67   17.00   17.37   17.72   16.35   14.93   14.16   13.68   13.39   13.00   12.89   12.92   13.01   12.38   12.47
 1000.00   17.55   17.95   18.21   18.29   18.23   18.10   18.08   18.06   18.60   18.78   17.91   18.19   18.51   17.43   16.53   15.89   15.39   15.11   14.74   14.59   14.63   14.70   14.07   14.16
