#  level#  00:00#  01:00#  02:00#  03:00#  04:00#  05:00#  06:00#  07:00#  08:00#  09:00#  10:00#  11:00#  12:00#  13:00#  14:00#  15:00#  16:00#  17:00#  18:00#  19:00#  20:00#  21:00#  22:00#  23:00
    1.00  -14.07  -15.41  -17.02  -17.07  -16.09  -16.44  -15.75  -14.65  -13.28  -10.98   -9.30   -7.60   -7.18   -6.52   -5.96   -5.90   -6.24   -7.43   -9.41  -10.56  -11.00  -11.51  -10.91  -11.89
    2.00    0.43   -0.73   -2.33   -3.71   -5.14   -6.21   -6.27   -6.15   -6.81   -6.21   -5.26   -2.21    1.53    3.09    4.56    4.45    4.76    5.91    6.91    7.72    6.12    2.98    1.62    0.44
    3.00  -14.56  -14.07  -14.61  -15.67  -16.64  -18.35  -19.45  -19.64  -19.75  -20.54  -21.19  -21.71  -21.39  -20.37  -17.68  -17.64  -18.17  -18.14  -16.68  -14.09  -11.34  -10.63  -10.56   -8.98
   10.00  -60.45  -60.83  -61.45  -62.44  -62.80  -62.45  -61.29  -59.93  -58.88  -57.40  -57.00  -57.09  -58.09  -58.76  -59.39  -60.01  -60.20  -60.34  -60.39  -60.27  -59.51  -58.43  -57.12  -58.15
   20.00  -65.22  -65.18  -65.24  -65.30  -65.41  -65.59  -65.18  -64.69  -65.18  -65.65  -64.68  -64.86  -64.96  -65.11  -65.50  -65.59  -65.55  -65.30  -65.05  -65.06  -64.79  -64.32  -64.78  -65.11
   30.00  -65.27  -64.54  -65.01  -65.48  -65.36  -65.37  -65.42  -65.57  -65.95  -66.46  -66.43  -65.75  -65.38  -65.69  -65.88  -65.65  -65.54  -65.27  -65.00  -65.42  -65.94  -65.78  -64.63  -64.39
   50.00  -65.35  -65.91  -66.27  -66.27  -66.09  -65.90  -66.07  -66.56  -66.73  -66.43  -66.31  -66.14  -65.87  -66.06  -65.81  -65.14  -65.05  -65.11  -64.98  -65.20  -65.91  -66.51  -66.34  -66.14
   70.00  -64.95  -64.41  -64.21  -64.49  -65.05  -65.61  -65.56  -65.40  -65.38  -65.42  -65.50  -66.03  -66.56  -67.04  -67.31  -67.23  -66.74  -66.42  -66.29  -65.78  -65.14  -65.24  -65.93  -65.99
  100.00  -63.44  -63.69  -63.69  -63.64  -63.84  -64.42  -65.04  -65.39  -65.39  -65.07  -64.70  -64.44  -64.28  -64.19  -64.34  -64.81  -64.96  -64.92  -64.96  -64.64  -64.26  -64.34  -64.47  -64.76
  125.00  -61.96  -61.94  -61.82  -61.67  -61.50  -61.41  -61.50  -61.68  -61.75  -61.65  -62.17  -62.08  -62.04  -61.93  -61.84  -61.98  -62.11  -62.37  -62.82  -63.14  -63.23  -63.23  -63.80  -63.99
  150.00  -61.11  -60.87  -60.78  -60.70  -60.56  -60.32  -59.98  -59.76  -59.77  -59.84  -59.90  -59.63  -59.54  -59.58  -59.67  -59.85  -59.76  -59.72  -59.99  -60.30  -60.44  -60.42  -60.93  -61.30
  175.00  -60.95  -60.97  -61.19  -60.96  -60.60  -60.27  -60.01  -59.98  -60.09  -60.05  -59.47  -59.07  -58.85  -58.69  -58.65  -58.89  -58.96  -58.72  -58.41  -58.35  -58.49  -58.43  -58.61  -58.65
  200.00  -62.29  -62.07  -62.11  -62.01  -61.47  -60.92  -60.51  -60.25  -59.91  -59.53  -58.99  -58.68  -58.65  -58.42  -58.27  -58.44  -58.59  -58.68  -58.62  -58.41  -58.21  -58.00  -57.89  -57.84
  225.00  -61.43  -61.60  -61.47  -61.47  -61.33  -60.92  -60.49  -60.24  -60.11  -59.82  -59.34  -58.89  -58.94  -58.95  -58.90  -59.12  -59.33  -59.38  -59.08  -58.48  -58.06  -57.72  -57.60  -57.33
  250.00  -58.16  -58.60  -58.90  -59.01  -58.96  -58.85  -58.59  -58.17  -57.86  -57.74  -57.64  -57.65  -57.82  -57.93  -57.93  -57.87  -57.77  -57.73  -57.56  -57.26  -56.97  -56.54  -55.86  -55.08
  300.00  -49.02  -49.03  -49.09  -49.20  -49.37  -49.55  -49.72  -49.87  -49.96  -49.93  -49.87  -49.69  -49.62  -49.67  -49.79  -49.82  -49.81  -49.78  -49.73  -49.67  -49.63  -49.61  -49.46  -49.34
  350.00  -39.81  -39.76  -39.79  -39.94  -40.17  -40.41  -40.58  -40.70  -40.85  -40.97  -41.24  -41.20  -41.11  -40.95  -40.85  -40.86  -40.98  -41.11  -41.22  -41.25  -41.25  -41.30  -41.15  -41.19
  400.00  -32.02  -31.94  -31.92  -32.07  -32.34  -32.59  -32.75  -32.83  -32.90  -32.97  -33.26  -33.22  -33.18  -33.06  -32.90  -32.72  -32.60  -32.61  -32.71  -32.84  -33.00  -33.18  -33.25  -33.37
  450.00  -24.95  -24.89  -24.87  -24.92  -25.02  -25.16  -25.31  -25.45  -25.57  -25.67  -26.12  -26.19  -26.30  -26.35  -26.38  -26.37  -26.30  -26.29  -26.35  -26.26  -26.13  -26.18  -26.34  -26.40
  500.00  -18.19  -18.11  -18.06  -18.10  -18.28  -18.57  -18.84  -19.01  -19.14  -19.27  -19.62  -19.72  -19.85  -19.95  -20.05  -20.11  -20.12  -20.18  -20.29  -20.37  -20.44  -20.54  -20.62  -20.66
  550.00  -12.92  -12.90  -12.84  -12.91  -13.14  -13.40  -13.55  -13.63  -13.73  -13.85  -13.92  -13.98  -14.07  -14.12  -14.18  -14.21  -14.21  -14.26  -14.35  -14.42  -14.46  -14.55  -14.64  -14.71
  600.00   -8.88   -8.96   -8.97   -9.00   -9.03   -9.02   -9.00   -9.04   -9.14   -9.17   -9.07   -9.08   -9.17   -9.26   -9.40   -9.45   -9.36   -9.28   -9.27   -9.24   -9.21   -9.23   -9.44   -9.51
  650.00   -4.93   -4.95   -4.94   -4.98   -4.99   -4.98   -5.01   -5.11   -5.20   -5.17   -5.10   -4.95   -4.94   -5.00   -5.15   -5.26   -5.19   -5.01   -4.88   -4.76   -4.69   -4.72   -5.05   -5.13
  700.00   -1.69   -1.63   -1.62   -1.68   -1.70   -1.74   -1.83   -1.93   -1.97   -1.87   -1.53   -1.31   -1.19   -1.16   -1.24   -1.36   -1.44   -1.38   -1.29   -1.14   -1.05   -1.10   -1.19   -1.23
  750.00    0.64    0.64    0.60    0.55    0.47    0.38    0.20    0.07    0.01    0.10    0.66    0.93    1.10    1.32    1.52    1.55    1.47    1.28    1.07    1.08    1.17    1.18    1.61    1.60
  775.00    1.48    1.38    1.23    1.11    1.06    0.85    0.63    0.47    0.32    0.27    0.40    0.66    0.85    1.08    1.57    2.11    2.26    2.13    1.84    1.64    1.54    1.49    1.88    1.84
  800.00    2.35    2.03    1.68    1.53    1.46    1.30    1.12    1.00    0.83    0.72    0.57    0.72    0.78    0.78    0.94    1.45    1.90    2.18    2.18    2.07    1.86    1.64    1.33    1.07
  825.00    2.73    2.35    2.16    2.09    2.03    2.02    1.99    1.99    1.95    1.98    1.59    1.62    1.43    1.30    1.06    0.99    1.20    1.57    1.97    2.22    2.11    1.83    0.96    0.45
  850.00    2.75    2.57    2.49    2.42    2.52    2.62    2.74    2.83    2.93    3.09    2.27    2.47    2.43    1.75    1.00    1.00    1.26    1.60    1.90    2.15    2.12    1.84    0.83    0.46
  875.00    2.74    2.38    2.14    2.04    2.31    2.73    3.00    3.06    3.02    3.13    2.15    2.16    1.27    1.36    2.06    2.56    2.80    3.04    3.22    3.26    3.19    3.05    2.39    2.05
  900.00    3.54    3.19    2.84    2.37    1.97    1.81    1.69    1.44    1.22    1.21    1.12    1.41    2.46    3.60    4.38    4.88    5.07    5.14    5.20    5.23    5.21    5.05    4.16    3.63
  925.00    4.62    4.29    3.90    3.50    3.06    2.66    2.44    2.25    2.06    1.95    2.20    3.26    4.61    5.77    6.62    7.12    7.28    7.37    7.47    7.59    7.66    7.62    6.61    6.00
  950.00    5.80    5.09    4.35    3.73    3.25    2.81    2.55    2.37    2.23    2.60    3.83    5.51    6.87    8.00    8.81    9.27    9.30    9.20    8.99    8.63    8.05    7.47    6.17    5.53
  975.00    7.45    6.71    5.91    5.26    4.75    4.43    4.07    3.91    3.80    4.04    5.01    6.69    8.04    9.17    9.97   10.45   10.57   10.56   10.51   10.41   10.24   10.01    8.86    8.21
 1000.00    8.86    8.13    7.33    6.66    6.14    5.79    5.43    5.26    5.13    5.34    6.30    8.03    9.38   10.51   11.32   11.80   11.94   11.92   11.86   11.78   11.63   11.40   10.25    9.59
