#  level#  00:00#  01:00#  02:00#  03:00#  04:00#  05:00#  06:00#  07:00#  08:00#  09:00#  10:00#  11:00#  12:00#  13:00#  14:00#  15:00#  16:00#  17:00#  18:00#  19:00#  20:00#  21:00#  22:00#  23:00
    1.00  -21.09  -20.59  -21.51  -21.34  -20.39  -18.81  -18.98  -19.82  -20.96  -22.54  -24.30  -25.33  -24.44  -21.64  -18.37  -15.74  -15.96  -18.05  -18.39  -19.29  -21.41  -22.25  -23.10  -23.55
    2.00  -30.44  -31.04  -32.00  -31.74  -32.99  -33.05  -32.00  -30.87  -29.54  -28.77  -30.27  -30.45  -29.84  -30.17  -31.22  -32.16  -30.83  -29.62  -29.23  -26.95  -26.30  -28.01  -29.16  -29.12
    3.00  -36.99  -37.05  -38.10  -38.31  -39.20  -40.66  -41.37  -40.89  -40.54  -39.50  -38.35  -38.24  -38.86  -39.04  -39.33  -39.99  -40.56  -40.05  -40.03  -38.65  -36.93  -37.23  -38.57  -38.88
   10.00  -49.74  -50.14  -49.53  -48.90  -49.75  -49.82  -48.65  -48.54  -49.05  -48.56  -48.77  -49.28  -50.48  -49.83  -48.96  -49.03  -49.25  -49.56  -50.43  -51.43  -52.19  -51.63  -50.70  -50.30
   20.00  -56.57  -56.32  -56.51  -57.00  -56.29  -55.80  -56.21  -56.50  -56.64  -56.88  -57.06  -56.55  -56.93  -56.03  -56.03  -56.21  -56.48  -56.20  -55.70  -55.84  -56.11  -56.24  -56.03  -56.24
   30.00  -60.31  -60.56  -60.28  -59.49  -59.82  -59.69  -59.71  -59.65  -59.64  -59.67  -59.67  -59.61  -59.84  -60.25  -59.88  -59.62  -59.05  -59.24  -59.36  -58.91  -59.23  -59.95  -60.84  -60.60
   50.00  -63.20  -62.25  -62.13  -63.11  -63.76  -63.78  -63.32  -63.50  -63.53  -62.92  -62.51  -62.74  -63.03  -63.33  -63.51  -63.05  -62.79  -62.43  -62.48  -62.89  -62.91  -62.33  -61.42  -61.87
   70.00  -63.35  -64.18  -64.06  -63.17  -62.66  -63.03  -63.34  -63.30  -63.67  -63.99  -63.89  -63.54  -63.30  -62.86  -62.87  -62.91  -63.17  -63.61  -63.78  -64.00  -64.05  -64.04  -63.60  -63.54
  100.00  -63.57  -62.99  -63.20  -63.46  -63.51  -63.50  -63.88  -64.09  -63.94  -63.88  -64.65  -64.92  -64.72  -64.66  -64.68  -64.75  -64.30  -63.86  -63.64  -63.42  -63.72  -64.02  -63.92  -63.59
  125.00  -63.10  -63.06  -62.76  -62.69  -62.58  -62.18  -62.23  -62.27  -61.83  -61.19  -61.27  -61.27  -61.11  -61.25  -61.47  -61.75  -61.90  -61.56  -61.13  -60.72  -60.50  -60.34  -60.19  -60.21
  150.00  -60.06  -60.63  -60.94  -61.06  -61.30  -61.21  -60.95  -61.28  -61.80  -61.74  -61.05  -60.81  -60.32  -59.72  -59.14  -58.70  -58.91  -58.98  -59.15  -58.81  -58.37  -58.42  -58.41  -58.59
  175.00  -59.53  -59.34  -59.59  -59.50  -59.51  -59.58  -59.32  -58.95  -58.89  -59.15  -59.02  -59.39  -59.50  -59.23  -58.93  -58.45  -58.22  -57.90  -57.98  -58.38  -57.96  -57.63  -57.46  -57.56
  200.00  -58.94  -58.82  -58.80  -59.02  -59.33  -59.14  -58.80  -58.44  -57.90  -57.35  -56.75  -57.20  -57.58  -57.43  -57.44  -57.51  -57.72  -57.78  -57.36  -57.43  -57.80  -57.48  -57.14  -56.77
  225.00  -55.56  -55.48  -55.47  -55.41  -55.46  -55.73  -55.84  -55.63  -55.32  -55.26  -55.07  -55.23  -55.39  -55.37  -55.43  -55.56  -55.61  -55.61  -55.34  -55.22  -55.37  -55.58  -56.36  -56.10
  250.00  -50.40  -50.33  -50.53  -50.80  -50.99  -51.13  -51.36  -51.65  -51.83  -51.76  -51.21  -50.96  -51.20  -51.35  -51.41  -51.56  -51.81  -52.17  -52.41  -52.45  -52.66  -52.96  -53.20  -53.18
  300.00  -41.70  -41.55  -41.61  -41.67  -41.65  -41.76  -41.99  -42.22  -42.48  -42.79  -42.97  -43.18  -43.45  -43.66  -43.76  -43.95  -44.15  -44.32  -44.54  -44.75  -44.84  -44.83  -44.85  -44.80
  350.00  -34.28  -34.33  -34.31  -34.03  -33.88  -34.20  -34.38  -34.31  -34.31  -34.48  -34.63  -34.79  -34.95  -35.08  -35.27  -35.38  -35.46  -35.54  -35.66  -35.81  -35.92  -36.07  -36.38  -36.65
  400.00  -26.35  -26.47  -26.58  -26.68  -26.80  -26.92  -27.03  -27.17  -27.33  -27.42  -27.42  -27.45  -27.40  -27.42  -27.52  -27.60  -27.70  -27.81  -27.93  -28.04  -28.10  -28.18  -28.37  -28.86
  450.00  -20.24  -20.33  -20.33  -20.42  -20.45  -20.43  -20.45  -20.52  -20.60  -20.70  -20.72  -20.84  -20.89  -20.97  -21.01  -21.02  -21.15  -21.35  -21.53  -21.59  -21.72  -21.78  -21.56  -21.84
  500.00  -14.71  -14.80  -14.83  -14.93  -14.98  -14.97  -15.05  -15.23  -15.31  -15.30  -15.40  -15.46  -15.54  -15.71  -15.84  -15.77  -15.68  -15.92  -16.16  -16.23  -16.36  -16.36  -15.89  -15.91
  550.00   -9.33   -9.44   -9.51   -9.67   -9.78   -9.85  -10.08  -10.44  -10.70  -10.73  -10.96  -10.82  -10.76  -10.90  -11.11  -11.19  -11.07  -11.13  -11.38  -11.47  -11.59  -11.61  -11.30  -11.25
  600.00   -4.59   -4.69   -4.79   -4.99   -5.12   -5.24   -5.50   -5.82   -6.16   -6.36   -6.76   -6.65   -6.48   -6.44   -6.51   -6.65   -6.66   -6.71   -6.94   -7.13   -7.30   -7.40   -7.43   -7.44
  650.00   -0.30   -0.42   -0.53   -0.73   -0.84   -0.89   -1.06   -1.29   -1.54   -1.72   -1.99   -2.06   -2.02   -2.02   -2.06   -2.20   -2.31   -2.43   -2.65   -2.84   -2.96   -2.99   -3.19   -3.19
  700.00    2.74    2.37    2.12    1.95    1.94    2.01    1.98    1.96    1.91    1.87    1.89    1.70    1.59    1.48    1.38    1.19    1.10    0.99    0.85    0.71    0.64    0.72    0.77    0.83
  750.00    3.70    3.31    3.12    3.18    3.32    3.49    3.69    4.06    4.32    4.51    4.56    4.48    4.29    4.01    3.80    3.58    3.49    3.42    3.40    3.40    3.35    3.41    3.63    3.72
  775.00    3.83    3.53    3.41    3.54    3.70    3.86    4.10    4.62    5.05    5.38    5.46    5.50    5.27    4.91    4.67    4.53    4.50    4.48    4.54    4.55    4.48    4.53    4.67    4.82
  800.00    4.09    3.87    3.82    3.97    4.12    4.21    4.40    4.93    5.45    5.90    6.05    6.22    6.00    5.61    5.49    5.44    5.46    5.44    5.54    5.59    5.51    5.56    5.61    5.78
  825.00    4.60    4.46    4.44    4.55    4.67    4.71    4.80    5.24    5.72    6.20    6.41    6.74    6.63    6.35    6.29    6.32    6.31    6.23    6.34    6.46    6.42    6.48    6.56    6.70
  850.00    5.33    5.34    5.39    5.45    5.44    5.42    5.49    5.81    6.20    6.57    6.79    7.17    7.09    6.87    6.87    6.97    6.95    6.79    6.86    7.01    7.00    7.09    7.24    7.35
  875.00    5.75    6.13    6.31    6.41    6.33    6.22    6.23    6.46    6.75    7.05    7.16    7.50    7.52    7.41    7.43    7.47    7.41    7.16    7.09    7.21    7.20    7.29    7.41    7.46
  900.00    5.93    6.66    7.15    7.32    7.24    7.09    7.07    7.21    7.41    7.66    7.70    8.02    8.18    7.72    7.60    7.63    7.67    7.60    7.52    7.49    7.44    7.49    7.46    7.49
  925.00    6.54    6.99    7.53    7.92    7.97    7.91    7.92    8.08    8.24    8.43    8.33    8.77    8.39    8.85    9.04    8.97    8.76    8.61    8.46    8.30    8.18    8.15    7.94    7.89
  950.00    7.50    7.80    8.17    8.50    8.69    8.85    8.98    9.13    9.25    9.32    8.98    9.05    9.89   10.46   10.78   10.74   10.34    9.83    9.52    9.28    9.12    9.10    8.71    8.71
  975.00    7.67    7.33    6.96    6.92    6.69    6.55    6.47    6.47    6.85    8.51    9.41   10.87   11.48   12.05   12.31   12.22   11.75   11.25   10.96   10.84   10.75   10.68   10.11   10.08
 1000.00    9.99    9.90    9.77    9.73    9.69    9.70    9.88   10.12   10.36   10.63   10.00   11.51   12.65   13.38   13.68   13.57   13.19   12.81   12.63   12.51   12.44   12.38   11.78   11.77
