#  level#  00:00#  01:00#  02:00#  03:00#  04:00#  05:00#  06:00#  07:00#  08:00#  09:00#  10:00#  11:00#  12:00#  13:00#  14:00#  15:00#  16:00#  17:00#  18:00#  19:00#  20:00#  21:00#  22:00#  23:00
    1.00   -5.40   -6.68   -7.99   -8.54   -8.46   -8.74   -8.08   -7.01   -7.59   -7.55   -7.91   -6.62   -5.48   -5.67   -5.19   -4.66   -5.45   -5.34   -5.68   -6.62   -7.61   -7.92   -7.04   -6.90
    2.00   -0.88   -0.57   -1.57   -0.48    0.93    0.55   -0.64   -1.86   -3.54   -2.58   -4.06   -4.06   -2.68   -3.86   -2.77   -0.92   -0.22    0.15    0.10    0.70    0.68    0.05   -2.64   -4.55
    3.00  -11.42  -12.43  -14.42  -15.06  -14.81  -13.15  -12.10  -10.93   -9.03   -7.82   -8.17   -9.74  -10.03  -12.32  -13.47  -13.04  -12.54  -11.57  -10.76   -9.19   -7.96   -6.81   -5.99   -6.20
   10.00  -49.17  -49.07  -48.95  -48.45  -48.10  -48.60  -48.56  -48.47  -48.79  -49.41  -50.26  -50.22  -49.56  -47.72  -46.91  -46.76  -46.57  -47.65  -48.38  -49.06  -49.61  -50.00  -50.17  -50.69
   20.00  -60.14  -60.40  -59.79  -60.00  -60.51  -60.51  -60.63  -60.29  -59.32  -59.20  -58.48  -58.77  -60.35  -61.42  -61.77  -62.00  -61.84  -61.55  -61.89  -62.09  -62.01  -60.87  -62.34  -61.43
   30.00  -60.64  -61.19  -61.68  -61.86  -62.32  -62.22  -61.91  -62.36  -63.04  -62.85  -62.82  -62.19  -62.13  -62.13  -61.96  -62.35  -62.97  -63.30  -63.57  -63.78  -64.42  -64.55  -64.02  -63.79
   50.00  -62.63  -62.55  -62.98  -63.42  -63.93  -64.23  -64.83  -64.65  -64.49  -63.96  -64.36  -63.86  -63.42  -63.53  -64.16  -64.23  -64.20  -63.95  -63.52  -62.88  -62.78  -63.51  -63.59  -63.95
   70.00  -63.08  -62.96  -62.58  -62.60  -62.79  -62.97  -62.74  -62.73  -62.49  -62.45  -62.89  -63.31  -63.31  -63.11  -63.04  -63.12  -63.22  -63.22  -63.54  -63.88  -63.37  -63.21  -63.42  -63.25
  100.00  -61.16  -61.24  -61.24  -61.13  -61.16  -61.54  -61.97  -62.52  -62.82  -63.48  -62.12  -61.87  -61.60  -61.23  -60.74  -60.42  -60.68  -61.12  -61.06  -61.08  -61.57  -62.13  -61.92  -62.25
  125.00  -59.93  -59.59  -59.39  -59.14  -59.02  -58.83  -58.62  -58.35  -58.29  -58.92  -59.24  -59.58  -59.88  -60.46  -61.03  -61.42  -61.30  -61.69  -62.30  -62.92  -62.95  -63.04  -62.64  -63.11
  150.00  -59.18  -59.00  -59.20  -58.88  -58.37  -58.48  -58.73  -59.28  -58.72  -58.92  -59.16  -59.30  -59.58  -60.09  -60.35  -60.58  -60.62  -60.67  -61.03  -61.84  -62.58  -63.31  -64.89  -66.37
  175.00  -60.52  -61.65  -61.73  -61.24  -60.88  -60.77  -60.14  -59.89  -60.04  -59.43  -59.78  -60.09  -60.20  -60.82  -62.46  -64.15  -65.07  -66.53  -67.33  -67.46  -67.49  -67.01  -67.47  -67.35
  200.00  -62.74  -62.00  -61.21  -61.04  -60.94  -60.50  -60.53  -60.62  -61.29  -61.08  -61.37  -61.79  -62.32  -64.20  -65.81  -66.15  -65.73  -65.36  -65.33  -65.26  -65.14  -65.04  -65.13  -64.76
  225.00  -61.05  -60.08  -60.08  -60.17  -60.30  -60.45  -60.36  -59.79  -59.21  -59.32  -60.03  -61.22  -61.84  -61.74  -61.79  -61.68  -61.92  -61.57  -61.11  -61.11  -61.12  -61.14  -61.54  -61.34
  250.00  -57.39  -57.26  -57.94  -58.57  -58.37  -58.46  -58.66  -58.72  -58.27  -57.57  -57.63  -57.56  -57.57  -57.21  -56.83  -56.29  -56.18  -56.13  -55.71  -55.40  -55.49  -55.58  -55.58  -55.67
  300.00  -48.43  -48.81  -49.10  -49.19  -49.18  -49.28  -49.73  -49.74  -49.56  -49.62  -49.68  -48.93  -48.04  -47.53  -47.00  -46.78  -46.42  -45.90  -45.78  -45.82  -45.38  -45.17  -45.20  -45.19
  350.00  -39.87  -39.67  -39.95  -40.34  -40.51  -40.41  -40.28  -40.56  -40.75  -41.01  -41.14  -40.65  -39.94  -39.04  -38.36  -38.14  -38.01  -37.90  -37.61  -37.09  -36.97  -36.60  -36.41  -36.43
  400.00  -33.67  -33.16  -32.58  -32.29  -32.54  -32.77  -32.78  -32.46  -32.74  -33.09  -33.24  -33.28  -33.32  -32.66  -31.33  -30.84  -30.60  -30.44  -30.02  -29.62  -29.29  -28.90  -28.56  -28.56
  450.00  -27.31  -27.45  -27.37  -26.91  -26.55  -26.30  -26.13  -26.08  -26.09  -25.93  -25.68  -25.85  -26.04  -26.22  -25.92  -25.22  -24.67  -24.34  -24.26  -23.91  -23.43  -22.58  -21.99  -21.79
  500.00  -21.72  -21.65  -21.68  -21.68  -21.33  -21.03  -21.05  -20.75  -20.48  -20.27  -19.51  -19.38  -19.53  -19.57  -19.65  -19.80  -19.66  -19.06  -18.71  -18.46  -18.26  -18.10  -17.28  -16.17
  550.00  -16.36  -16.35  -16.24  -16.26  -16.47  -16.15  -16.07  -15.70  -15.66  -15.61  -14.86  -14.62  -14.52  -14.50  -14.53  -14.55  -14.55  -14.39  -14.24  -14.03  -13.58  -13.42  -13.29  -12.31
  600.00  -12.05  -11.71  -11.42  -11.68  -11.74  -12.17  -12.17  -11.98  -11.67  -11.45  -10.79  -10.72  -10.79  -10.80  -10.68  -10.30  -10.07   -9.96   -9.81   -9.65   -9.45   -9.39   -9.18   -8.81
  650.00   -8.02   -7.70   -7.72   -6.66   -7.74   -8.29   -8.47   -8.71   -8.85   -8.81   -8.69   -8.28   -8.12   -8.08   -8.01   -7.52   -6.99   -6.61   -6.26   -6.07   -5.89   -5.90   -5.45   -5.41
  700.00   -4.05   -4.37   -4.39   -3.96   -4.30   -4.40   -4.67   -4.73   -5.26   -5.49   -5.74   -5.24   -5.02   -4.89   -4.82   -4.66   -4.50   -4.38   -4.09   -3.87   -3.66   -3.62   -2.85   -2.55
  750.00   -0.96   -1.67   -1.54   -1.85   -1.68   -1.42   -1.56   -1.66   -1.67   -1.84   -1.54   -1.45   -1.53   -1.66   -1.69   -1.36   -1.24   -1.21   -1.17   -1.30   -1.44   -1.46   -0.82   -0.39
  775.00   -0.26   -0.69   -0.54   -0.59   -0.41   -0.11   -0.13   -0.54   -0.63   -1.05   -0.86   -0.82   -0.77   -0.91   -1.20   -0.88   -0.65   -0.48   -0.05   -0.02   -0.06   -0.16    0.27    0.67
  800.00    0.23    0.20    0.71    0.95    1.13    1.32    1.27    0.81    0.40   -0.06   -0.09   -0.08   -0.02    0.01   -0.15   -0.40   -0.60   -0.32   -0.13   -0.05   -0.04   -0.23    0.38    1.09
  825.00    1.05    1.28    2.08    2.40    2.77    3.00    2.66    2.14    1.51    1.16    1.37    1.08    0.88    0.76    0.64    0.29   -0.21   -0.69   -1.00   -0.83   -0.93   -1.04   -0.63    0.27
  850.00    2.41    2.66    3.39    3.68    4.12    4.27    3.75    3.28    2.68    2.65    2.89    2.58    2.28    1.94    1.90    1.37    0.92    0.30   -0.02   -0.30   -0.37   -0.13    0.00    0.33
  875.00    3.87    4.18    4.48    4.73    5.25    5.39    4.89    4.61    4.20    4.34    4.14    3.95    3.79    3.47    3.36    2.73    2.44    1.92    1.57    1.37    1.37    1.58    1.94    2.15
  900.00    5.24    5.65    5.78    5.49    5.99    6.18    6.14    6.08    5.72    5.67    5.41    5.17    5.21    4.96    4.79    4.29    4.05    3.67    3.41    3.21    3.18    3.18    3.65    3.66
  925.00    6.69    7.12    7.15    6.57    6.62    6.86    7.15    7.19    7.13    6.88    6.83    6.65    6.57    6.43    6.25    5.83    5.64    5.39    5.26    5.05    4.95    4.90    5.35    5.36
  950.00    8.03    8.40    8.46    8.03    7.79    7.97    8.17    8.32    8.25    8.18    8.22    8.10    8.04    8.04    7.90    7.53    7.31    7.15    7.06    6.82    6.67    6.62    6.95    6.88
  975.00    9.42    9.69    9.64    9.40    9.20    9.28    9.50    9.75    9.75    9.63    9.75    9.66    9.64    9.62    9.49    9.28    9.06    8.92    8.76    8.50    8.41    8.30    8.61    8.51
 1000.00   10.82   11.05   10.86   10.60   10.51   10.72   11.09   11.33   11.37   11.20   11.35   11.30   11.27   11.25   11.12   10.97   10.72   10.59   10.44   10.23   10.13   10.04   10.38   10.29
