#  level#  00:00#  01:00#  02:00#  03:00#  04:00#  05:00#  06:00#  07:00#  08:00#  09:00#  10:00#  11:00#  12:00#  13:00#  14:00#  15:00#  16:00#  17:00#  18:00#  19:00#  20:00#  21:00#  22:00#  23:00
    1.00  -11.06  -12.64  -14.41  -15.96  -18.91  -20.40  -20.38  -19.66  -19.05  -18.82  -17.66  -16.87  -15.06  -14.37  -13.58  -13.41  -12.36  -12.41  -12.54  -14.12  -15.18  -15.47  -14.97  -14.48
    2.00  -22.70  -23.68  -22.41  -22.16  -19.92  -18.72  -18.82  -19.19  -20.35  -21.11  -21.58  -22.60  -23.19  -22.27  -19.11  -17.84  -16.42  -16.31  -18.15  -19.11  -19.10  -18.56  -18.95  -19.42
    3.00  -29.57  -30.51  -30.86  -31.30  -32.83  -32.50  -32.31  -31.52  -29.03  -26.47  -24.80  -24.80  -26.78  -29.86  -31.29  -31.15  -29.45  -26.65  -24.81  -25.58  -27.16  -26.99  -27.60  -27.97
   10.00  -47.04  -46.61  -46.33  -46.65  -46.59  -46.18  -45.90  -46.04  -45.92  -46.75  -47.19  -47.02  -47.12  -46.69  -46.12  -45.80  -45.03  -44.63  -45.27  -46.25  -46.55  -46.36  -47.51  -47.69
   20.00  -50.72  -51.23  -51.62  -51.48  -50.95  -50.58  -50.11  -49.22  -49.00  -48.83  -48.91  -49.53  -50.30  -50.55  -50.74  -51.49  -51.25  -50.84  -49.77  -49.29  -49.67  -49.92  -49.87  -50.48
   30.00  -52.04  -52.41  -53.08  -53.35  -53.10  -52.82  -52.90  -52.75  -52.16  -51.41  -51.84  -52.48  -52.98  -53.23  -52.92  -53.03  -52.95  -52.62  -52.70  -51.98  -51.77  -51.81  -51.90  -52.17
   50.00  -56.80  -56.46  -56.28  -56.49  -56.88  -57.01  -56.89  -56.20  -55.98  -56.59  -56.28  -55.87  -56.10  -56.80  -57.33  -57.08  -57.12  -56.60  -56.31  -56.45  -56.46  -56.50  -56.15  -56.43
   70.00  -60.55  -60.83  -61.13  -61.39  -61.46  -61.34  -61.40  -61.59  -61.33  -60.66  -60.86  -60.99  -60.54  -60.27  -60.25  -60.31  -60.41  -60.77  -60.56  -60.46  -60.22  -59.95  -60.06  -60.02
  100.00  -61.26  -61.17  -61.09  -61.07  -60.97  -60.78  -60.43  -60.16  -60.35  -60.86  -61.04  -60.74  -60.31  -60.38  -60.73  -60.98  -60.62  -60.63  -60.59  -60.24  -60.00  -59.90  -60.19  -60.04
  125.00  -61.73  -61.65  -61.52  -61.53  -61.40  -61.10  -60.90  -60.64  -60.24  -59.69  -59.67  -59.88  -59.95  -59.47  -59.12  -59.52  -59.62  -59.53  -59.56  -59.53  -59.69  -59.65  -59.42  -59.62
  150.00  -60.51  -60.32  -59.90  -59.43  -59.16  -58.89  -58.66  -58.38  -58.13  -57.73  -57.13  -56.98  -57.25  -57.61  -57.58  -57.22  -57.08  -57.11  -57.28  -57.35  -57.49  -57.79  -57.49  -57.32
  175.00  -62.44  -62.47  -62.34  -61.51  -60.35  -59.23  -58.37  -57.69  -57.21  -56.58  -55.50  -55.40  -55.65  -55.55  -55.25  -55.42  -55.42  -55.39  -55.79  -56.24  -56.42  -56.45  -56.44  -56.52
  200.00  -58.97  -58.91  -58.63  -58.47  -58.36  -58.22  -58.13  -57.93  -57.74  -57.57  -56.32  -55.58  -55.33  -55.61  -55.85  -56.32  -56.96  -56.96  -57.07  -56.76  -57.33  -57.46  -57.38  -57.77
  225.00  -52.51  -52.55  -52.85  -53.00  -53.21  -53.58  -53.87  -54.16  -54.59  -55.02  -55.09  -55.39  -55.61  -55.81  -55.69  -55.38  -55.25  -55.35  -55.57  -55.67  -55.40  -55.34  -55.46  -55.52
  250.00  -46.76  -46.58  -46.65  -46.83  -47.20  -47.65  -48.17  -48.71  -49.18  -49.51  -49.44  -49.66  -49.87  -49.96  -50.00  -50.05  -50.13  -50.05  -50.04  -50.14  -50.20  -50.31  -50.58  -50.57
  300.00  -36.01  -36.43  -36.63  -36.86  -37.03  -37.16  -37.46  -37.83  -38.23  -38.51  -38.70  -38.89  -39.06  -39.07  -39.24  -39.28  -39.27  -39.53  -39.71  -39.91  -40.02  -39.93  -39.92  -40.22
  350.00  -27.80  -27.99  -28.31  -28.71  -29.04  -29.27  -29.49  -29.74  -30.04  -30.33  -30.50  -30.52  -30.50  -30.62  -30.65  -30.70  -30.78  -30.84  -30.91  -30.98  -30.98  -31.00  -31.03  -31.10
  400.00  -21.76  -21.72  -22.07  -22.28  -22.54  -22.65  -22.69  -22.61  -22.61  -22.81  -23.40  -23.64  -23.39  -23.37  -23.34  -23.39  -23.54  -23.60  -23.50  -23.44  -23.30  -23.30  -23.41  -23.35
  450.00  -16.82  -16.95  -16.92  -16.98  -17.18  -17.39  -17.46  -17.42  -17.33  -17.33  -17.96  -18.17  -17.88  -17.88  -17.71  -17.41  -17.40  -17.48  -17.32  -17.34  -17.37  -17.34  -17.27  -17.15
  500.00  -11.72  -11.92  -12.04  -12.02  -12.19  -12.42  -12.60  -12.64  -12.61  -12.53  -13.02  -13.12  -13.06  -13.15  -13.11  -12.77  -12.56  -12.54  -12.37  -12.45  -12.59  -12.54  -12.58  -12.61
  550.00   -7.01   -6.97   -7.33   -7.56   -7.65   -7.82   -8.11   -8.07   -8.09   -8.05   -8.24   -8.30   -8.34   -8.43   -8.45   -8.47   -8.40   -8.38   -8.45   -8.68   -8.69   -8.63   -8.52   -8.28
  600.00   -2.38   -2.54   -2.97   -3.50   -3.81   -3.95   -4.13   -4.22   -4.15   -4.02   -4.23   -4.09   -3.89   -4.07   -4.00   -4.11   -4.19   -4.19   -4.40   -4.70   -4.79   -4.70   -4.93   -4.72
  650.00    1.79    1.72    1.29    0.72    0.23   -0.11   -0.39   -0.53   -0.53   -0.55   -0.55   -0.40   -0.34   -0.17   -0.16   -0.14   -0.12   -0.15   -0.46   -0.89   -0.99   -0.98   -1.14   -1.02
  700.00    4.93    4.98    4.80    4.64    4.48    4.24    3.90    3.59    3.39    3.22    3.42    3.49    3.31    3.50    3.46    3.44    3.45    3.31    2.91    2.45    2.21    2.06    2.23    2.32
  750.00    9.29    9.17    8.99    8.86    8.75    8.56    8.24    7.84    7.44    7.08    7.42    7.14    6.84    6.75    6.43    6.26    6.13    5.83    5.43    5.24    5.24    5.06    5.41    5.26
  775.00   11.51   11.32   11.12   10.98   10.86   10.66   10.28    9.80    9.28    8.77    9.03    8.67    8.15    7.91    7.58    7.37    7.16    6.78    6.51    6.43    6.53    6.44    6.41    6.11
  800.00   13.46   13.25   13.06   12.90   12.74   12.42   11.84   11.29   10.72   10.16   10.28    9.71    9.08    8.75    8.45    8.30    8.17    7.75    7.60    7.69    7.83    7.70    7.28    6.78
  825.00   15.02   14.70   14.45   14.20   13.90   13.44   12.64   12.14   11.70   11.23   11.05   10.33    9.77    9.56    9.30    9.11    9.04    8.71    8.65    8.86    8.89    8.52    8.14    7.74
  850.00   16.06   15.54   15.12   14.78   14.43   13.85   12.95   12.55   12.23   11.82   11.00   10.53   10.18    9.86    9.48    9.42    9.37    9.17    9.27    9.48    9.29    8.86    8.71    8.58
  875.00   16.31   15.44   14.87   14.41   14.05   13.51   12.74   12.34   11.98   11.44   10.40    9.95    9.88    9.87    9.78    9.82    9.75    9.63    9.60    9.74    9.67    9.66    9.62    9.58
  900.00   15.50   14.45   13.80   13.34   13.07   12.52   11.78   11.48   11.24   11.01   10.83   10.77   10.84   10.96   10.98   11.06   11.04   10.80   10.60   10.70   10.77   10.81   10.66   10.49
  925.00   13.85   13.05   12.62   12.39   12.21   12.11   12.00   12.00   12.04   12.13   12.26   12.35   12.38   12.74   12.77   12.53   12.33   12.33   12.17   12.18   12.16   12.12   11.83   11.59
  950.00   13.83   13.66   13.55   13.37   13.30   13.32   13.29   13.39   13.48   13.76   13.97   14.12   14.26   14.67   14.53   14.28   13.94   13.90   13.80   13.66   13.59   13.51   13.16   13.04
  975.00   15.17   15.04   14.99   14.96   14.95   14.98   14.92   14.97   15.12   15.48   15.69   15.87   16.01   16.30   16.23   16.04   15.60   15.66   15.58   15.47   15.37   15.24   14.83   14.67
 1000.00   16.96   16.83   16.81   16.73   16.72   16.73   16.66   16.68   16.79   17.15   17.35   17.55   17.70   17.98   17.92   17.73   17.33   17.36   17.30   17.18   17.07   16.95   16.54   16.38
