#  level#  00:00#  01:00#  02:00#  03:00#  04:00#  05:00#  06:00#  07:00#  08:00#  09:00#  10:00#  11:00#  12:00#  13:00#  14:00#  15:00#  16:00#  17:00#  18:00#  19:00#  20:00#  21:00#  22:00#  23:00
    1.00  -13.58  -13.26  -12.67  -11.11   -9.89  -10.74  -11.33  -12.09  -12.89  -13.72  -14.52  -14.53  -13.94  -14.57  -13.89  -12.74   -9.88   -8.11   -7.19   -7.71   -8.94   -9.27  -10.85  -11.70
    2.00   -8.26   -8.48   -9.64  -12.01  -13.65  -14.62  -13.07  -10.65   -9.06   -8.62   -7.86   -7.76   -7.37   -7.55   -6.33   -6.37   -6.81   -7.56   -7.92   -8.10   -9.02  -10.41  -11.96  -11.99
    3.00  -15.34  -15.72  -14.46  -14.82  -15.56  -17.48  -19.02  -19.31  -18.99  -17.79  -16.54  -16.66  -16.77  -16.39  -14.38  -12.89  -12.51  -12.30  -12.90  -13.23  -14.68  -15.15  -15.21  -16.05
   10.00  -38.48  -38.10  -37.66  -37.32  -37.81  -38.30  -39.33  -39.62  -39.81  -39.95  -39.89  -38.88  -38.10  -38.18  -38.66  -38.77  -38.66  -38.99  -38.88  -39.50  -39.93  -40.41  -40.70  -40.07
   20.00  -46.94  -46.44  -45.90  -45.41  -45.65  -46.12  -45.85  -45.83  -46.45  -46.45  -46.23  -46.16  -46.45  -46.54  -46.20  -45.97  -45.19  -45.18  -45.45  -46.05  -46.59  -46.40  -46.61  -46.88
   30.00  -51.95  -52.42  -51.88  -51.63  -51.20  -50.86  -50.47  -50.29  -50.14  -50.20  -50.90  -51.52  -51.56  -51.62  -51.65  -52.30  -52.25  -51.89  -51.57  -50.66  -50.28  -50.05  -50.28  -50.64
   50.00  -56.85  -57.14  -57.65  -57.83  -57.62  -57.75  -57.74  -57.36  -57.04  -57.13  -57.13  -57.34  -57.50  -57.58  -57.27  -56.99  -57.19  -57.44  -57.81  -57.91  -57.36  -56.73  -56.54  -56.88
   70.00  -61.89  -61.56  -61.13  -61.31  -61.42  -61.17  -60.89  -60.90  -61.02  -60.99  -60.47  -60.33  -60.12  -60.26  -60.58  -60.79  -61.03  -61.15  -61.02  -61.02  -61.07  -61.04  -60.28  -59.64
  100.00  -64.16  -64.21  -64.22  -63.89  -64.08  -64.41  -64.36  -64.05  -63.81  -63.52  -62.64  -62.13  -61.61  -61.34  -61.22  -61.21  -61.39  -61.88  -62.17  -62.27  -62.33  -62.22  -62.56  -62.82
  125.00  -59.19  -59.06  -59.11  -58.90  -58.61  -58.59  -58.62  -58.63  -58.89  -59.22  -59.25  -59.26  -59.38  -59.56  -59.70  -59.81  -59.88  -60.29  -60.80  -61.15  -61.40  -61.36  -61.01  -60.94
  150.00  -54.57  -54.39  -54.57  -54.67  -54.30  -54.16  -54.37  -54.43  -54.70  -55.11  -55.15  -55.78  -56.48  -57.11  -57.50  -57.82  -57.91  -58.11  -58.56  -59.02  -59.53  -59.91  -59.35  -59.55
  175.00  -53.23  -53.11  -52.97  -53.16  -53.35  -53.11  -52.96  -53.15  -53.38  -53.82  -53.44  -54.33  -55.56  -56.75  -57.51  -58.23  -58.58  -58.67  -58.71  -58.84  -59.08  -59.27  -58.89  -58.70
  200.00  -52.20  -52.77  -52.95  -52.69  -52.84  -53.08  -52.91  -52.73  -52.53  -52.57  -52.99  -54.18  -54.71  -55.02  -55.27  -55.53  -55.80  -56.00  -56.11  -56.10  -56.21  -56.36  -56.67  -56.60
  225.00  -51.89  -51.54  -51.65  -52.01  -51.91  -51.54  -51.10  -50.89  -50.51  -50.67  -50.75  -51.04  -51.38  -52.05  -52.52  -52.53  -52.47  -52.35  -52.22  -52.20  -52.13  -51.88  -51.76  -51.73
  250.00  -48.73  -48.47  -48.04  -47.67  -47.29  -47.33  -47.54  -47.28  -47.09  -47.16  -47.59  -47.87  -48.27  -48.44  -48.26  -48.23  -48.16  -47.98  -47.67  -47.34  -47.07  -46.80  -46.44  -46.43
  300.00  -38.33  -38.25  -38.09  -37.88  -37.92  -38.17  -38.67  -39.49  -39.79  -39.62  -39.77  -39.16  -38.71  -38.24  -37.86  -37.56  -37.43  -37.38  -37.26  -37.12  -37.03  -36.96  -36.33  -36.34
  350.00  -30.25  -30.05  -29.82  -29.70  -29.49  -29.36  -29.42  -29.83  -30.48  -30.81  -31.04  -30.46  -29.47  -28.56  -28.14  -27.96  -27.83  -27.75  -27.76  -27.79  -27.88  -27.97  -28.09  -27.91
  400.00  -22.18  -22.36  -22.57  -22.80  -22.73  -22.47  -22.41  -22.34  -22.30  -22.34  -22.34  -22.11  -21.61  -21.13  -20.67  -20.22  -19.81  -19.60  -19.56  -19.55  -19.61  -19.84  -20.72  -20.77
  450.00  -15.25  -15.42  -15.70  -15.93  -15.92  -15.99  -16.17  -16.23  -15.96  -15.64  -15.67  -15.17  -15.00  -14.81  -14.56  -14.15  -13.55  -13.03  -12.83  -12.82  -12.80  -12.89  -14.26  -14.84
  500.00   -9.71   -9.82   -9.91   -9.98  -10.05  -10.30  -10.48  -10.55  -10.45   -9.99  -10.19   -9.87   -9.34   -9.04   -8.79   -8.57   -8.30   -8.02   -7.81   -7.78   -7.62   -7.48   -8.21   -8.43
  550.00   -5.17   -5.34   -5.31   -5.21   -5.33   -5.74   -5.86   -5.83   -6.12   -5.81   -5.22   -4.82   -4.48   -4.23   -3.91   -3.57   -3.29   -3.08   -2.90   -2.85   -2.86   -2.87   -2.90   -3.10
  600.00   -1.26   -1.46   -1.51   -1.52   -1.73   -2.02   -1.97   -1.82   -2.03   -2.00   -1.42   -0.92   -0.42   -0.30   -0.07    0.22    0.44    0.60    0.79    1.01    1.03    0.97    1.02    1.06
  650.00    2.69    2.46    2.40    2.30    2.04    1.81    1.82    1.82    1.66    1.79    2.30    2.44    2.68    2.87    3.11    3.30    3.11    3.08    3.39    3.80    3.88    3.85    3.52    3.53
  700.00    6.39    6.07    6.02    5.85    5.61    5.32    5.07    4.75    4.77    4.88    4.63    4.78    4.06    2.34    1.76    2.50    2.66    2.90    2.89    3.48    4.73    5.06    4.59    4.46
  750.00    9.45    9.11    9.09    8.90    8.59    8.26    7.73    7.06    7.00    7.10    5.72    4.60    4.76    5.93    6.75    7.15    7.71    7.99    7.88    7.66    7.16    6.72    6.37    6.15
  775.00   10.74   10.67   10.54   10.27    9.84    9.45    8.83    8.08    7.93    7.75    6.32    6.52    7.42    8.60    9.40    9.82   10.37   10.69   10.63   10.36    9.80    9.20    8.92    8.60
  800.00   12.48   12.24   12.05   11.54   10.90   10.43    9.78    9.23    9.11    8.24    7.83    8.87    9.92   10.96   11.84   12.37   12.95   13.29   13.29   12.95   12.30   11.55   11.26   10.73
  825.00   14.38   13.93   13.48   12.73   12.02   11.58   11.05   10.45   10.17    9.71    9.99   11.23   12.37   13.39   14.25   14.87   15.47   15.83   15.87   15.45   14.62   13.77   13.47   12.60
  850.00   16.29   15.76   15.20   14.33   13.38   12.80   12.23   11.68   11.26   12.09   12.44   13.68   14.78   15.79   16.69   17.36   17.97   18.32   18.38   17.91   16.90   16.02   15.70   14.49
  875.00   18.27   17.62   16.90   15.96   14.93   14.15   13.55   13.14   13.58   14.46   14.80   16.05   17.17   18.18   19.09   19.81   20.44   20.79   20.85   20.40   19.29   18.32   17.88   16.70
  900.00   20.18   19.56   18.90   18.06   17.10   16.21   15.57   15.44   15.91   16.83   17.25   18.49   19.62   20.64   21.54   22.28   22.89   23.25   23.30   22.86   21.64   20.58   19.96   18.91
  925.00   21.89   21.20   20.58   19.90   19.15   18.40   17.91   17.96   18.50   19.62   20.17   21.42   22.45   23.53   24.42   25.18   25.71   26.00   25.90   25.35   23.89   22.70   21.91   20.97
  950.00   23.46   22.79   22.17   21.48   20.66   19.86   19.26   19.29   19.84   20.89   21.36   22.59   23.64   24.66   25.56   26.30   26.87   27.17   27.17   26.68   25.37   24.22   23.46   22.47
  975.00   24.93   24.24   23.59   22.88   22.04   21.22   20.64   20.72   21.32   22.37   22.84   24.09   25.15   26.17   27.08   27.78   28.37   28.68   28.69   28.19   26.86   25.71   24.93   23.92
 1000.00   26.39   25.71   25.08   24.39   23.55   22.73   22.15   22.18   22.73   23.79   24.25   25.50   26.57   27.60   28.51   29.21   29.79   30.10   30.11   29.63   28.32   27.16   26.39   25.39
