#  level#  00:00#  01:00#  02:00#  03:00#  04:00#  05:00#  06:00#  07:00#  08:00#  09:00#  10:00#  11:00#  12:00#  13:00#  14:00#  15:00#  16:00#  17:00#  18:00#  19:00#  20:00#  21:00#  22:00#  23:00
    1.00  -10.99  -10.77  -13.56  -14.93  -15.01  -14.65  -13.34  -13.47  -13.21  -13.83  -13.62  -12.86  -11.94  -11.11  -10.18  -11.35  -11.85  -11.36  -11.32  -10.97  -10.32   -9.45   -9.44  -10.63
    2.00  -15.29  -14.14  -13.92  -15.20  -15.98  -18.43  -19.35  -18.48  -16.46  -14.00  -12.62  -11.79  -12.60  -14.34  -14.55  -12.77  -11.96  -10.92  -10.24  -10.42  -11.60  -13.15  -14.70  -15.54
    3.00  -19.24  -20.72  -21.90  -22.67  -21.60  -20.98  -23.16  -24.46  -24.78  -24.09  -24.53  -22.77  -20.25  -18.96  -19.36  -19.08  -20.12  -20.60  -19.41  -19.06  -18.22  -17.17  -16.93  -18.30
   10.00  -40.23  -40.46  -40.98  -41.34  -41.05  -41.59  -42.75  -43.64  -42.24  -41.20  -39.69  -39.11  -38.64  -38.21  -39.43  -40.79  -41.09  -39.82  -38.66  -38.45  -38.94  -39.71  -40.24  -41.25
   20.00  -47.98  -48.37  -48.40  -47.87  -47.97  -47.96  -47.51  -47.04  -47.47  -47.81  -47.83  -47.87  -48.28  -48.73  -48.48  -47.72  -46.83  -46.47  -46.34  -46.66  -47.18  -47.73  -48.28  -48.62
   30.00  -53.78  -53.56  -53.50  -53.50  -52.83  -52.39  -52.77  -52.90  -52.88  -53.17  -53.98  -54.29  -53.43  -52.82  -52.09  -51.76  -52.33  -52.96  -53.15  -53.20  -52.93  -52.92  -52.12  -52.21
   50.00  -57.23  -57.48  -57.28  -57.10  -57.29  -57.35  -57.38  -57.92  -58.37  -58.24  -57.82  -57.87  -57.51  -56.84  -56.94  -57.34  -57.86  -58.01  -57.63  -56.92  -56.78  -56.56  -57.01  -58.01
   70.00  -58.97  -59.46  -59.91  -59.89  -60.29  -60.73  -60.46  -59.81  -59.91  -60.26  -60.45  -60.41  -60.40  -59.70  -59.30  -59.42  -59.58  -59.73  -60.03  -60.00  -60.22  -60.34  -59.60  -59.64
  100.00  -61.76  -60.94  -60.78  -60.69  -60.65  -61.05  -61.62  -61.62  -61.13  -61.29  -61.60  -61.53  -61.66  -61.64  -61.37  -60.86  -60.35  -60.09  -60.31  -60.85  -60.97  -61.04  -61.39  -61.29
  125.00  -61.78  -61.61  -61.16  -60.84  -60.43  -60.10  -60.20  -60.49  -60.36  -59.77  -59.73  -59.82  -60.02  -60.14  -60.08  -59.73  -59.41  -59.20  -59.07  -59.44  -59.60  -59.64  -59.46  -59.57
  150.00  -60.08  -59.59  -59.31  -59.43  -59.23  -58.67  -58.17  -57.59  -57.53  -57.34  -56.87  -56.91  -57.20  -57.75  -58.26  -58.51  -58.70  -58.92  -59.21  -59.48  -59.55  -59.54  -59.57  -59.78
  175.00  -59.00  -58.75  -58.17  -57.76  -57.26  -56.59  -56.43  -56.27  -55.40  -55.03  -54.53  -54.39  -54.52  -55.44  -56.27  -57.05  -57.25  -57.17  -57.08  -56.88  -57.02  -57.35  -57.38  -57.54
  200.00  -54.67  -54.86  -55.10  -55.46  -55.62  -55.28  -54.67  -54.38  -53.71  -52.80  -52.55  -52.29  -52.80  -54.04  -55.07  -55.44  -55.96  -55.90  -55.64  -55.56  -55.70  -55.21  -54.44  -53.89
  225.00  -50.05  -50.39  -50.82  -51.33  -51.75  -51.83  -51.54  -51.42  -51.40  -50.77  -49.76  -49.09  -49.91  -51.02  -52.23  -52.89  -52.76  -52.66  -52.52  -52.24  -51.70  -51.17  -51.09  -51.13
  250.00  -46.04  -46.33  -46.59  -46.89  -47.17  -47.32  -47.24  -47.29  -47.63  -47.72  -46.30  -45.29  -45.76  -47.01  -46.85  -46.33  -46.18  -46.37  -46.48  -46.43  -46.29  -46.33  -47.02  -47.05
  300.00  -37.67  -37.89  -38.07  -38.22  -38.33  -38.46  -38.57  -38.69  -38.78  -38.71  -38.19  -37.92  -36.85  -36.18  -36.53  -36.80  -36.34  -35.54  -35.46  -35.65  -35.76  -35.89  -35.86  -36.30
  350.00  -28.17  -28.34  -28.54  -28.74  -28.89  -29.05  -29.17  -29.23  -29.37  -29.75  -30.61  -31.16  -30.17  -28.56  -28.26  -27.75  -27.56  -27.56  -27.62  -27.42  -27.08  -27.10  -26.86  -27.03
  400.00  -20.03  -20.16  -20.35  -20.59  -20.89  -21.25  -21.48  -21.54  -21.80  -22.39  -23.95  -24.60  -24.33  -22.93  -21.23  -20.59  -20.76  -20.89  -20.72  -20.66  -20.54  -20.19  -20.47  -20.16
  450.00  -13.76  -13.66  -13.74  -13.89  -14.17  -14.58  -14.98  -15.30  -15.69  -16.13  -16.91  -17.23  -17.22  -16.52  -15.53  -15.07  -15.06  -15.19  -14.86  -14.69  -15.06  -15.13  -15.00  -14.20
  500.00  -10.19   -9.86   -9.52   -9.09   -9.04   -9.34   -9.69  -10.01  -10.46  -10.74  -11.00  -11.25  -11.14  -10.69  -10.31   -9.95   -9.51   -9.69   -9.73   -9.67   -9.86  -10.05   -9.85   -9.47
  550.00   -6.76   -6.52   -6.11   -5.50   -4.98   -4.94   -5.17   -5.45   -5.76   -5.91   -6.04   -6.06   -5.86   -5.66   -5.50   -5.16   -4.53   -4.36   -4.38   -4.33   -4.09   -3.91   -4.36   -4.73
  600.00   -1.37   -1.39   -1.36   -1.22   -0.91   -0.62   -0.55   -0.59   -0.71   -0.81   -0.83   -0.81   -0.80   -0.84   -0.85   -0.59   -0.08    0.41    0.52    0.35    0.30    0.41   -0.04   -0.40
  650.00    4.11    3.96    3.87    3.87    3.90    3.95    3.95    3.92    3.89    3.90    4.32    4.45    4.49    4.31    4.17    4.09    4.31    4.46    4.32    3.98    3.81    3.84    3.75    3.56
  700.00    8.96    8.94    8.89    8.89    8.84    8.72    8.52    8.31    8.15    8.04    8.57    8.72    9.01    8.83    8.86    8.41    8.15    7.80    7.73    7.57    7.37    7.46    7.83    7.60
  750.00   13.07   13.18   13.20   13.25   13.31   13.30   13.21   12.99   12.70   12.43   12.49   12.19   12.10   12.07   11.98   11.72   11.46   11.57   11.58   11.29   11.07   11.03   11.33   10.64
  775.00   14.73   14.74   14.79   14.94   15.10   15.24   15.30   15.15   14.83   14.53   14.39   13.84   13.68   13.56   13.51   13.33   13.28   13.54   13.43   13.17   12.92   12.72   12.75   11.70
  800.00   15.60   15.30   15.35   15.77   16.22   16.63   16.82   16.78   16.52   16.10   15.91   15.18   15.13   15.02   14.72   14.62   14.58   14.80   14.60   14.46   14.16   13.77   13.55   12.33
  825.00   15.36   14.65   14.70   15.53   16.24   16.86   17.14   17.27   17.19   16.73   16.62   15.93   15.78   15.58   14.99   15.29   15.17   15.26   14.77   14.69   14.44   13.89   13.49   12.44
  850.00   14.29   13.60   13.66   14.50   15.43   16.13   16.39   16.71   16.85   16.67   16.51   15.12   14.58   14.56   14.68   15.66   15.54   15.29   14.55   14.53   14.30   13.69   13.49   12.69
  875.00   13.06   12.83   13.03   13.77   14.63   15.17   15.32   15.62   15.99   15.99   14.80   13.88   14.07   14.50   14.77   15.61   15.57   15.29   14.53   14.30   14.19   13.71   13.82   13.50
  900.00   13.01   12.98   13.26   13.77   14.36   14.70   14.80   14.94   15.10   14.39   13.96   14.21   14.96   15.41   15.54   15.37   15.06   14.77   14.20   13.98   14.02   13.81   14.40   14.27
  925.00   13.86   13.90   14.14   14.20   14.28   14.45   14.47   14.71   14.49   15.16   15.17   16.04   16.61   17.40   17.02   16.74   15.95   15.25   14.59   14.42   14.27   14.32   15.24   15.32
  950.00   15.47   15.69   15.84   15.87   15.81   15.85   15.85   15.97   16.50   17.09   17.11   17.93   18.43   19.29   19.01   18.52   17.80   17.10   16.54   16.23   16.01   15.96   16.91   16.80
  975.00   17.31   17.47   17.58   17.63   17.64   17.64   17.62   17.79   18.31   18.90   18.81   19.65   20.13   20.63   20.18   19.76   19.17   18.63   18.40   18.10   17.86   17.75   18.66   18.49
 1000.00   19.02   19.14   19.24   19.34   19.39   19.39   19.35   19.46   19.95   20.51   20.50   21.31   21.81   22.27   21.89   21.45   20.89   20.39   20.15   19.84   19.61   19.48   20.34   20.16
