#  level#  00:00#  01:00#  02:00#  03:00#  04:00#  05:00#  06:00#  07:00#  08:00#  09:00#  10:00#  11:00#  12:00#  13:00#  14:00#  15:00#  16:00#  17:00#  18:00#  19:00#  20:00#  21:00#  22:00#  23:00
    1.00   -8.63  -10.58  -12.91  -13.38  -13.86  -14.92  -15.29  -15.02  -13.90  -13.54  -13.40  -13.30  -13.04  -11.60   -9.47   -7.07   -4.92   -6.15   -6.57   -4.88   -5.90   -5.21   -4.74   -3.83
    2.00   -5.84   -3.29   -3.86   -6.34   -8.67  -11.49  -12.69  -12.34  -12.41  -12.77  -12.71  -13.56  -13.88  -14.29  -13.25  -11.07   -8.10   -6.72   -8.26  -10.04  -11.74  -11.89  -11.03  -12.39
    3.00  -18.36  -18.51  -16.53  -14.44  -12.53  -12.72  -14.76  -16.02  -15.80  -15.21  -17.28  -18.91  -19.55  -20.45  -20.19  -20.24  -19.89  -16.23  -13.68  -13.24  -15.54  -16.97  -16.48  -15.88
   10.00  -40.00  -40.67  -41.16  -41.55  -41.79  -40.55  -39.99  -40.94  -41.02  -40.92  -41.20  -41.61  -41.35  -40.56  -39.55  -38.96  -39.59  -40.62  -40.79  -40.88  -40.01  -39.78  -40.31  -40.75
   20.00  -47.67  -47.33  -46.79  -46.22  -46.44  -46.98  -46.93  -46.61  -46.35  -46.61  -47.53  -48.44  -48.63  -48.24  -47.83  -47.27  -46.85  -47.44  -48.01  -47.75  -48.22  -48.09  -48.03  -48.37
   30.00  -52.49  -52.39  -52.53  -51.96  -50.97  -50.55  -50.58  -50.89  -51.43  -51.61  -51.69  -51.99  -52.36  -52.66  -52.93  -52.98  -52.33  -51.45  -51.16  -51.18  -51.89  -52.56  -52.78  -53.33
   50.00  -57.14  -57.92  -57.43  -56.51  -56.09  -56.24  -56.67  -56.96  -56.66  -56.25  -55.50  -55.19  -55.57  -56.38  -56.96  -57.15  -57.26  -56.69  -56.04  -55.71  -55.75  -55.97  -55.90  -56.52
   70.00  -56.68  -56.60  -57.02  -57.35  -57.64  -58.07  -58.55  -58.89  -58.77  -58.53  -58.57  -58.16  -58.06  -58.29  -58.46  -58.66  -59.13  -59.55  -59.56  -59.04  -58.40  -58.42  -58.92  -58.85
  100.00  -58.02  -58.05  -57.97  -58.01  -58.15  -58.21  -58.17  -58.08  -57.76  -57.49  -57.33  -57.55  -57.47  -57.35  -57.20  -57.09  -57.09  -57.33  -57.52  -57.84  -58.06  -58.20  -57.83  -57.95
  125.00  -54.61  -54.92  -55.11  -54.90  -54.63  -54.54  -54.61  -54.84  -54.98  -55.09  -55.44  -55.51  -55.28  -55.16  -55.16  -55.08  -55.08  -55.51  -55.98  -56.29  -56.27  -56.11  -56.46  -56.53
  150.00  -51.48  -51.51  -51.61  -51.56  -51.34  -51.14  -51.09  -51.36  -51.78  -52.19  -52.21  -52.50  -52.75  -52.88  -52.92  -52.91  -52.86  -52.79  -52.59  -52.75  -52.94  -53.10  -53.12  -53.44
  175.00  -49.93  -49.51  -49.58  -50.12  -51.01  -51.55  -51.68  -51.68  -51.90  -52.27  -51.61  -51.64  -51.81  -51.75  -51.51  -51.20  -51.00  -50.87  -50.92  -51.44  -52.10  -52.42  -52.77  -52.79
  200.00  -50.09  -49.90  -50.67  -51.46  -51.90  -51.93  -51.75  -51.47  -51.36  -51.43  -51.16  -51.05  -50.69  -50.75  -51.27  -51.37  -51.30  -51.08  -51.26  -52.10  -52.94  -53.44  -54.02  -54.35
  225.00  -50.86  -50.97  -50.91  -50.41  -50.00  -49.78  -49.53  -49.29  -49.10  -49.24  -50.24  -50.63  -50.94  -50.43  -50.43  -50.74  -51.11  -51.29  -51.34  -51.39  -51.53  -51.92  -52.69  -53.13
  250.00  -50.34  -50.09  -49.35  -48.69  -48.48  -48.36  -47.76  -47.05  -46.61  -46.58  -47.78  -48.39  -48.66  -48.61  -48.17  -48.13  -48.37  -48.90  -49.56  -49.73  -49.69  -49.98  -50.21  -50.48
  300.00  -41.95  -42.56  -42.26  -42.04  -41.51  -40.20  -39.68  -39.63  -39.57  -39.47  -39.30  -39.17  -39.26  -39.21  -39.00  -39.29  -39.82  -40.59  -41.17  -41.01  -40.66  -40.46  -39.94  -39.82
  350.00  -33.24  -33.05  -33.18  -33.38  -33.77  -33.80  -33.40  -32.57  -32.14  -32.00  -31.61  -31.96  -32.38  -32.76  -32.82  -32.09  -31.52  -31.78  -31.94  -31.88  -31.80  -31.48  -31.04  -31.14
  400.00  -26.26  -25.88  -25.74  -25.77  -25.95  -26.64  -27.44  -27.88  -27.82  -27.26  -26.28  -25.46  -25.59  -25.93  -26.13  -26.04  -25.12  -23.64  -22.99  -23.03  -23.26  -23.42  -23.43  -23.24
  450.00  -19.50  -19.62  -19.69  -19.82  -20.05  -20.38  -20.78  -21.36  -21.88  -22.05  -22.29  -21.39  -19.82  -19.10  -19.08  -19.37  -19.55  -18.67  -17.02  -16.18  -16.09  -16.39  -16.62  -16.79
  500.00  -14.08  -13.99  -14.03  -14.33  -14.81  -15.38  -15.85  -15.97  -15.97  -15.98  -16.35  -16.02  -15.68  -15.11  -14.62  -14.50  -14.31  -14.10  -13.84  -13.14  -12.10  -11.24  -10.46  -10.61
  550.00   -8.51   -8.58   -8.67   -8.92   -9.20   -9.54   -9.91  -10.33  -10.72  -10.79  -11.22  -10.72  -10.29  -10.05   -9.95   -9.91   -9.84   -9.60   -9.46   -9.47   -9.24   -8.51   -6.98   -5.88
  600.00   -4.07   -3.95   -3.90   -4.12   -4.20   -4.31   -4.51   -4.87   -5.28   -5.60   -6.24   -6.13   -5.87   -5.53   -5.22   -5.09   -5.02   -4.88   -4.69   -4.80   -4.88   -4.70   -4.07   -3.59
  650.00   -0.82   -0.46   -0.05   -0.23   -0.44   -0.34   -0.35   -0.66   -0.84   -0.78   -0.93   -0.98   -1.18   -1.25   -1.18   -1.12   -1.12   -1.09   -1.43   -2.09   -2.44   -2.14   -1.27   -0.73
  700.00    2.16    2.17    2.21    2.05    2.03    1.99    1.99    1.98    2.20    2.53    2.66    2.97    3.12    2.26    1.76    1.79    1.91    2.00    2.03    2.15    2.16    2.02    2.19    2.00
  750.00    6.73    6.69    6.62    6.29    5.86    5.43    5.00    4.75    4.89    5.26    5.29    4.56    5.03    5.69    6.36    6.97    7.38    7.48    7.41    7.42    7.40    7.27    6.97    6.80
  775.00    9.25    9.04    8.78    8.48    8.11    7.65    7.19    6.82    6.72    6.90    6.43    6.81    7.56    8.31    8.99    9.62   10.01   10.13   10.10   10.05   10.02    9.88    9.52    9.31
  800.00   11.66   11.08   10.71   10.41   10.11    9.83    9.44    9.05    8.81    8.84    8.52    9.34   10.11   10.85   11.57   12.17   12.55   12.69   12.71   12.62   12.57   12.43   11.91   11.65
  825.00   13.88   12.84   12.35   12.13   12.06   11.85   11.59   11.29   11.05   10.78   10.96   11.85   12.63   13.39   14.13   14.71   15.11   15.21   15.19   15.14   15.04   14.87   14.30   13.96
  850.00   15.83   14.61   14.03   13.85   13.80   13.72   13.55   13.34   13.06   12.62   13.45   14.32   15.12   15.88   16.61   17.19   17.57   17.71   17.73   17.61   17.39   17.20   16.62   16.25
  875.00   17.53   16.01   15.30   15.22   15.25   15.21   15.07   14.84   14.71   14.58   15.83   16.73   17.57   18.37   19.08   19.62   20.01   20.12   20.15   20.09   19.76   19.40   18.85   18.39
  900.00   19.14   17.12   15.77   15.43   15.64   15.85   15.81   15.46   15.40   16.84   18.23   19.17   20.01   20.79   21.53   22.09   22.44   22.53   22.51   22.46   22.14   21.57   20.98   20.51
  925.00   20.63   18.96   17.37   16.32   15.73   15.43   15.41   16.27   17.78   19.56   21.00   22.02   22.91   23.75   24.47   25.03   25.27   25.25   25.07   24.85   24.29   23.41   22.54   21.86
  950.00   22.14   20.43   18.86   17.85   17.35   17.25   17.30   17.48   19.07   20.77   22.20   23.18   24.05   24.85   25.57   26.15   26.44   26.47   26.40   26.26   25.84   25.06   24.14   23.48
  975.00   23.59   21.86   20.29   19.27   18.77   18.66   18.68   18.89   20.52   22.25   23.68   24.68   25.56   26.34   27.06   27.63   27.92   27.96   27.87   27.73   27.32   26.52   25.60   24.91
 1000.00   25.03   23.30   21.74   20.71   20.22   20.11   20.13   20.32   21.93   23.67   25.10   26.09   26.97   27.76   28.49   29.05   29.34   29.38   29.30   29.17   28.77   27.98   27.06   26.38
