#  level#  00:00#  01:00#  02:00#  03:00#  04:00#  05:00#  06:00#  07:00#  08:00#  09:00#  10:00#  11:00#  12:00#  13:00#  14:00#  15:00#  16:00#  17:00#  18:00#  19:00#  20:00#  21:00#  22:00#  23:00
    1.00  -16.93  -17.19  -16.96  -16.22  -16.00  -14.44  -12.02   -9.99   -9.26   -8.13  -11.29  -11.23  -11.74  -11.44  -10.69   -9.44   -8.53   -6.96   -6.97   -8.47   -9.66   -9.74   -9.72  -10.15
    2.00    0.43    0.02   -0.18   -1.28   -3.39   -5.25   -6.48   -6.56   -6.32   -5.36   -3.81   -1.99   -0.81   -0.23    0.33    1.15    1.83    2.80    3.47    3.90    3.73    3.08    2.63    1.86
    3.00    1.39    0.51    1.26    1.85    0.96   -1.22   -3.12   -4.38   -5.70   -6.16   -4.83   -3.49   -1.03    0.15    1.28    2.68    3.06    3.60    4.59    5.22    5.42    5.40    3.51    3.18
   10.00  -60.20  -61.52  -62.08  -62.56  -62.40  -61.55  -60.84  -60.44  -60.49  -60.04  -58.10  -58.08  -59.28  -60.07  -60.39  -60.53  -60.34  -59.31  -59.39  -59.83  -59.43  -59.58  -60.28  -60.99
   20.00  -70.52  -71.42  -71.54  -71.63  -71.97  -72.33  -72.51  -73.02  -73.82  -73.58  -72.50  -72.83  -72.87  -72.46  -71.91  -71.83  -72.34  -72.61  -72.72  -72.77  -73.39  -73.55  -73.17  -73.00
   30.00  -68.10  -68.57  -69.06  -69.67  -70.23  -70.76  -71.18  -71.43  -71.28  -71.21  -70.82  -70.73  -70.42  -70.87  -71.24  -70.98  -70.56  -70.90  -71.79  -72.40  -72.79  -72.63  -71.52  -71.90
   50.00  -65.43  -65.79  -66.37  -67.15  -67.71  -68.03  -68.07  -68.07  -68.27  -68.29  -68.43  -67.89  -67.05  -67.19  -67.44  -67.24  -67.32  -67.96  -68.48  -68.57  -67.71  -66.63  -66.72  -67.44
   70.00  -65.16  -65.56  -65.83  -66.43  -67.12  -67.48  -67.35  -67.21  -67.41  -67.75  -67.67  -67.77  -67.83  -68.13  -67.95  -67.77  -67.86  -67.44  -66.86  -66.87  -67.11  -67.83  -68.51  -68.58
  100.00  -64.40  -64.35  -64.05  -63.85  -63.90  -64.20  -64.63  -65.08  -65.49  -65.93  -66.25  -66.82  -67.00  -67.18  -67.27  -67.42  -68.08  -68.76  -67.83  -66.40  -66.21  -66.42  -67.16  -67.33
  125.00  -64.67  -65.10  -65.13  -64.96  -64.92  -64.99  -65.06  -65.15  -65.21  -65.03  -64.85  -64.76  -64.91  -65.31  -65.58  -65.49  -65.46  -66.12  -67.08  -67.60  -67.57  -67.08  -66.22  -65.48
  150.00  -64.17  -64.83  -65.61  -66.04  -66.39  -66.72  -67.06  -67.20  -67.25  -67.58  -67.86  -67.68  -66.96  -66.56  -66.81  -67.43  -67.71  -67.51  -67.26  -67.12  -67.08  -67.03  -66.73  -66.28
  175.00  -66.70  -67.45  -68.44  -69.19  -69.59  -69.78  -69.82  -69.87  -70.12  -70.40  -70.70  -70.77  -70.68  -70.47  -70.20  -70.06  -70.01  -70.01  -69.95  -69.91  -69.93  -69.86  -69.91  -69.42
  200.00  -64.92  -65.16  -65.33  -65.66  -66.24  -66.72  -66.79  -66.53  -66.23  -66.27  -66.35  -66.42  -66.51  -66.58  -66.50  -66.44  -66.43  -66.35  -66.25  -66.14  -66.20  -66.51  -66.75  -66.71
  225.00  -61.30  -61.04  -60.75  -60.73  -60.87  -61.03  -61.17  -61.15  -60.95  -60.73  -60.57  -60.39  -60.29  -60.26  -60.23  -60.20  -60.34  -60.55  -60.75  -60.92  -60.97  -61.03  -61.16  -61.23
  250.00  -55.96  -55.95  -55.67  -55.37  -55.19  -55.24  -55.44  -55.48  -55.21  -54.92  -54.83  -54.71  -54.66  -54.61  -54.46  -54.41  -54.64  -54.88  -55.12  -55.37  -55.49  -55.50  -55.62  -55.64
  300.00  -46.47  -46.28  -46.00  -45.80  -45.55  -45.23  -45.04  -45.10  -45.25  -45.18  -45.18  -45.11  -44.97  -44.67  -44.42  -44.30  -44.51  -44.88  -45.16  -45.46  -45.64  -45.71  -45.93  -46.05
  350.00  -38.46  -38.04  -37.59  -37.24  -36.69  -36.45  -36.36  -36.19  -36.13  -36.25  -36.35  -36.34  -36.47  -36.67  -36.62  -36.42  -36.35  -36.49  -36.66  -36.80  -36.99  -37.29  -37.63  -37.99
  400.00  -31.01  -30.88  -30.64  -30.29  -29.98  -29.80  -29.63  -29.34  -28.99  -28.85  -28.83  -28.79  -28.75  -28.96  -29.18  -29.15  -28.94  -28.91  -29.02  -29.09  -29.23  -29.46  -29.64  -29.97
  450.00  -24.18  -23.86  -23.69  -23.61  -23.55  -23.44  -23.31  -23.22  -23.09  -23.00  -22.91  -22.87  -22.70  -22.60  -22.85  -23.22  -23.08  -22.65  -22.47  -22.36  -22.35  -22.51  -22.66  -22.89
  500.00  -18.95  -18.35  -17.99  -17.84  -17.93  -18.02  -18.15  -18.37  -18.42  -18.48  -18.70  -18.70  -18.41  -18.32  -18.20  -18.21  -18.31  -18.18  -18.17  -17.74  -17.10  -16.77  -16.85  -17.21
  550.00  -14.99  -14.73  -14.56  -14.31  -14.14  -14.01  -14.07  -14.32  -14.36  -14.34  -14.17  -14.25  -14.52  -14.68  -14.60  -14.62  -14.78  -14.77  -14.89  -15.03  -14.88  -14.48  -14.20  -14.25
  600.00  -11.56  -11.68  -11.81  -11.67  -11.35  -10.91  -10.47  -10.35  -10.35  -10.29   -9.70   -9.38   -9.43   -9.81  -10.09  -10.23  -10.45  -10.63  -10.78  -10.91  -11.15  -11.29  -11.19  -10.98
  650.00   -8.01   -8.35   -8.66   -8.76   -8.54   -8.02   -7.38   -6.99   -6.89   -6.65   -5.82   -5.45   -5.17   -5.28   -5.53   -5.68   -5.84   -6.05   -6.26   -6.37   -6.56   -6.75   -6.82   -6.65
  700.00   -5.12   -5.40   -5.60   -5.63   -5.51   -5.26   -4.84   -4.54   -4.27   -3.62   -2.51   -1.96   -1.63   -1.47   -1.54   -1.61   -1.77   -2.16   -2.60   -2.70   -2.65   -2.77   -2.81   -2.62
  750.00   -4.09   -4.22   -4.29   -4.16   -3.87   -3.52   -3.18   -2.96   -2.62   -1.86   -1.45   -1.14   -0.87   -0.47    0.17    0.74    1.00    0.91    0.61    0.44    0.59    0.54    0.30    0.24
  775.00   -3.99   -4.01   -4.03   -3.91   -3.68   -3.39   -3.08   -2.77   -2.28   -1.71   -1.74   -1.59   -1.13   -0.57   -0.07    0.51    1.05    1.36    1.47    1.42    1.67    1.74    1.43    1.34
  800.00   -3.98   -3.91   -3.86   -3.74   -3.56   -3.32   -3.06   -2.65   -2.07   -1.69   -1.94   -1.86   -1.27   -0.47   -0.05    0.38    0.99    1.53    1.82    1.90    2.32    2.62    2.33    2.31
  825.00   -4.00   -3.88   -3.85   -3.85   -3.81   -3.67   -3.43   -2.99   -2.22   -1.92   -2.18   -2.11   -1.45   -0.66   -0.29    0.12    0.92    1.87    2.39    2.46    2.86    3.36    2.95    3.05
  850.00   -4.52   -4.22   -4.23   -4.34   -4.45   -4.41   -4.30   -3.91   -3.03   -2.72   -2.92   -2.84   -1.83   -1.00   -0.87   -0.63    0.34    1.76    2.56    1.95    1.85    2.18    1.50    1.71
  875.00   -4.97   -4.96   -4.97   -4.98   -4.97   -4.97   -4.97   -4.64   -4.05   -3.79   -3.96   -3.76   -2.76   -1.89   -2.06   -1.96   -1.05    0.33    0.85   -0.57   -1.60   -1.61   -2.04   -1.66
  900.00   -3.87   -3.87   -3.77   -3.72   -3.69   -3.62   -3.56   -3.52   -3.49   -3.42   -3.22   -3.42   -3.36   -3.18   -3.14   -3.15   -2.81   -1.98   -1.67   -2.06   -2.04   -1.84   -1.78   -1.45
  925.00   -2.67   -2.55   -2.35   -2.24   -2.15   -2.08   -2.02   -2.03   -2.04   -2.02   -1.83   -1.69   -1.79   -1.75   -1.71   -1.74   -1.76   -1.61   -1.33   -1.14   -1.00   -0.75   -0.74   -0.35
  950.00   -0.95   -0.77   -0.56   -0.39   -0.27   -0.21   -0.18   -0.20   -0.21   -0.25   -0.09    0.02    0.10    0.28    0.39    0.32    0.29    0.24    0.22    0.32    0.54    0.74    0.87    1.28
  975.00    1.06    1.25    1.39    1.55    1.70    1.79    1.83    1.79    1.76    1.84    1.97    2.06    2.17    2.33    2.46    2.40    2.37    2.37    2.33    2.38    2.54    2.72    2.81    3.05
 1000.00    2.65    2.87    3.02    3.20    3.33    3.40    3.44    3.39    3.38    3.43    3.42    3.57    3.70    3.85    3.94    3.89    3.86    3.92    3.90    3.98    4.15    4.31    4.41    4.63
