#  level#  00:00#  01:00#  02:00#  03:00#  04:00#  05:00#  06:00#  07:00#  08:00#  09:00#  10:00#  11:00#  12:00#  13:00#  14:00#  15:00#  16:00#  17:00#  18:00#  19:00#  20:00#  21:00#  22:00#  23:00
    1.00  -16.01  -16.88  -17.48  -17.22  -16.23  -13.86  -13.55  -15.10  -15.94  -15.11  -14.37  -14.70  -15.05  -15.51  -15.48  -14.72  -14.48  -14.83  -14.28  -14.70  -14.37  -15.41  -14.07  -13.72
    2.00  -15.99  -17.96  -20.57  -21.43  -23.13  -25.00  -25.07  -24.49  -24.77  -23.95  -23.54  -21.70  -19.26  -19.31  -18.19  -18.83  -19.65  -19.89  -20.55  -20.40  -21.59  -22.60  -23.60  -22.90
    3.00  -26.06  -27.05  -28.16  -29.61  -28.21  -28.74  -30.30  -31.37  -32.59  -31.76  -30.04  -29.52  -28.43  -28.73  -27.18  -25.79  -25.42  -25.22  -25.23  -25.54  -24.90  -24.65  -25.95  -28.24
   10.00  -52.00  -52.44  -52.40  -51.08  -51.13  -51.82  -52.31  -52.77  -53.13  -52.58  -52.23  -52.55  -52.12  -52.07  -51.77  -51.80  -51.90  -51.60  -51.03  -50.76  -51.13  -52.28  -53.29  -54.07
   20.00  -57.35  -57.83  -58.61  -59.00  -59.01  -58.93  -59.14  -58.92  -58.26  -58.27  -57.91  -57.68  -57.78  -57.86  -58.56  -58.76  -58.22  -57.68  -57.09  -57.24  -57.64  -58.29  -59.07  -59.23
   30.00  -57.04  -57.08  -57.24  -57.60  -57.99  -58.34  -58.38  -58.37  -58.25  -58.02  -58.29  -58.39  -58.21  -57.98  -57.64  -57.48  -57.61  -58.10  -58.68  -59.09  -59.14  -59.01  -58.54  -58.60
   50.00  -61.74  -62.05  -62.27  -62.02  -61.21  -60.31  -59.99  -60.19  -60.32  -60.21  -60.52  -61.04  -61.47  -61.61  -61.05  -60.74  -60.63  -60.85  -61.47  -62.12  -62.63  -62.71  -62.15  -61.55
   70.00  -60.03  -59.74  -59.67  -60.15  -60.41  -60.20  -60.08  -60.23  -60.59  -60.77  -60.60  -60.65  -60.94  -61.44  -61.64  -62.02  -62.53  -62.94  -63.21  -63.34  -63.53  -63.70  -63.75  -63.65
  100.00  -61.19  -61.77  -62.15  -62.24  -62.36  -62.55  -62.76  -62.61  -62.47  -62.56  -63.36  -63.36  -63.09  -62.82  -62.76  -62.54  -62.69  -62.83  -62.42  -61.90  -61.79  -61.87  -61.92  -61.98
  125.00  -53.55  -53.87  -54.32  -54.76  -55.43  -56.12  -56.79  -57.07  -57.41  -57.96  -59.39  -59.89  -60.02  -59.98  -60.23  -60.72  -61.33  -61.82  -61.73  -61.39  -61.04  -60.69  -60.32  -59.95
  150.00  -51.50  -51.46  -51.31  -51.33  -51.89  -52.28  -52.11  -52.00  -52.27  -52.53  -52.43  -53.06  -54.08  -54.93  -56.41  -56.75  -56.29  -56.25  -56.60  -56.87  -56.97  -57.54  -58.02  -58.52
  175.00  -49.12  -49.05  -49.08  -48.63  -48.15  -48.37  -50.16  -52.38  -53.28  -53.42  -52.58  -52.94  -54.10  -54.51  -55.42  -57.20  -58.85  -60.04  -61.03  -62.66  -62.91  -62.50  -62.29  -63.00
  200.00  -48.41  -48.61  -49.23  -50.20  -52.10  -54.63  -56.14  -55.88  -54.81  -54.28  -56.26  -58.06  -58.28  -59.26  -60.09  -60.72  -60.53  -60.86  -61.20  -61.01  -61.46  -62.25  -64.15  -64.48
  225.00  -52.43  -53.80  -54.46  -54.60  -54.82  -54.27  -53.95  -54.25  -54.70  -54.90  -55.73  -56.14  -56.46  -56.94  -57.52  -57.97  -58.10  -58.08  -58.01  -58.09  -58.58  -59.03  -59.10  -58.94
  250.00  -51.08  -51.57  -51.77  -51.79  -51.68  -51.01  -50.64  -50.87  -51.51  -52.12  -52.29  -51.97  -51.53  -51.57  -52.07  -52.76  -53.71  -53.73  -53.88  -53.92  -54.02  -54.27  -54.46  -54.37
  300.00  -44.48  -44.57  -44.91  -44.93  -44.83  -45.23  -45.37  -45.22  -45.31  -45.23  -45.12  -45.36  -45.74  -46.00  -45.76  -44.87  -44.41  -44.80  -45.15  -45.42  -45.73  -45.71  -44.93  -45.02
  350.00  -36.66  -36.95  -37.72  -38.46  -38.61  -38.54  -38.12  -37.94  -38.11  -38.39  -37.62  -37.02  -37.17  -37.52  -37.70  -37.48  -37.20  -37.26  -37.30  -37.24  -37.21  -37.17  -36.98  -37.05
  400.00  -34.09  -32.81  -31.65  -32.14  -33.51  -33.95  -33.81  -33.55  -33.00  -32.52  -31.65  -31.10  -30.74  -30.69  -30.55  -30.29  -30.11  -30.14  -30.13  -29.98  -29.92  -29.85  -29.76  -29.92
  450.00  -32.91  -32.04  -30.95  -29.39  -27.05  -26.93  -27.93  -28.47  -28.61  -28.59  -27.57  -27.39  -27.05  -25.16  -23.92  -23.67  -23.61  -23.49  -23.58  -23.66  -23.58  -23.74  -23.62  -23.68
  500.00  -28.33  -28.12  -28.27  -27.46  -26.34  -24.36  -22.88  -22.96  -23.52  -23.69  -22.67  -22.29  -22.09  -21.81  -20.26  -19.54  -19.55  -19.13  -18.88  -19.00  -19.09  -18.94  -18.36  -18.09
  550.00  -23.16  -23.16  -23.49  -23.38  -23.32  -22.99  -21.86  -20.52  -19.34  -18.69  -17.84  -17.31  -16.47  -16.00  -15.98  -16.03  -16.07  -16.00  -15.66  -15.18  -14.65  -14.52  -14.56  -14.27
  600.00  -18.48  -18.56  -18.72  -18.94  -19.12  -19.24  -19.21  -18.65  -18.05  -16.88  -16.30  -14.79  -13.47  -11.72  -11.00  -10.97  -10.95  -10.78  -10.73  -10.73  -10.53  -10.18  -10.09   -9.87
  650.00  -14.26  -14.49  -14.50  -14.79  -14.99  -15.06  -15.11  -14.93  -14.80  -14.71  -14.86  -13.77  -12.47  -10.30   -9.08   -8.76   -7.94   -6.81   -6.22   -6.13   -5.94   -5.76   -6.04   -5.99
  700.00  -10.40  -10.80  -10.74  -11.10  -11.27  -11.33  -11.37  -11.29  -11.11  -11.10  -11.25  -11.13  -10.35   -9.08   -7.22   -6.63   -6.16   -5.22   -4.24   -3.99   -3.66   -3.34   -3.56   -3.68
  750.00   -6.93   -7.29   -7.29   -7.57   -7.68   -7.78   -7.91   -8.04   -7.99   -8.05   -8.10   -7.83   -7.71   -7.36   -6.78   -5.67   -4.72   -4.05   -3.10   -2.46   -1.90   -1.40   -1.16   -1.11
  775.00   -5.25   -5.61   -5.65   -5.88   -5.94   -6.10   -6.23   -6.43   -6.39   -6.47   -6.62   -6.49   -6.38   -6.18   -6.00   -5.56   -4.78   -3.98   -2.67   -1.65   -0.95   -0.47   -0.10    0.16
  800.00   -3.69   -4.03   -4.02   -4.22   -4.31   -4.42   -4.57   -4.77   -4.81   -4.88   -5.19   -5.12   -5.00   -4.86   -4.67   -4.55   -4.38   -3.93   -2.67   -1.24   -0.32    0.17    0.80    1.23
  825.00   -2.22   -2.50   -2.47   -2.72   -2.78   -2.84   -2.96   -3.19   -3.22   -3.28   -3.65   -3.70   -3.60   -3.45   -3.30   -2.98   -3.51   -3.49   -2.73   -1.48   -0.75   -0.48    0.43    1.51
  850.00   -0.88   -1.08   -1.06   -1.44   -1.45   -1.54   -1.58   -1.81   -1.85   -1.87   -2.15   -2.25   -2.14   -2.07   -2.07   -1.71   -2.05   -2.29   -2.21   -1.79   -1.50   -1.59   -0.77    0.63
  875.00    0.46    0.21    0.12   -0.33   -0.27   -0.38   -0.42   -0.55   -0.62   -0.57   -0.78   -0.77   -0.74   -0.72   -0.33    0.00   -0.28   -0.49   -0.83   -0.73   -0.73   -0.79   -0.53    0.03
  900.00    1.96    1.61    1.36    0.94    0.83    0.74    0.81    0.84    0.72    0.77    0.70    0.92    0.94    0.87    1.35    1.64    1.32    1.37    1.11    1.06    0.88    0.86    1.16    1.35
  925.00    3.43    3.38    2.88    2.66    2.48    2.31    2.41    2.55    2.47    2.49    2.54    2.68    2.77    2.72    3.07    3.26    3.24    3.18    3.02    2.98    2.86    2.75    3.03    2.98
  950.00    5.02    5.08    4.46    4.42    4.29    4.12    4.22    4.33    4.34    4.30    4.39    4.42    4.52    4.62    4.88    5.00    5.14    5.14    5.02    4.97    4.90    4.81    4.88    4.91
  975.00    6.61    6.55    6.01    5.94    5.92    5.91    5.80    5.76    6.04    6.32    6.31    6.31    6.68    6.79    6.95    7.09    7.29    7.25    7.12    6.99    6.90    6.78    6.72    6.69
 1000.00    8.21    8.09    7.62    7.58    7.52    7.39    7.25    7.27    7.52    7.67    7.64    7.67    7.98    8.18    8.44    8.60    8.81    8.80    8.68    8.61    8.54    8.44    8.30    8.29
