#  level#  00:00#  01:00#  02:00#  03:00#  04:00#  05:00#  06:00#  07:00#  08:00#  09:00#  10:00#  11:00#  12:00#  13:00#  14:00#  15:00#  16:00#  17:00#  18:00#  19:00#  20:00#  21:00#  22:00#  23:00
    1.00  -14.65  -15.63  -16.22  -16.73  -17.01  -17.31  -17.05  -17.01  -16.85  -16.26  -15.86  -14.46  -14.24  -14.56  -14.18  -14.23  -14.12  -14.46  -13.48  -12.35  -12.11  -12.30  -13.16  -13.88
    2.00  -19.61  -20.27  -21.03  -22.25  -22.85  -24.05  -24.60  -25.03  -25.60  -25.44  -24.89  -23.32  -21.07  -20.24  -20.08  -20.67  -19.78  -19.58  -19.96  -20.58  -20.18  -19.68  -18.65  -17.57
    3.00  -27.85  -27.34  -27.42  -28.21  -28.86  -30.52  -31.90  -32.78  -33.55  -33.50  -32.49  -31.94  -31.42  -31.58  -31.08  -31.27  -31.14  -31.36  -32.55  -32.50  -31.89  -32.19  -33.09  -33.35
   10.00  -59.46  -60.40  -61.08  -62.00  -62.51  -63.06  -63.07  -62.59  -62.53  -62.49  -62.86  -62.06  -61.40  -61.43  -61.86  -62.70  -62.58  -62.31  -62.37  -62.75  -62.97  -63.71  -64.35  -65.06
   20.00  -66.24  -66.13  -66.37  -66.52  -66.44  -66.52  -66.68  -67.08  -67.28  -67.42  -67.83  -68.26  -68.73  -69.16  -69.25  -68.99  -68.76  -68.26  -68.10  -67.91  -67.48  -67.00  -67.50  -67.33
   30.00  -67.73  -68.22  -68.27  -68.30  -68.14  -67.84  -67.68  -67.46  -67.59  -67.19  -66.24  -65.66  -64.82  -64.29  -64.30  -64.55  -65.14  -65.75  -66.19  -66.64  -67.02  -66.96  -66.32  -66.02
   50.00  -63.85  -64.03  -64.20  -64.34  -64.64  -64.91  -64.84  -64.60  -64.50  -64.31  -64.09  -64.54  -64.89  -65.12  -65.25  -65.42  -65.52  -65.76  -65.84  -65.76  -65.43  -65.22  -65.61  -65.36
   70.00  -63.52  -63.48  -63.54  -63.90  -64.33  -64.85  -65.31  -65.56  -65.10  -64.44  -63.85  -63.75  -63.49  -63.76  -63.57  -63.55  -63.42  -63.35  -63.25  -63.25  -63.30  -63.16  -62.86  -62.94
  100.00  -65.20  -65.09  -65.01  -64.71  -64.13  -63.52  -63.26  -63.28  -63.42  -63.48  -63.87  -63.77  -63.77  -63.77  -64.20  -64.44  -64.49  -64.48  -64.32  -64.06  -63.97  -64.08  -63.76  -63.64
  125.00  -63.85  -64.25  -64.29  -63.71  -63.20  -63.08  -62.97  -62.69  -62.36  -62.26  -63.01  -63.11  -63.26  -62.92  -62.49  -62.40  -61.96  -61.69  -61.48  -61.18  -60.64  -60.61  -60.61  -60.46
  150.00  -63.01  -63.24  -63.51  -63.54  -63.48  -63.33  -63.09  -63.16  -63.39  -63.32  -62.51  -62.12  -62.10  -62.28  -62.04  -62.31  -62.13  -62.01  -62.03  -62.02  -62.26  -62.21  -61.89  -61.39
  175.00  -64.76  -64.90  -65.09  -65.23  -65.44  -65.52  -65.28  -64.92  -64.91  -65.40  -66.00  -65.65  -65.34  -65.35  -65.22  -65.49  -65.83  -65.80  -65.87  -66.22  -65.89  -65.41  -65.53  -65.60
  200.00  -64.58  -64.64  -64.72  -64.82  -65.04  -65.22  -65.25  -65.10  -64.71  -64.42  -64.29  -64.22  -64.30  -64.63  -64.82  -64.69  -64.57  -64.57  -64.53  -64.50  -64.75  -64.62  -63.95  -64.16
  225.00  -60.20  -60.12  -60.09  -60.14  -60.26  -60.39  -60.51  -60.58  -60.58  -60.56  -60.43  -60.46  -60.39  -60.40  -60.54  -60.61  -60.65  -60.64  -60.66  -60.87  -61.06  -61.20  -61.30  -61.44
  250.00  -55.30  -55.26  -55.22  -55.24  -55.34  -55.44  -55.52  -55.57  -55.58  -55.57  -55.57  -55.67  -55.67  -55.63  -55.67  -55.76  -55.90  -56.00  -56.04  -56.08  -56.17  -56.31  -56.26  -56.29
  300.00  -46.39  -46.37  -46.41  -46.53  -46.71  -46.87  -46.99  -47.05  -47.00  -46.89  -46.72  -46.72  -46.70  -46.57  -46.39  -46.28  -46.33  -46.42  -46.49  -46.64  -46.88  -47.08  -47.34  -47.42
  350.00  -37.72  -37.78  -37.86  -37.98  -38.13  -38.27  -38.41  -38.54  -38.67  -38.77  -38.71  -38.78  -38.84  -38.83  -38.75  -38.70  -38.86  -39.06  -39.03  -38.99  -39.01  -39.09  -38.95  -39.05
  400.00  -29.30  -29.33  -29.37  -29.48  -29.65  -29.84  -30.02  -30.17  -30.24  -30.26  -30.37  -30.48  -30.60  -30.71  -30.87  -31.12  -31.49  -31.82  -31.98  -31.97  -31.86  -31.82  -31.88  -31.99
  450.00  -22.88  -22.83  -22.82  -22.94  -23.20  -23.44  -23.62  -23.77  -23.82  -23.82  -23.80  -23.91  -24.02  -24.05  -24.10  -24.19  -24.37  -24.58  -24.73  -24.81  -24.83  -24.90  -25.26  -25.42
  500.00  -17.07  -17.08  -17.10  -17.19  -17.37  -17.53  -17.68  -17.83  -17.93  -17.95  -18.04  -18.11  -18.21  -18.29  -18.34  -18.32  -18.32  -18.36  -18.42  -18.49  -18.55  -18.65  -19.14  -19.38
  550.00  -11.64  -11.71  -11.77  -11.85  -11.99  -12.11  -12.21  -12.30  -12.35  -12.35  -12.38  -12.34  -12.34  -12.37  -12.40  -12.41  -12.42  -12.46  -12.51  -12.57  -12.70  -12.91  -13.52  -13.82
  600.00   -6.34   -6.38   -6.44   -6.53   -6.67   -6.78   -6.88   -6.94   -6.95   -6.89   -6.58   -6.52   -6.60   -6.85   -7.16   -7.34   -7.48   -7.59   -7.67   -7.76   -7.96   -8.25   -8.84   -9.07
  650.00   -1.59   -1.64   -1.71   -1.83   -2.01   -2.23   -2.42   -2.58   -2.64   -2.54   -1.89   -2.02   -2.48   -3.01   -3.43   -3.68   -3.89   -4.04   -4.20   -4.35   -4.56   -4.77   -5.17   -5.29
  700.00    1.76    1.71    1.72    1.69    1.52    1.25    0.96    0.69    0.54    0.59    0.80    0.53    0.13   -0.21   -0.55   -0.82   -1.07   -1.28   -1.50   -1.74   -1.94   -2.07   -2.07   -2.19
  750.00    4.35    4.29    4.32    4.33    4.19    3.89    3.58    3.33    3.22    3.31    3.17    3.09    2.95    2.73    2.38    2.07    1.79    1.56    1.32    1.10    0.94    0.84    0.97    0.80
  775.00    5.64    5.54    5.54    5.51    5.36    5.09    4.80    4.59    4.51    4.59    4.56    4.56    4.47    4.25    3.88    3.57    3.29    3.06    2.86    2.66    2.52    2.44    2.46    2.30
  800.00    6.96    6.85    6.81    6.75    6.59    6.35    6.08    5.89    5.82    5.90    6.19    6.17    6.03    5.72    5.28    4.96    4.69    4.49    4.32    4.15    4.03    3.96    3.99    3.84
  825.00    8.27    8.16    8.10    8.02    7.84    7.60    7.33    7.13    7.08    7.18    7.75    7.64    7.40    6.98    6.52    6.25    6.01    5.81    5.66    5.51    5.40    5.35    5.45    5.28
  850.00    9.18    9.11    9.06    8.98    8.78    8.53    8.27    8.10    8.09    8.23    8.90    8.76    8.49    8.08    7.69    7.48    7.25    7.01    6.84    6.68    6.56    6.51    6.44    6.32
  875.00    9.57    9.55    9.51    9.41    9.22    9.01    8.82    8.72    8.77    8.98    9.39    9.38    9.15    8.82    8.53    8.46    8.27    8.03    7.83    7.65    7.50    7.43    7.10    7.14
  900.00    9.49    9.58    9.63    9.59    9.45    9.34    9.29    9.35    9.45    9.61    9.55    9.63    9.51    9.47    9.44    9.42    9.20    8.91    8.71    8.52    8.38    8.34    7.87    8.07
  925.00    9.12    9.24    9.37    9.45    9.55    9.67    9.77    9.82    9.88   10.04    9.86    9.98   10.15   10.27   10.25   10.18   10.08    9.93    9.84    9.72    9.62    9.59    9.09    9.31
  950.00    9.43    9.73   10.07   10.24   10.33   10.36   10.52   10.69   10.87   11.09   10.15   10.23   10.10   10.01   10.53   10.81   11.00   11.10   11.15   11.09   11.02   10.99   10.25   10.54
  975.00    5.41    5.08    5.18    5.36    5.49    4.80    4.33    4.33    4.62    5.95    7.05    9.33   10.89   11.87   12.41   12.56   12.45   12.14   11.85   11.41   10.99   10.76    9.44    8.83
 1000.00   10.84   10.79   10.73   10.71   10.69   10.73   10.77   10.80   10.86   10.99    9.74    9.88   10.86   12.11   12.96   13.37   13.57   13.64   13.62   13.51   13.39   13.32   12.27   12.46
