#  level#  00:00#  01:00#  02:00#  03:00#  04:00#  05:00#  06:00#  07:00#  08:00#  09:00#  10:00#  11:00#  12:00#  13:00#  14:00#  15:00#  16:00#  17:00#  18:00#  19:00#  20:00#  21:00#  22:00#  23:00
    1.00  -25.72  -26.04  -27.20  -28.69  -31.04  -33.15  -34.37  -35.46  -35.69  -34.36  -30.88  -28.64  -27.10  -26.62  -27.13  -27.64  -28.09  -27.59  -27.48  -27.85  -29.28  -30.10  -30.42  -31.89
    2.00   -9.95  -11.05  -12.32  -14.33  -16.20  -18.23  -19.17  -19.13  -19.80  -20.34  -20.36  -20.80  -20.78  -20.70  -21.19  -21.43  -21.81  -21.36  -19.87  -16.66  -14.69  -14.24  -13.04  -13.35
    3.00  -10.87  -12.05  -12.34  -13.38  -15.20  -17.22  -19.30  -19.98  -19.80  -18.95  -17.55  -15.98  -15.21  -14.63  -15.37  -15.41  -16.43  -16.70  -16.10  -14.23  -13.21  -12.09  -10.51  -10.92
   10.00  -63.74  -64.30  -64.14  -64.00  -63.37  -62.41  -61.76  -61.79  -62.24  -61.86  -60.68  -60.37  -60.72  -61.77  -62.23  -60.67  -60.16  -60.07  -60.37  -60.37  -60.09  -58.59  -59.52  -59.65
   20.00  -60.95  -60.88  -61.31  -62.06  -62.68  -63.09  -63.40  -63.09  -62.75  -62.68  -61.65  -60.46  -58.84  -56.87  -56.58  -57.83  -59.36  -60.53  -61.32  -61.81  -62.02  -62.44  -60.43  -58.86
   30.00  -64.74  -64.76  -64.33  -63.97  -63.82  -63.50  -63.57  -63.62  -62.86  -62.08  -61.73  -61.67  -63.07  -64.57  -64.71  -64.04  -63.56  -63.39  -63.04  -62.64  -62.18  -62.41  -63.24  -63.30
   50.00  -62.06  -62.00  -62.00  -61.94  -61.96  -61.89  -61.67  -61.60  -61.97  -62.56  -63.09  -62.99  -62.40  -62.35  -62.86  -62.95  -62.85  -62.60  -62.45  -62.18  -62.18  -62.15  -62.21  -62.46
   70.00  -65.39  -64.82  -63.99  -63.57  -63.68  -63.83  -63.90  -63.86  -63.80  -63.46  -62.59  -62.99  -63.25  -63.23  -63.35  -63.51  -63.71  -63.55  -63.22  -62.85  -62.40  -62.25  -63.03  -63.19
  100.00  -62.55  -62.98  -63.28  -63.02  -63.07  -63.36  -63.11  -62.76  -62.51  -62.02  -61.77  -61.58  -61.03  -60.59  -60.40  -60.26  -60.13  -59.95  -59.69  -59.59  -59.53  -59.33  -59.00  -59.27
  125.00  -60.23  -60.10  -59.53  -59.46  -59.29  -58.94  -58.65  -58.49  -58.41  -58.16  -57.81  -57.46  -56.96  -56.50  -56.32  -56.32  -56.30  -56.38  -56.50  -56.48  -56.65  -56.78  -56.48  -56.86
  150.00  -55.21  -54.01  -53.87  -53.48  -53.21  -53.13  -53.01  -52.61  -52.27  -52.18  -52.15  -52.10  -51.84  -51.50  -51.42  -51.63  -51.82  -52.06  -52.49  -52.71  -53.07  -53.34  -53.28  -53.30
  175.00  -51.16  -51.21  -50.64  -50.04  -49.56  -49.56  -49.44  -49.17  -48.71  -48.25  -48.22  -48.08  -47.93  -47.78  -47.86  -48.25  -48.69  -48.95  -49.40  -49.44  -49.34  -49.23  -49.00  -48.69
  200.00  -47.46  -47.66  -46.99  -46.54  -46.36  -46.38  -46.15  -45.65  -44.99  -44.52  -44.91  -45.02  -45.40  -45.69  -46.01  -46.35  -46.76  -46.59  -46.32  -45.99  -45.61  -45.38  -45.28  -45.42
  225.00  -50.09  -47.93  -47.50  -46.16  -44.99  -44.28  -43.66  -43.13  -42.97  -43.04  -43.78  -44.45  -45.28  -45.62  -45.59  -45.33  -45.25  -44.98  -44.71  -44.75  -44.59  -44.62  -44.48  -44.75
  250.00  -51.74  -51.47  -50.15  -48.88  -47.64  -45.95  -44.72  -44.14  -43.85  -43.90  -44.47  -44.53  -44.63  -44.59  -44.54  -44.45  -44.56  -44.76  -44.74  -44.84  -44.88  -44.96  -45.25  -46.01
  300.00  -45.83  -45.61  -46.06  -46.02  -45.24  -44.32  -44.34  -44.30  -43.74  -43.09  -42.80  -42.03  -41.89  -42.39  -42.91  -43.35  -44.05  -45.06  -46.28  -47.11  -47.84  -48.40  -48.71  -49.33
  350.00  -35.98  -35.94  -36.32  -37.12  -37.96  -38.24  -38.09  -37.94  -37.93  -37.97  -37.47  -37.65  -38.25  -39.46  -40.69  -41.93  -43.06  -43.94  -44.75  -45.56  -46.17  -46.79  -47.41  -47.59
  400.00  -28.03  -28.27  -28.67  -29.28  -30.67  -31.63  -31.82  -32.14  -32.59  -33.00  -33.15  -34.09  -34.77  -36.17  -37.34  -38.45  -39.44  -40.15  -40.81  -41.24  -41.50  -41.52  -41.64  -41.70
  450.00  -22.03  -22.33  -23.16  -24.39  -24.75  -25.38  -26.02  -26.93  -28.31  -29.70  -30.13  -31.57  -32.55  -33.45  -34.07  -34.27  -34.69  -34.82  -34.97  -35.12  -35.25  -35.16  -34.71  -34.51
  500.00  -17.42  -18.34  -19.07  -19.60  -19.93  -20.74  -21.97  -23.80  -25.81  -27.90  -28.65  -30.00  -30.55  -30.08  -30.28  -30.41  -30.52  -30.39  -30.19  -30.03  -29.72  -29.36  -28.51  -28.15
  550.00  -13.68  -14.62  -15.41  -15.59  -16.46  -18.28  -20.38  -22.52  -24.23  -25.44  -25.77  -26.34  -26.24  -25.89  -25.54  -25.53  -25.65  -25.51  -25.23  -24.99  -24.76  -24.45  -23.65  -23.18
  600.00  -10.56  -11.76  -12.70  -13.67  -15.15  -17.37  -19.23  -20.22  -20.88  -21.49  -21.72  -21.93  -22.14  -22.26  -21.69  -21.31  -21.24  -20.66  -20.36  -20.05  -19.97  -19.76  -19.59  -19.42
  650.00   -7.64   -9.26  -10.80  -12.22  -13.86  -15.12  -15.90  -16.58  -16.96  -17.03  -17.39  -17.63  -18.17  -18.87  -18.70  -18.15  -18.26  -17.97  -16.92  -16.44  -16.22  -16.26  -16.21  -16.37
  700.00   -6.38   -7.18   -8.59   -9.62  -10.46  -11.29  -12.03  -12.44  -12.83  -13.19  -13.69  -14.03  -14.65  -15.22  -15.32  -15.13  -14.32  -14.83  -14.47  -14.04  -13.68  -13.77  -13.98  -14.10
  750.00   -5.52   -6.15   -6.68   -7.08   -7.65   -8.16   -8.65   -8.95   -9.40   -9.86  -10.35  -10.73  -11.21  -11.59  -11.72  -11.72  -10.61  -11.31  -11.36  -11.12  -10.81  -10.91  -10.91  -10.77
  775.00   -4.64   -5.06   -5.41   -5.77   -6.25   -6.53   -7.02   -7.37   -7.77   -8.28   -8.79   -9.08   -9.49   -9.80   -9.94  -10.00   -8.99   -9.65   -9.76   -9.59   -9.24   -9.23   -9.28   -9.14
  800.00   -3.50   -3.78   -4.06   -4.42   -4.81   -5.03   -5.45   -5.79   -6.16   -6.64   -7.13   -7.36   -7.73   -8.08   -8.22   -8.34   -7.44   -7.97   -8.21   -8.05   -7.69   -7.63   -7.76   -7.52
  825.00   -2.31   -2.40   -2.63   -3.02   -3.27   -3.58   -3.96   -4.19   -4.50   -5.03   -5.35   -5.60   -6.00   -6.42   -6.58   -6.65   -5.97   -6.33   -6.56   -6.58   -6.27   -6.13   -6.23   -5.96
  850.00   -1.14   -1.15   -1.34   -1.47   -2.00   -2.16   -2.37   -2.68   -2.94   -3.43   -3.66   -3.93   -4.40   -4.72   -4.88   -4.99   -4.55   -4.76   -4.85   -4.96   -4.89   -4.67   -4.69   -4.51
  875.00   -0.21   -0.03    0.12    0.01   -0.80   -0.73   -0.94   -1.09   -1.36   -1.85   -2.04   -2.35   -2.70   -2.92   -2.98   -3.06   -2.90   -3.14   -3.10   -3.16   -3.21   -3.14   -3.05   -2.93
  900.00    0.85    1.19    1.38    1.17    0.56    0.43    0.21    0.05   -0.11   -0.55   -0.58   -0.93   -1.00   -1.02   -0.94   -0.98   -1.04   -1.48   -1.39   -1.32   -1.36   -1.36   -1.22   -1.21
  925.00    2.05    2.44    2.82    2.64    2.20    1.65    1.38    1.15    0.98    0.72    0.83    0.64    0.58    0.84    0.96    1.02    0.63    0.23    0.40    0.55    0.53    0.53    0.66    0.52
  950.00    3.80    4.00    4.23    3.98    3.97    3.87    3.48    3.20    2.78    2.44    2.54    2.38    2.55    3.02    3.13    3.14    2.45    2.09    2.28    2.44    2.40    2.37    2.51    2.26
  975.00    5.37    5.50    5.69    5.62    5.65    5.52    5.23    5.00    4.66    4.32    4.32    4.21    4.33    4.89    4.94    4.96    4.11    3.69    3.95    4.21    4.36    4.31    4.26    4.05
 1000.00    7.05    7.20    7.36    7.35    7.40    7.24    6.95    6.72    6.37    6.05    5.95    5.88    6.00    6.60    6.65    6.67    5.77    5.45    5.75    5.92    5.97    5.91    5.99    5.73
