#  level#  00:00#  01:00#  02:00#  03:00#  04:00#  05:00#  06:00#  07:00#  08:00#  09:00#  10:00#  11:00#  12:00#  13:00#  14:00#  15:00#  16:00#  17:00#  18:00#  19:00#  20:00#  21:00#  22:00#  23:00
    1.00   -6.17   -8.92  -11.66  -13.50  -13.67  -11.38  -10.07   -8.35   -7.56   -7.44   -8.13   -8.80   -8.18   -9.01  -10.36  -11.03   -8.66   -5.93   -4.03   -3.73   -4.87   -5.85   -7.55   -7.94
    2.00   -2.85   -1.90   -2.37   -4.52   -9.09  -11.53  -11.53  -10.98   -9.84   -8.43   -7.72   -8.43   -8.20   -6.75   -5.47   -5.21   -6.89   -6.31   -6.09   -5.24   -5.13   -5.89   -5.06   -4.49
    3.00  -13.20  -12.91  -12.38  -10.68  -11.34  -14.13  -15.53  -17.15  -17.33  -17.26  -15.39  -13.00  -13.45  -14.56  -14.86  -13.45  -13.35  -14.09  -14.45  -15.58  -14.42  -13.32  -13.16  -11.87
   10.00  -37.94  -38.40  -38.87  -39.05  -40.09  -39.47  -37.93  -37.18  -37.13  -37.46  -38.53  -38.84  -39.92  -39.57  -37.80  -36.15  -35.22  -34.54  -35.48  -36.28  -37.30  -38.36  -38.51  -38.53
   20.00  -44.33  -43.84  -43.81  -44.60  -44.92  -44.87  -44.74  -44.94  -44.75  -44.24  -44.44  -44.28  -44.92  -45.64  -45.91  -45.98  -45.40  -43.99  -43.44  -44.08  -44.65  -45.11  -45.58  -45.42
   30.00  -49.22  -48.88  -48.69  -48.45  -48.65  -49.09  -49.30  -49.91  -50.60  -50.79  -50.26  -49.92  -49.18  -48.70  -48.02  -47.76  -48.44  -49.10  -49.57  -49.99  -50.11  -49.82  -49.55  -49.52
   50.00  -53.05  -53.21  -53.56  -53.95  -53.99  -53.83  -53.86  -54.07  -54.29  -54.22  -53.67  -53.43  -53.40  -53.64  -53.98  -54.23  -54.47  -54.61  -53.97  -53.24  -53.25  -53.24  -53.45  -53.89
   70.00  -57.68  -57.82  -57.75  -57.56  -57.54  -57.66  -57.53  -57.34  -57.33  -57.53  -57.72  -57.40  -57.12  -56.86  -56.50  -56.47  -56.56  -57.16  -57.69  -57.59  -57.36  -57.18  -56.78  -56.42
  100.00  -57.80  -57.51  -57.19  -56.90  -56.61  -56.54  -56.68  -56.81  -56.73  -56.77  -56.85  -57.03  -57.12  -57.34  -57.48  -57.71  -57.75  -57.64  -57.74  -57.98  -58.09  -58.19  -58.35  -58.40
  125.00  -54.83  -55.31  -55.62  -55.81  -55.93  -55.86  -55.72  -55.71  -55.81  -55.88  -56.37  -56.28  -56.09  -56.03  -55.99  -56.12  -56.37  -56.46  -56.54  -56.76  -56.89  -57.14  -57.78  -57.94
  150.00  -53.18  -53.39  -53.56  -53.70  -53.90  -54.14  -54.03  -53.67  -53.56  -53.64  -53.96  -54.20  -54.22  -54.07  -53.95  -53.87  -53.99  -54.09  -54.07  -54.12  -54.08  -54.11  -54.22  -54.78
  175.00  -51.56  -51.85  -52.01  -52.09  -52.16  -52.44  -52.81  -52.81  -52.61  -52.58  -52.25  -52.42  -52.48  -52.60  -52.60  -52.45  -52.20  -51.96  -51.87  -52.11  -52.37  -52.59  -52.84  -53.45
  200.00  -52.80  -52.66  -52.56  -52.45  -52.13  -51.78  -51.88  -52.11  -52.02  -51.83  -51.50  -51.86  -52.02  -52.06  -52.08  -51.89  -51.50  -51.18  -50.87  -51.05  -51.56  -51.97  -52.48  -53.09
  225.00  -52.42  -52.17  -52.13  -52.17  -52.08  -51.59  -51.01  -51.15  -51.36  -51.42  -52.08  -51.88  -51.59  -51.66  -51.82  -51.75  -51.26  -50.85  -50.79  -51.20  -51.83  -52.38  -53.10  -53.44
  250.00  -49.68  -49.45  -49.21  -49.12  -49.05  -48.92  -48.67  -48.67  -48.88  -48.98  -49.39  -49.10  -48.87  -48.91  -49.05  -49.14  -49.07  -48.84  -48.77  -49.11  -49.82  -50.42  -51.18  -51.23
  300.00  -40.07  -39.97  -39.84  -39.75  -39.86  -40.14  -40.35  -40.53  -40.77  -41.10  -41.58  -41.62  -41.43  -41.14  -41.10  -41.56  -42.18  -42.68  -42.45  -42.16  -42.60  -42.65  -42.67  -42.47
  350.00  -32.39  -32.40  -32.40  -32.36  -32.42  -32.67  -32.96  -32.98  -33.32  -33.77  -34.01  -34.42  -34.65  -34.47  -33.95  -33.63  -33.85  -34.37  -34.91  -34.72  -33.92  -33.62  -33.43  -33.31
  400.00  -25.27  -25.45  -25.66  -25.86  -26.04  -26.26  -26.54  -26.75  -26.83  -27.10  -26.91  -27.12  -27.23  -27.16  -26.98  -26.63  -26.26  -26.35  -26.71  -26.84  -26.13  -25.49  -25.32  -25.25
  450.00  -19.50  -19.55  -19.74  -19.95  -20.16  -20.46  -20.59  -20.83  -20.80  -20.50  -20.07  -20.14  -20.21  -20.26  -20.25  -20.15  -19.89  -19.60  -19.56  -19.54  -19.37  -18.93  -18.29  -18.25
  500.00  -14.66  -14.54  -14.54  -14.76  -15.02  -15.34  -15.48  -15.32  -15.10  -14.64  -14.09  -14.04  -14.09  -14.18  -14.25  -14.33  -14.29  -14.11  -13.77  -13.39  -13.10  -12.94  -12.55  -12.29
  550.00   -9.95   -9.81   -9.70   -9.81   -9.97  -10.26  -10.51  -10.44  -10.08   -9.66   -9.38   -9.14   -9.10   -9.20   -9.35   -9.42   -9.39   -9.27   -9.00   -8.44   -7.85   -7.48   -7.31   -7.06
  600.00   -6.06   -6.01   -5.91   -5.95   -5.83   -5.53   -5.40   -5.38   -5.25   -5.05   -5.00   -4.81   -4.76   -4.85   -5.03   -5.15   -5.20   -5.17   -4.99   -4.55   -4.07   -3.52   -3.01   -2.58
  650.00   -3.50   -3.59   -3.52   -3.44   -3.34   -2.85   -2.01   -1.33   -1.10   -0.98   -0.72   -0.80   -0.91   -1.02   -1.06   -1.10   -1.20   -1.34   -1.31   -1.02   -0.79   -0.46    0.17    0.73
  700.00   -1.36   -1.59   -1.83   -1.99   -2.09   -1.91   -1.54   -0.93   -0.52   -0.28    0.30    0.53    0.89    1.13    1.51    1.73    1.66    1.37    1.03    1.25    1.42    1.67    2.36    2.78
  750.00    0.57    0.35    0.17   -0.13   -0.54   -0.83   -0.79   -0.47   -0.25   -0.18   -0.56   -0.71   -0.18    0.36    0.91    1.55    1.90    2.30    2.74    3.06    3.19    3.29    3.66    3.84
  775.00    1.91    1.52    1.26    1.16    1.01    0.85    0.79    0.83    0.88    0.89   -0.35   -0.31    0.05    0.55    1.01    1.68    1.91    2.57    3.76    4.13    4.26    4.42    4.49    4.74
  800.00    3.14    2.87    2.67    2.70    2.68    2.59    2.53    2.51    2.47    2.45    1.20    1.70    1.79    2.40    2.72    3.22    3.45    3.81    4.75    5.17    5.29    5.46    5.14    5.37
  825.00    4.54    4.33    4.11    4.13    4.07    4.02    4.04    4.11    4.07    3.88    3.16    3.30    3.89    4.21    4.84    5.01    4.92    5.10    5.65    5.84    6.08    6.16    5.69    5.80
  850.00    6.04    5.84    5.59    5.55    5.48    5.43    5.45    5.51    5.62    5.21    5.02    5.25    5.68    6.07    6.51    6.30    5.93    6.11    6.31    6.27    6.27    6.35    6.11    6.25
  875.00    7.57    7.31    7.03    6.89    6.82    6.77    6.83    6.90    7.06    6.88    6.71    7.21    7.47    7.83    7.78    7.47    7.34    7.30    7.09    6.90    6.89    6.97    6.88    6.71
  900.00    9.13    8.82    8.46    8.26    8.13    8.09    8.11    8.12    8.07    8.37    8.56    9.19    9.43    9.67    9.24    9.04    8.99    8.68    8.40    8.21    8.28    8.37    8.29    8.15
  925.00   10.35   10.13    9.84    9.64    9.53    9.46    9.44    9.43    9.59   10.20   10.33   10.85   11.01   11.26   10.93   10.81   10.81   10.53   10.26   10.13   10.10   10.08    9.99    9.89
  950.00   11.90   11.66   11.52   11.40   11.32   11.27   11.23   11.31   11.70   12.38   12.47   13.04   12.99   13.15   12.84   12.92   12.91   12.68   12.48   12.33   12.23   12.07   11.86   11.75
  975.00   13.49   13.42   13.30   13.19   13.12   13.06   13.05   13.13   13.55   14.21   14.32   14.88   14.83   14.97   14.69   14.81   14.82   14.55   14.37   14.20   14.11   13.96   13.71   13.65
 1000.00   15.20   15.14   15.02   14.95   14.87   14.80   14.80   14.82   15.24   15.90   16.01   16.57   16.51   16.65   16.37   16.50   16.52   16.26   16.07   15.91   15.82   15.69   15.45   15.39
