#  level#  00:00#  01:00#  02:00#  03:00#  04:00#  05:00#  06:00#  07:00#  08:00#  09:00#  10:00#  11:00#  12:00#  13:00#  14:00#  15:00#  16:00#  17:00#  18:00#  19:00#  20:00#  21:00#  22:00#  23:00
    1.00  -11.78  -14.04  -15.20  -15.30  -14.99  -14.85  -14.35  -14.96  -15.08  -14.38  -12.70  -12.86  -14.24  -14.78  -15.27  -15.15  -14.71  -13.30  -11.91  -11.33   -9.50   -7.64   -6.97   -8.01
    2.00  -12.57  -12.72  -13.94  -14.97  -15.58  -17.43  -18.46  -18.19  -17.90  -17.28  -16.88  -13.95  -12.20   -9.75   -9.83   -9.71   -8.99   -8.60   -9.20   -9.47  -10.58  -12.08  -12.07  -12.62
    3.00  -16.37  -17.18  -19.22  -19.68  -20.06  -20.43  -22.89  -23.53  -22.94  -22.88  -24.68  -23.75  -23.00  -21.19  -21.03  -20.93  -20.58  -18.50  -17.40  -17.99  -18.09  -17.07  -16.65  -15.67
   10.00  -40.25  -40.14  -39.92  -39.12  -40.50  -40.35  -39.24  -38.43  -38.53  -38.68  -39.87  -40.57  -40.39  -39.80  -39.19  -39.26  -39.54  -39.35  -39.05  -39.21  -39.10  -39.16  -39.14  -40.00
   20.00  -45.71  -45.68  -46.27  -46.42  -45.94  -47.12  -47.97  -47.64  -47.95  -47.88  -47.25  -46.71  -46.61  -46.77  -46.24  -45.22  -44.21  -44.11  -44.50  -44.90  -45.74  -46.69  -46.99  -46.92
   30.00  -52.48  -51.94  -51.03  -51.74  -52.48  -51.89  -51.16  -51.56  -52.10  -52.32  -52.55  -52.13  -52.06  -52.26  -52.09  -51.77  -52.05  -52.21  -52.45  -52.31  -51.46  -51.21  -51.61  -52.18
   50.00  -57.31  -57.37  -56.94  -57.03  -57.12  -57.06  -57.23  -57.31  -56.89  -56.43  -56.60  -56.47  -57.10  -57.80  -58.10  -57.77  -57.46  -57.43  -57.70  -57.81  -57.63  -57.10  -56.91  -57.50
   70.00  -59.45  -59.62  -59.78  -59.86  -60.03  -59.72  -59.47  -59.46  -59.43  -59.30  -58.74  -58.58  -58.83  -59.44  -60.30  -61.00  -61.02  -60.09  -59.12  -58.96  -59.33  -59.59  -59.32  -59.38
  100.00  -60.74  -61.06  -61.46  -61.34  -61.39  -61.63  -61.66  -61.88  -62.22  -62.44  -62.88  -63.28  -63.59  -63.83  -63.91  -63.72  -63.25  -62.84  -62.52  -62.36  -62.37  -62.53  -62.85  -63.42
  125.00  -61.67  -61.88  -62.34  -62.61  -62.53  -62.44  -62.01  -61.57  -61.45  -61.36  -61.27  -61.42  -61.53  -61.61  -61.71  -62.03  -62.41  -62.70  -62.89  -62.99  -62.93  -62.70  -62.72  -62.70
  150.00  -59.58  -59.30  -59.71  -60.43  -60.90  -61.47  -61.64  -61.33  -61.12  -60.85  -59.70  -59.66  -59.62  -59.73  -59.93  -60.19  -60.51  -60.61  -60.44  -60.19  -59.99  -59.86  -59.83  -59.73
  175.00  -60.10  -60.31  -60.45  -60.81  -61.07  -61.39  -61.77  -61.97  -62.13  -62.26  -62.61  -62.52  -62.30  -62.02  -61.71  -61.29  -60.96  -60.89  -60.82  -60.51  -60.08  -59.66  -59.16  -58.65
  200.00  -56.82  -56.99  -56.91  -56.89  -56.88  -56.92  -57.05  -57.16  -57.21  -57.28  -57.68  -57.73  -57.85  -57.97  -58.03  -57.95  -57.81  -57.78  -57.80  -57.74  -57.67  -57.64  -57.42  -56.80
  225.00  -51.96  -51.82  -51.63  -51.49  -51.42  -51.40  -51.43  -51.52  -51.57  -51.56  -51.64  -51.57  -51.59  -51.65  -51.75  -51.76  -51.72  -51.70  -51.66  -51.59  -51.52  -51.52  -51.43  -51.46
  250.00  -46.26  -46.21  -46.02  -45.78  -45.67  -45.64  -45.71  -45.80  -45.86  -45.88  -45.86  -45.79  -45.78  -45.78  -45.81  -45.79  -45.73  -45.67  -45.64  -45.61  -45.52  -45.50  -45.55  -45.73
  300.00  -35.55  -35.55  -35.55  -35.52  -35.46  -35.36  -35.26  -35.23  -35.24  -35.27  -35.20  -35.18  -35.13  -35.10  -35.13  -35.14  -35.11  -35.12  -35.20  -35.29  -35.34  -35.35  -35.30  -35.40
  350.00  -26.11  -26.16  -26.14  -26.10  -25.98  -25.83  -25.73  -25.69  -25.72  -25.89  -26.10  -26.30  -26.38  -26.29  -26.19  -26.10  -26.01  -25.95  -25.91  -25.82  -25.82  -26.04  -26.57  -27.12
  400.00  -18.64  -18.75  -18.64  -18.45  -18.37  -18.30  -18.26  -18.29  -18.40  -18.55  -18.46  -18.39  -18.28  -18.13  -18.09  -18.14  -18.18  -18.22  -18.32  -18.50  -18.68  -18.81  -19.09  -19.42
  450.00  -11.83  -12.06  -12.15  -12.18  -12.16  -12.07  -12.07  -12.15  -12.24  -12.25  -12.14  -12.09  -11.97  -11.71  -11.54  -11.49  -11.48  -11.52  -11.65  -11.87  -12.03  -12.06  -12.12  -12.35
  500.00   -5.75   -6.06   -6.20   -6.28   -6.38   -6.53   -6.83   -7.11   -7.14   -7.06   -7.14   -7.09   -6.94   -6.63   -6.36   -6.11   -5.96   -5.93   -6.08   -6.38   -6.66   -6.82   -6.88   -7.13
  550.00   -1.19   -1.25   -0.97   -0.81   -0.84   -1.12   -1.81   -2.36   -2.25   -2.05   -2.28   -2.32   -2.17   -1.87   -1.69   -1.57   -1.50   -1.43   -1.45   -1.61   -1.81   -1.97   -1.90   -2.11
  600.00    1.31    1.37    1.60    1.78    1.81    1.92    1.99    2.02    2.17    2.33    2.22    2.06    2.00    2.16    2.33    2.51    2.59    2.67    2.74    2.78    2.73    2.62    2.68    2.45
  650.00    4.82    4.80    4.72    4.76    4.84    4.94    5.08    5.36    5.60    5.72    5.58    5.45    5.39    5.48    5.62    5.91    6.23    6.52    6.72    6.84    6.88    6.87    6.89    6.70
  700.00    7.27    8.06    8.22    7.98    7.61    7.38    7.48    7.74    7.87    8.02    8.22    8.25    8.24    8.40    8.55    8.63    8.74    8.90    9.12    9.41    9.72   10.03   10.29   10.29
  750.00    9.00    9.55    9.97   10.04    9.83    9.65    9.65    9.67    9.51    9.53    9.84   10.45   10.70   10.86   10.94   10.97   10.99   10.94   10.90   10.91   10.94   11.09   11.60   12.06
  775.00    9.84   10.36   10.68   10.69   10.47   10.33   10.47   10.60   10.41   10.40   10.45   11.10   11.47   11.70   11.84   11.87   11.86   11.78   11.66   11.61   11.53   11.55   11.83   12.21
  800.00   10.21   10.79   11.12   11.08   10.77   10.58   10.74   10.94   10.77   10.91   10.95   11.68   11.95   12.22   12.39   12.39   12.36   12.24   12.09   12.05   11.97   11.94   12.19   12.43
  825.00   10.23   10.90   11.21   11.14   10.78   10.56   10.72   10.89   10.74   10.98   11.13   12.07   12.41   12.62   12.77   12.84   12.77   12.59   12.37   12.19   12.09   12.04   12.35   12.43
  850.00   10.04   10.80   11.09   10.98   10.65   10.46   10.60   10.73   10.60   10.86   11.22   12.07   12.48   12.85   13.28   13.60   13.59   13.29   12.79   12.38   12.02   11.80   12.21   12.30
  875.00   10.14   10.63   10.96   10.88   10.66   10.55   10.60   10.71   10.58   10.70   11.33   12.23   12.19   12.19   12.58   13.23   13.62   13.71   13.50   13.00   12.66   12.38   12.59   12.52
  900.00   10.81   10.97   11.08   11.01   10.85   10.77   10.89   10.99   10.90   10.99   11.28   12.03   12.89   13.45   13.62   13.64   13.37   13.31   13.60   13.66   13.49   13.30   13.42   13.15
  925.00   12.17   12.17   12.13   12.11   12.06   12.01   11.92   11.93   11.87   12.05   12.61   13.32   14.09   14.66   14.95   14.86   14.49   14.07   13.73   13.95   14.02   13.93   13.98   13.71
  950.00   13.45   13.48   13.55   13.59   13.57   13.47   13.37   13.40   13.41   13.83   14.51   15.13   15.83   16.26   16.46   16.38   15.99   15.56   15.23   14.88   14.51   14.38   14.46   14.39
  975.00   15.10   14.98   14.82   14.70   14.61   14.55   14.46   14.68   15.56   16.08   16.78   17.50   18.26   18.56   18.60   18.38   17.98   17.50   17.05   16.72   16.42   16.20   16.11   15.95
 1000.00   16.80   16.74   16.70   16.67   16.62   16.58   16.52   16.52   17.00   17.51   18.21   18.92   19.59   19.86   19.89   19.68   19.30   18.88   18.51   18.23   17.97   17.78   17.77   17.67
