#  level#  00:00#  01:00#  02:00#  03:00#  04:00#  05:00#  06:00#  07:00#  08:00#  09:00#  10:00#  11:00#  12:00#  13:00#  14:00#  15:00#  16:00#  17:00#  18:00#  19:00#  20:00#  21:00#  22:00#  23:00
    1.00  -14.06  -14.84  -15.34  -15.88  -15.32  -13.88  -14.12  -15.63  -15.97  -14.55  -13.16  -12.51  -12.37  -12.63  -12.57  -11.98  -10.39   -8.06   -8.66   -9.65  -11.14  -12.49  -11.58  -13.42
    2.00  -15.84  -14.09  -15.38  -16.22  -18.61  -21.91  -23.72  -24.13  -24.15  -21.98  -16.39  -15.04  -14.11  -12.70  -14.17  -15.34  -15.77  -15.88  -14.93  -15.22  -15.58  -15.09  -16.71  -13.89
    3.00  -26.13  -26.44  -24.58  -23.00  -22.33  -21.53  -23.12  -25.53  -26.39  -28.12  -30.37  -29.91  -27.82  -24.92  -21.48  -21.25  -21.40  -21.45  -23.00  -22.26  -21.80  -21.30  -20.47  -22.12
   10.00  -49.11  -49.49  -48.90  -46.23  -44.66  -44.49  -45.48  -46.88  -47.55  -46.97  -46.22  -45.80  -46.72  -47.18  -46.65  -44.71  -44.06  -45.12  -45.03  -44.30  -44.68  -45.87  -46.49  -46.35
   20.00  -57.91  -57.20  -55.95  -55.45  -55.58  -55.84  -56.36  -56.76  -56.43  -55.89  -55.79  -55.69  -56.11  -56.23  -56.44  -56.68  -56.90  -56.53  -55.65  -54.59  -53.85  -54.46  -55.53  -56.36
   30.00  -56.90  -57.71  -58.70  -59.38  -59.79  -59.99  -60.04  -59.49  -58.43  -57.79  -57.47  -57.44  -58.00  -58.18  -58.07  -57.96  -58.43  -58.61  -58.30  -58.19  -57.94  -57.68  -57.99  -58.68
   50.00  -60.76  -60.75  -61.10  -61.55  -61.75  -61.47  -60.76  -60.18  -60.01  -60.28  -61.01  -61.41  -61.82  -61.85  -61.68  -61.04  -60.04  -59.75  -60.19  -60.93  -61.74  -61.71  -61.05  -60.02
   70.00  -62.07  -62.22  -62.19  -61.96  -61.90  -62.07  -62.41  -62.70  -62.66  -62.24  -61.47  -61.06  -61.10  -61.34  -61.80  -62.33  -62.33  -61.32  -60.30  -59.94  -60.27  -61.13  -61.38  -61.54
  100.00  -64.86  -64.39  -64.45  -64.51  -64.45  -64.46  -64.52  -64.56  -64.36  -64.23  -64.70  -64.68  -64.59  -64.43  -64.27  -64.21  -64.67  -65.15  -65.04  -64.53  -63.90  -63.69  -63.80  -64.37
  125.00  -64.97  -64.58  -64.46  -64.56  -64.61  -64.66  -64.81  -64.94  -65.02  -65.11  -65.34  -65.23  -65.17  -65.15  -65.07  -64.65  -64.46  -64.95  -65.71  -66.24  -66.29  -65.69  -64.77  -64.41
  150.00  -63.29  -63.23  -62.93  -62.79  -62.87  -62.93  -62.91  -62.85  -62.83  -62.95  -63.02  -62.95  -62.96  -63.09  -63.28  -63.19  -62.97  -62.83  -62.75  -62.90  -63.24  -63.23  -63.13  -63.10
  175.00  -61.24  -61.41  -61.39  -61.39  -61.60  -61.86  -62.12  -62.33  -62.41  -62.47  -62.37  -62.22  -62.15  -62.10  -62.08  -61.64  -60.91  -60.66  -60.91  -61.13  -61.33  -61.44  -61.61  -61.39
  200.00  -58.69  -58.88  -58.87  -58.72  -58.66  -58.66  -58.67  -58.73  -58.83  -59.02  -59.13  -59.34  -59.57  -59.82  -60.19  -60.38  -60.05  -59.41  -59.09  -58.98  -59.02  -59.21  -59.59  -59.53
  225.00  -55.53  -55.84  -56.00  -56.07  -56.16  -56.25  -56.29  -56.30  -56.28  -56.28  -56.48  -56.48  -56.52  -56.53  -56.67  -56.83  -56.79  -56.63  -56.55  -56.50  -56.41  -56.37  -56.26  -56.35
  250.00  -51.12  -51.35  -51.52  -51.65  -51.80  -51.93  -52.03  -52.10  -52.15  -52.20  -52.48  -52.50  -52.54  -52.53  -52.54  -52.56  -52.55  -52.50  -52.45  -52.38  -52.32  -52.32  -52.31  -52.31
  300.00  -42.07  -42.23  -42.35  -42.40  -42.42  -42.42  -42.39  -42.34  -42.29  -42.28  -42.43  -42.49  -42.57  -42.59  -42.60  -42.62  -42.69  -42.75  -42.78  -42.78  -42.77  -42.82  -43.11  -43.14
  350.00  -33.50  -33.62  -33.73  -33.79  -33.82  -33.81  -33.79  -33.75  -33.70  -33.66  -33.73  -33.72  -33.74  -33.72  -33.70  -33.70  -33.76  -33.83  -33.87  -33.88  -33.89  -33.92  -33.82  -33.88
  400.00  -25.39  -25.45  -25.54  -25.64  -25.71  -25.74  -25.74  -25.73  -25.69  -25.65  -25.74  -25.69  -25.64  -25.58  -25.55  -25.54  -25.58  -25.64  -25.66  -25.66  -25.67  -25.73  -25.40  -25.48
  450.00  -19.07  -18.87  -18.77  -18.70  -18.65  -18.61  -18.56  -18.52  -18.47  -18.43  -18.38  -18.33  -18.25  -18.14  -18.08  -18.04  -18.04  -18.04  -18.02  -18.01  -18.05  -18.22  -18.17  -18.35
  500.00  -14.64  -14.55  -14.47  -14.33  -14.13  -13.91  -13.69  -13.53  -13.37  -13.30  -13.03  -13.02  -12.93  -12.79  -12.71  -12.71  -12.79  -12.79  -12.65  -12.50  -12.46  -12.65  -12.82  -13.06
  550.00   -9.12   -9.15   -9.16   -9.14   -9.08   -9.00   -8.94   -8.92   -8.88   -8.82   -8.59   -8.56   -8.51   -8.44   -8.41   -8.45   -8.53   -8.52   -8.39   -8.17   -7.98   -7.96   -7.94   -8.09
  600.00   -3.51   -3.56   -3.62   -3.73   -3.84   -3.94   -4.04   -4.12   -4.13   -4.06   -3.92   -3.79   -3.61   -3.40   -3.26   -3.21   -3.22   -3.22   -3.19   -3.16   -3.14   -3.16   -3.12   -3.27
  650.00    1.47    1.41    1.34    1.25    1.16    1.06    0.95    0.85    0.83    0.87    0.70    0.79    0.90    1.07    1.25    1.39    1.45    1.45    1.35    1.23    1.19    1.28    1.28    1.28
  700.00    5.51    5.55    5.45    5.30    5.19    5.12    5.06    5.03    5.10    5.24    5.09    5.28    5.33    5.39    5.51    5.52    5.17    4.78    4.41    4.14    4.01    4.02    4.35    4.93
  750.00    9.31    9.34    9.19    8.99    8.82    8.71    8.65    8.63    8.74    8.93    9.03    9.24    9.34    9.51    9.40    9.14    9.26    9.42    9.39    9.25    9.10    8.93    8.60    8.60
  775.00   11.46   11.42   11.25   11.07   10.93   10.82   10.72   10.64   10.66   10.75   10.91   11.09   11.30   11.34   11.07   11.33   11.69   11.97   12.04   11.94   11.76   11.54   11.15   10.99
  800.00   13.51   13.50   13.36   13.19   13.05   12.93   12.79   12.63   12.54   12.54   12.95   13.15   13.19   12.90   13.12   13.66   14.14   14.47   14.58   14.51   14.34   14.07   13.71   13.50
  825.00   15.47   15.40   15.29   15.18   15.05   14.90   14.70   14.48   14.35   14.29   14.95   14.90   14.74   14.77   15.47   16.15   16.63   16.90   17.04   16.96   16.74   16.44   16.16   15.82
  850.00   17.43   17.29   17.19   17.06   16.87   16.66   16.43   16.22   16.08   16.06   16.52   16.40   16.20   17.01   17.95   18.64   19.11   19.33   19.39   19.31   19.08   18.75   18.44   17.97
  875.00   19.42   19.16   19.03   18.85   18.62   18.37   18.12   17.87   17.64   17.38   17.58   17.20   18.16   19.39   20.33   21.03   21.49   21.69   21.73   21.66   21.45   21.17   20.75   20.04
  900.00   20.92   20.46   20.14   19.80   19.43   19.08   18.77   18.48   18.48   18.52   18.05   19.08   20.71   21.95   22.85   23.52   23.93   24.09   24.03   23.82   23.54   23.21   22.60   21.75
  925.00   22.11   20.85   20.00   19.60   19.34   19.11   18.92   18.75   18.83   18.60   19.43   21.59   23.20   24.46   25.38   26.03   26.41   26.49   26.34   25.98   25.46   25.04   24.37   23.57
  950.00   22.13   20.86   20.08   19.66   19.27   18.87   18.51   18.22   18.60   19.44   21.28   23.44   25.06   26.31   27.26   27.90   28.22   28.17   27.59   26.92   26.28   25.74   25.12   24.08
  975.00   25.07   23.37   22.33   21.95   21.67   21.38   21.09   20.82   20.69   20.74   22.59   24.78   26.36   27.60   28.49   29.16   29.55   29.62   29.40   29.06   28.58   28.07   27.36   26.68
 1000.00   26.61   24.89   23.85   23.44   23.16   22.85   22.57   22.30   22.15   22.17   24.05   26.23   27.82   29.05   29.96   30.63   31.03   31.12   30.93   30.60   30.13   29.64   28.93   28.23
