#  level#  00:00#  01:00#  02:00#  03:00#  04:00#  05:00#  06:00#  07:00#  08:00#  09:00#  10:00#  11:00#  12:00#  13:00#  14:00#  15:00#  16:00#  17:00#  18:00#  19:00#  20:00#  21:00#  22:00#  23:00
    1.00  -12.52  -13.71  -14.84  -16.06  -17.58  -17.12  -16.07  -17.17  -17.38  -17.36  -17.87  -17.10  -14.53  -12.41  -11.48  -12.37  -12.06  -11.17  -10.52  -11.16  -13.20  -14.83  -15.27  -15.98
    2.00  -16.98  -15.50  -14.61  -14.68  -16.10  -18.29  -21.32  -21.55  -20.82  -19.63  -18.75  -18.75  -19.38  -18.21  -16.91  -16.39  -16.55  -17.00  -17.75  -16.95  -15.02  -12.63  -11.42  -11.83
    3.00  -25.44  -25.60  -24.77  -24.52  -24.05  -22.76  -22.60  -24.65  -24.64  -24.97  -25.27  -24.56  -25.11  -26.10  -25.46  -24.98  -25.13  -24.85  -25.74  -26.89  -27.12  -25.36  -24.60  -23.70
   10.00  -47.79  -47.03  -46.85  -47.72  -48.41  -47.50  -46.50  -47.02  -48.72  -49.91  -49.33  -49.07  -47.68  -45.88  -44.00  -43.67  -44.38  -45.56  -47.23  -48.61  -48.82  -48.60  -47.95  -47.50
   20.00  -52.23  -52.64  -52.70  -52.78  -52.51  -52.18  -52.53  -52.41  -51.10  -50.17  -50.47  -50.72  -50.99  -52.00  -52.63  -52.90  -53.20  -52.79  -52.73  -51.66  -51.23  -51.01  -49.98  -50.53
   30.00  -54.31  -55.03  -55.96  -56.44  -56.35  -55.99  -55.65  -55.54  -55.22  -54.23  -54.30  -55.00  -55.29  -54.98  -54.79  -54.24  -53.83  -54.33  -54.50  -55.20  -55.88  -55.82  -56.07  -55.92
   50.00  -57.83  -57.54  -57.10  -56.66  -56.95  -57.49  -57.99  -58.33  -58.42  -58.53  -57.67  -57.38  -57.36  -57.72  -58.18  -58.40  -58.22  -57.94  -58.07  -58.03  -57.36  -57.54  -57.67  -57.95
   70.00  -59.69  -59.99  -60.52  -60.95  -60.90  -60.27  -59.59  -59.44  -59.66  -59.91  -59.61  -59.92  -60.04  -59.65  -59.36  -59.82  -60.31  -60.19  -59.95  -60.27  -60.42  -60.18  -60.34  -60.63
  100.00  -64.68  -64.34  -64.31  -64.55  -64.75  -64.88  -64.80  -64.38  -64.13  -64.36  -64.64  -64.78  -64.82  -64.90  -65.03  -64.91  -64.75  -64.62  -64.47  -64.52  -64.92  -64.99  -64.41  -64.30
  125.00  -65.59  -65.40  -65.35  -65.68  -66.05  -66.16  -66.30  -66.29  -65.85  -65.29  -65.45  -65.48  -65.54  -65.52  -65.50  -65.38  -65.29  -65.27  -65.16  -64.73  -64.45  -64.76  -65.11  -64.97
  150.00  -63.32  -63.38  -62.91  -62.61  -62.77  -62.79  -62.93  -63.35  -63.66  -63.54  -63.41  -63.21  -63.19  -63.24  -63.23  -63.01  -62.74  -62.83  -63.19  -63.39  -63.36  -63.22  -63.00  -63.16
  175.00  -61.44  -61.70  -61.85  -61.54  -61.43  -61.64  -61.69  -61.60  -61.74  -62.04  -62.61  -62.60  -62.58  -62.73  -63.01  -63.22  -63.22  -62.97  -62.87  -63.20  -63.52  -63.51  -62.89  -62.50
  200.00  -59.74  -59.75  -59.71  -59.51  -59.22  -59.26  -59.55  -59.76  -59.84  -59.97  -60.34  -60.23  -60.00  -59.89  -60.02  -60.29  -60.54  -60.66  -60.60  -60.38  -60.23  -60.19  -60.25  -60.45
  225.00  -55.92  -55.78  -55.59  -55.45  -55.24  -55.15  -55.30  -55.45  -55.52  -55.56  -55.53  -55.48  -55.33  -55.21  -55.24  -55.40  -55.57  -55.66  -55.65  -55.61  -55.63  -55.72  -55.82  -55.84
  250.00  -50.76  -50.71  -50.58  -50.40  -50.26  -50.21  -50.27  -50.36  -50.42  -50.46  -50.39  -50.42  -50.38  -50.27  -50.20  -50.23  -50.30  -50.32  -50.26  -50.18  -50.08  -50.04  -50.06  -50.05
  300.00  -40.27  -40.46  -40.52  -40.50  -40.42  -40.33  -40.28  -40.25  -40.19  -40.14  -40.24  -40.25  -40.18  -40.03  -39.89  -39.82  -39.88  -40.02  -40.15  -40.21  -40.18  -40.20  -40.19  -40.26
  350.00  -32.04  -32.46  -32.76  -32.86  -32.65  -32.30  -32.08  -31.96  -31.83  -31.70  -32.01  -32.01  -31.93  -31.72  -31.51  -31.38  -31.34  -31.34  -31.40  -31.48  -31.59  -31.75  -31.50  -31.60
  400.00  -24.99  -25.35  -25.55  -25.60  -25.53  -25.36  -25.16  -25.00  -24.90  -24.88  -25.26  -25.32  -25.33  -25.16  -24.80  -24.45  -24.21  -24.03  -23.90  -23.82  -23.79  -23.87  -23.81  -23.94
  450.00  -18.72  -18.78  -18.83  -18.78  -18.63  -18.49  -18.41  -18.36  -18.34  -18.34  -18.36  -18.44  -18.53  -18.60  -18.56  -18.48  -18.39  -18.19  -17.83  -17.36  -17.00  -16.90  -16.84  -16.93
  500.00  -12.59  -12.52  -12.56  -12.63  -12.74  -12.87  -12.94  -12.90  -12.78  -12.63  -12.46  -12.58  -12.71  -12.89  -12.97  -12.96  -12.89  -12.67  -12.35  -11.96  -11.56  -11.38  -11.43  -11.52
  550.00   -6.71   -6.55   -6.64   -6.93   -7.36   -7.86   -8.25   -8.42   -8.41   -8.28   -8.25   -8.21   -8.05   -8.00   -7.97   -7.89   -7.80   -7.69   -7.67   -7.69   -7.45   -7.01   -7.46   -7.43
  600.00   -1.84   -1.63   -1.72   -1.94   -2.22   -2.58   -2.95   -3.22   -3.34   -3.37   -3.94   -3.80   -3.44   -3.16   -3.04   -2.99   -2.99   -3.03   -3.26   -3.58   -3.66   -3.44   -3.84   -3.80
  650.00    3.10    3.13    3.07    2.98    2.77    2.46    2.17    1.90    1.69    1.55    0.43    0.71    1.06    1.37    1.49    1.51    1.52    1.54    1.23    0.65    0.48    0.84    1.51    1.33
  700.00    6.78    6.98    6.89    6.59    6.23    6.01    5.90    5.85    5.81    5.84    5.28    5.77    5.99    6.06    6.08    6.19    6.09    5.56    5.03    4.71    4.53    4.52    4.89    5.15
  750.00    8.77    8.84    8.54    8.04    7.78    7.90    8.17    8.49    8.81    9.07   10.20   10.92   10.98   10.81   10.68   10.54   10.41   10.29   10.18   10.05    9.89    9.75    9.94   10.00
  775.00    9.91    9.91    9.79    9.61    9.48    9.50    9.63    9.81   10.07   10.36   12.76   13.07   13.08   12.89   12.70   12.67   12.66   12.71   12.70   12.62   12.47   12.32   12.53   12.58
  800.00   12.28   12.26   12.24   12.16   12.02   11.86   11.77   11.75   11.79   11.89   14.86   15.09   14.99   14.84   14.62   14.33   14.39   14.78   15.06   15.11   15.00   14.81   15.12   15.00
  825.00   14.89   14.89   14.82   14.69   14.56   14.43   14.28   14.14   14.07   14.05   16.65   16.84   16.75   16.43   15.90   16.30   16.73   16.93   17.28   17.50   17.46   17.24   17.51   17.24
  850.00   17.39   17.30   17.22   17.04   16.75   16.62   16.57   16.50   16.42   16.42   18.24   18.38   17.79   17.17   18.01   18.72   19.16   19.30   19.41   19.70   19.79   19.61   19.23   19.08
  875.00   20.29   20.14   19.76   19.14   18.70   18.56   18.50   18.37   18.04   17.63   18.62   17.55   17.80   19.24   20.32   21.08   21.57   21.68   21.72   21.89   22.02   21.92   21.04   20.59
  900.00   21.96   21.47   20.95   20.21   19.44   19.06   18.79   18.42   17.94   17.57   17.01   18.46   20.29   21.74   22.80   23.53   23.96   24.09   24.05   23.98   23.99   23.92   22.98   22.32
  925.00   23.21   22.29   21.19   20.06   19.18   18.62   18.12   17.64   17.31   17.71   18.95   21.09   22.85   24.27   25.34   26.08   26.46   26.46   26.28   26.07   25.70   25.28   24.28   23.86
  950.00   24.61   23.75   22.78   21.34   20.22   19.05   18.04   17.68   18.17   19.44   20.83   23.03   24.89   26.31   27.09   27.69   28.03   28.03   27.79   27.51   26.85   26.24   25.07   24.48
  975.00   26.01   25.19   24.14   22.86   21.85   21.18   20.64   20.21   19.97   20.72   22.06   24.20   26.02   27.48   28.53   29.22   29.57   29.56   29.34   29.03   28.56   28.05   27.09   26.77
 1000.00   27.50   26.67   25.62   24.33   23.32   22.63   22.08   21.61   21.35   22.13   23.48   25.61   27.44   28.91   29.96   30.67   31.02   31.02   30.79   30.49   30.04   29.54   28.59   28.27
