#  level#  00:00#  01:00#  02:00#  03:00#  04:00#  05:00#  06:00#  07:00#  08:00#  09:00#  10:00#  11:00#  12:00#  13:00#  14:00#  15:00#  16:00#  17:00#  18:00#  19:00#  20:00#  21:00#  22:00#  23:00
    1.00   -8.04  -10.45  -13.26  -13.71  -12.26  -10.73   -7.37   -5.50   -4.91   -4.55   -5.61   -7.54   -8.94   -8.76   -7.40   -5.76   -6.03   -6.10   -4.62   -4.54   -5.72   -4.86   -5.60   -5.68
    2.00   -6.84   -7.00   -9.09  -10.80  -12.15  -13.55  -15.18  -16.31  -15.94  -14.43  -13.36  -12.97  -12.11   -9.89   -9.13   -6.88   -5.35   -7.54   -9.46   -9.94  -10.58  -10.79  -10.55  -11.66
    3.00  -16.12  -14.49  -14.03  -14.27  -15.52  -16.76  -18.01  -19.45  -20.60  -20.78  -19.26  -18.25  -18.48  -18.61  -19.33  -19.72  -18.31  -16.10  -15.94  -16.04  -16.23  -16.47  -14.86  -15.37
   10.00  -40.80  -41.27  -42.21  -42.14  -42.04  -42.50  -42.20  -42.05  -41.79  -40.53  -39.74  -39.53  -40.00  -40.69  -41.63  -42.18  -42.05  -41.89  -41.44  -41.24  -41.49  -40.94  -40.41  -39.94
   20.00  -48.51  -48.89  -49.47  -49.61  -49.56  -49.67  -49.74  -49.77  -49.49  -49.09  -47.78  -47.49  -47.54  -47.60  -47.68  -47.66  -48.14  -48.44  -48.40  -48.60  -48.67  -48.72  -47.57  -47.36
   30.00  -51.37  -51.65  -52.19  -52.70  -52.79  -52.52  -51.83  -51.47  -51.26  -51.42  -51.80  -51.79  -51.76  -51.34  -51.30  -50.81  -49.99  -50.06  -50.54  -50.92  -51.37  -51.39  -51.06  -50.27
   50.00  -55.31  -55.03  -54.74  -54.59  -54.72  -54.97  -54.85  -54.48  -54.29  -54.15  -54.34  -54.10  -54.35  -54.61  -54.63  -54.49  -54.40  -53.77  -53.42  -53.67  -53.75  -53.87  -54.41  -54.52
   70.00  -53.28  -53.63  -54.11  -54.49  -54.74  -54.87  -54.85  -54.77  -54.45  -53.83  -52.55  -52.77  -53.31  -53.72  -53.97  -54.01  -54.07  -54.02  -53.60  -53.32  -53.22  -53.03  -53.54  -54.04
  100.00  -51.94  -52.00  -51.86  -51.45  -51.16  -51.20  -51.44  -51.79  -52.05  -52.32  -52.30  -52.17  -52.01  -51.85  -52.01  -52.14  -52.17  -52.43  -52.72  -52.77  -52.73  -52.64  -52.68  -52.72
  125.00  -50.94  -50.84  -51.00  -50.97  -50.99  -51.10  -51.00  -51.09  -51.38  -51.62  -52.00  -51.78  -51.89  -52.10  -51.88  -51.93  -52.06  -52.12  -52.54  -53.00  -53.31  -53.37  -53.24  -53.07
  150.00  -51.52  -51.41  -51.74  -51.96  -52.08  -52.25  -52.30  -52.23  -52.14  -52.20  -53.02  -53.57  -53.44  -53.27  -53.47  -53.71  -53.87  -53.94  -53.92  -53.86  -54.06  -54.41  -54.78  -54.71
  175.00  -50.47  -50.40  -50.71  -51.17  -51.43  -51.65  -51.92  -52.06  -52.16  -52.28  -52.21  -52.66  -53.23  -53.95  -54.44  -54.54  -54.57  -54.66  -54.99  -55.03  -54.68  -54.74  -55.24  -55.44
  200.00  -51.01  -51.37  -51.77  -52.34  -52.69  -52.74  -53.12  -53.74  -54.22  -54.67  -54.77  -55.37  -56.10  -57.05  -57.95  -58.67  -59.38  -59.56  -58.86  -58.51  -58.21  -57.70  -57.72  -57.63
  225.00  -52.71  -53.26  -53.73  -54.12  -54.53  -54.75  -54.69  -55.06  -55.56  -56.05  -56.61  -57.17  -57.70  -58.21  -58.68  -58.80  -58.86  -59.16  -59.36  -59.45  -59.32  -59.33  -60.02  -60.52
  250.00  -54.37  -54.84  -55.17  -55.38  -55.36  -55.22  -55.04  -54.95  -55.27  -55.68  -55.97  -56.33  -56.50  -56.43  -56.36  -56.31  -56.15  -56.12  -56.27  -56.63  -56.75  -56.93  -57.41  -57.48
  300.00  -51.49  -51.17  -50.87  -50.74  -50.69  -50.56  -50.32  -50.03  -49.72  -49.53  -49.24  -49.07  -48.95  -48.80  -48.63  -48.45  -48.31  -48.24  -48.17  -48.16  -48.09  -47.83  -47.10  -47.09
  350.00  -44.53  -44.22  -43.82  -43.41  -43.13  -42.92  -42.72  -42.55  -42.34  -41.97  -41.42  -41.14  -40.95  -40.67  -40.42  -40.21  -40.00  -39.84  -39.66  -39.61  -39.57  -39.56  -39.53  -39.12
  400.00  -36.42  -36.38  -36.31  -36.20  -36.17  -36.18  -36.10  -35.86  -35.41  -34.95  -34.52  -34.03  -33.69  -33.39  -33.18  -33.04  -32.94  -32.84  -32.48  -32.24  -32.20  -32.21  -32.14  -32.05
  450.00  -29.63  -29.78  -29.86  -29.81  -29.80  -29.82  -29.83  -29.84  -29.71  -29.30  -28.57  -27.82  -27.24  -26.78  -26.49  -26.35  -26.27  -26.27  -26.04  -25.86  -25.82  -25.73  -25.60  -25.53
  500.00  -23.75  -23.89  -23.98  -23.98  -24.00  -24.02  -23.98  -23.86  -23.63  -23.37  -22.90  -22.46  -21.98  -21.35  -20.80  -20.52  -20.35  -20.47  -20.26  -20.07  -20.09  -19.97  -19.69  -19.77
  550.00  -18.13  -18.25  -18.33  -18.32  -18.38  -18.49  -18.57  -18.58  -18.50  -18.35  -18.24  -17.86  -17.51  -17.03  -16.44  -16.05  -15.88  -16.00  -15.89  -15.66  -15.78  -15.75  -15.36  -15.41
  600.00  -13.68  -13.66  -13.62  -13.44  -13.37  -13.45  -13.51  -13.55  -13.58  -13.54  -13.92  -13.65  -13.42  -13.16  -12.75  -12.48  -12.36  -12.31  -12.47  -12.24  -12.27  -12.23  -12.17  -11.95
  650.00   -9.60   -9.51   -9.43   -9.25   -9.18   -9.28   -9.34   -9.33   -9.33   -9.31   -9.91   -9.59   -9.31   -9.18   -9.11   -8.90   -9.00   -8.79   -9.03   -9.12   -9.20   -9.19   -9.70   -9.55
  700.00   -6.21   -6.13   -6.15   -6.11   -6.34   -6.70   -6.86   -6.91   -6.90   -6.82   -7.11   -6.84   -6.66   -6.40   -6.09   -5.84   -5.72   -5.29   -5.66   -5.97   -6.08   -6.14   -6.05   -5.91
  750.00   -3.20   -3.27   -3.42   -3.49   -3.63   -3.80   -3.93   -3.97   -3.98   -3.90   -4.11   -3.73   -3.26   -2.92   -2.71   -2.56   -2.09   -1.81   -2.17   -2.44   -2.42   -2.36   -2.29   -2.47
  775.00   -1.69   -1.77   -1.91   -1.93   -2.10   -2.25   -2.30   -2.27   -2.25   -2.22   -2.33   -2.02   -1.67   -1.33   -1.16   -0.96   -0.36   -0.20   -0.53   -0.60   -0.52   -0.52   -0.69   -0.84
  800.00   -0.18   -0.25   -0.40   -0.41   -0.57   -0.69   -0.74   -0.70   -0.65   -0.64   -0.62   -0.45    0.01    0.16    0.31    0.61    1.21    1.22    0.94    1.07    1.30    1.32    1.18    1.01
  825.00    1.25    1.19    1.03    0.98    0.84    0.77    0.74    0.73    0.72    0.75    0.87    1.37    1.26    1.77    1.82    2.09    2.69    2.61    2.48    2.71    3.05    3.12    3.06    2.85
  850.00    2.58    2.53    2.50    2.49    2.38    2.31    2.29    2.30    2.33    2.34    2.69    2.96    2.91    3.20    3.34    3.66    3.97    3.86    3.95    4.38    4.69    4.73    4.60    4.47
  875.00    3.98    3.99    3.96    3.93    3.79    3.72    3.78    3.89    3.98    4.09    4.28    4.60    4.65    4.85    4.97    4.95    4.93    4.98    5.10    5.74    6.15    6.28    6.02    6.09
  900.00    5.48    5.40    5.34    5.30    5.07    5.04    5.03    5.21    5.28    5.44    6.11    6.51    6.58    6.65    6.62    6.43    6.49    6.21    6.29    7.04    7.59    7.73    7.38    7.61
  925.00    7.06    7.00    6.92    6.85    6.73    6.67    6.72    6.74    6.80    7.25    7.95    8.29    8.39    8.44    8.32    8.10    8.14    7.96    7.89    8.25    8.74    8.98    8.69    8.98
  950.00    8.74    8.63    8.53    8.47    8.41    8.35    8.33    8.35    8.58    9.09    9.70   10.14   10.25   10.29   10.14    9.92    9.92    9.73    9.59    9.62    9.77    9.96    9.80   10.10
  975.00   10.32   10.24   10.20   10.20   10.13   10.03    9.96    9.99   10.27   10.75   11.23   11.66   11.72   11.70   11.48   11.17   11.22   11.03   10.95   11.00   11.05   11.13   10.98   11.26
 1000.00   11.95   11.87   11.84   11.82   11.76   11.68   11.68   11.62   11.91   12.38   12.83   13.26   13.28   13.23   13.02   12.73   12.79   12.56   12.41   12.35   12.29   12.35   12.22   12.46
