#  level#  00:00#  01:00#  02:00#  03:00#  04:00#  05:00#  06:00#  07:00#  08:00#  09:00#  10:00#  11:00#  12:00#  13:00#  14:00#  15:00#  16:00#  17:00#  18:00#  19:00#  20:00#  21:00#  22:00#  23:00
    1.00  -21.06  -23.13  -24.84  -26.38  -27.42  -26.68  -24.57  -23.42  -22.73  -22.28  -19.08  -17.61  -17.60  -17.53  -17.51  -19.36  -20.13  -20.81  -22.32  -21.52  -21.08  -20.97  -21.89  -22.39
    2.00  -23.35  -21.95  -22.47  -23.93  -25.90  -27.39  -29.09  -30.25  -30.18  -29.74  -29.37  -27.05  -25.17  -25.20  -23.19  -22.44  -23.34  -22.67  -23.31  -24.11  -23.94  -24.08  -25.27  -24.88
    3.00  -33.69  -33.88  -33.18  -32.19  -31.84  -32.45  -32.46  -33.09  -33.95  -34.53  -34.61  -35.27  -33.41  -34.29  -34.98  -33.27  -33.05  -32.60  -30.93  -31.47  -32.37  -32.11  -32.91  -33.63
   10.00  -60.26  -59.35  -59.38  -60.06  -60.32  -59.97  -59.58  -59.40  -59.61  -59.43  -59.90  -59.61  -59.41  -59.92  -60.24  -60.26  -59.39  -58.67  -58.54  -58.76  -59.30  -59.88  -61.01  -61.61
   20.00  -68.36  -68.26  -68.18  -68.16  -68.78  -69.20  -68.92  -68.57  -68.45  -68.37  -67.79  -68.09  -67.92  -67.71  -67.34  -66.97  -67.67  -68.17  -67.99  -68.12  -67.74  -67.52  -67.97  -68.37
   30.00  -70.13  -69.82  -69.72  -70.00  -70.14  -70.12  -70.34  -70.61  -70.59  -70.32  -69.72  -69.32  -68.82  -68.71  -68.36  -68.20  -68.33  -68.46  -68.05  -67.47  -66.90  -66.42  -66.16  -66.16
   50.00  -68.51  -68.89  -68.87  -68.37  -68.12  -68.15  -67.92  -67.24  -66.85  -66.81  -67.12  -67.15  -67.36  -66.69  -66.01  -66.26  -66.43  -66.19  -66.06  -65.39  -64.99  -64.86  -64.83  -65.15
   70.00  -69.29  -69.04  -68.57  -67.83  -67.26  -66.99  -67.04  -67.19  -67.18  -67.17  -67.43  -67.24  -67.03  -66.71  -66.68  -66.74  -66.49  -66.09  -65.72  -65.65  -65.86  -65.80  -65.87  -66.00
  100.00  -67.27  -67.30  -67.45  -67.72  -68.17  -68.45  -68.22  -67.70  -67.30  -67.01  -67.02  -66.94  -67.01  -66.95  -66.71  -66.61  -66.47  -66.88  -67.18  -66.49  -65.81  -65.36  -65.14  -64.77
  125.00  -66.86  -66.81  -66.61  -66.41  -66.37  -66.34  -66.14  -65.86  -65.85  -66.11  -66.09  -65.50  -64.98  -65.06  -65.42  -65.45  -65.15  -64.70  -64.70  -64.79  -64.96  -65.17  -64.54  -63.87
  150.00  -63.71  -64.09  -64.59  -65.07  -65.47  -65.76  -66.07  -66.12  -65.69  -65.36  -65.22  -65.37  -65.12  -65.20  -66.25  -66.90  -66.96  -66.44  -65.77  -65.70  -65.31  -64.67  -64.29  -64.96
  175.00  -65.83  -65.69  -65.83  -66.25  -66.80  -67.30  -67.70  -68.06  -68.20  -68.24  -68.44  -68.68  -68.84  -68.80  -68.90  -69.25  -69.54  -69.70  -69.54  -69.44  -69.47  -69.31  -68.80  -68.80
  200.00  -64.95  -65.16  -65.22  -65.11  -64.91  -64.78  -64.76  -64.91  -65.05  -65.02  -64.74  -64.68  -64.69  -64.67  -64.57  -64.45  -64.48  -64.75  -65.14  -65.39  -65.84  -66.32  -66.40  -66.04
  225.00  -59.89  -60.12  -60.34  -60.49  -60.53  -60.43  -60.24  -60.09  -60.05  -60.01  -59.57  -59.46  -59.43  -59.46  -59.36  -59.16  -59.11  -59.32  -59.55  -59.77  -60.26  -60.74  -61.21  -61.47
  250.00  -54.95  -55.06  -55.15  -55.25  -55.34  -55.36  -55.35  -55.34  -55.31  -55.23  -54.76  -54.70  -54.67  -54.63  -54.55  -54.39  -54.34  -54.54  -54.72  -54.82  -55.15  -55.46  -56.19  -56.45
  300.00  -45.63  -45.67  -45.62  -45.46  -45.35  -45.39  -45.61  -45.88  -46.09  -46.20  -45.87  -45.93  -46.00  -45.98  -45.81  -45.62  -45.54  -45.70  -45.97  -46.06  -46.06  -46.09  -46.76  -46.83
  350.00  -36.89  -37.01  -37.08  -37.09  -37.09  -37.04  -36.98  -36.99  -37.10  -37.31  -37.22  -37.20  -37.09  -37.09  -37.12  -37.12  -37.12  -37.30  -37.55  -37.52  -37.41  -37.38  -37.68  -37.71
  400.00  -28.95  -28.96  -28.98  -28.98  -28.93  -28.83  -28.75  -28.78  -28.94  -29.20  -29.65  -29.82  -29.81  -29.67  -29.55  -29.53  -29.51  -29.64  -29.83  -29.76  -29.46  -29.25  -29.33  -29.17
  450.00  -21.65  -21.71  -21.78  -21.83  -21.86  -21.84  -21.79  -21.83  -22.00  -22.24  -22.60  -22.86  -23.04  -23.09  -23.07  -23.05  -22.91  -22.81  -22.78  -22.66  -22.45  -22.31  -22.43  -22.18
  500.00  -15.12  -15.22  -15.35  -15.49  -15.62  -15.71  -15.72  -15.77  -15.90  -16.04  -16.35  -16.57  -16.68  -16.69  -16.70  -16.73  -16.65  -16.49  -16.37  -16.25  -16.16  -16.19  -16.21  -15.93
  550.00   -9.83   -9.84   -9.90  -10.04  -10.20  -10.29  -10.25  -10.21  -10.25  -10.37  -10.55  -10.76  -10.85  -10.85  -10.84  -10.96  -10.96  -10.82  -10.73  -10.77  -10.92  -11.17  -10.86  -10.66
  600.00   -5.93   -5.73   -5.61   -5.67   -5.83   -5.95   -5.89   -5.81   -5.80   -5.86   -5.74   -5.85   -5.94   -5.94   -5.95   -6.17   -6.30   -6.22   -6.17   -6.46   -6.85   -7.18   -6.70   -6.84
  650.00   -1.91   -1.79   -1.71   -1.77   -1.93   -2.04   -1.99   -1.87   -1.74   -1.65   -1.37   -1.53   -1.82   -2.03   -2.16   -2.50   -2.83   -2.83   -2.78   -3.22   -3.71   -3.96   -3.39   -3.67
  700.00    2.13    2.25    2.33    2.30    2.18    2.03    1.98    1.99    1.98    2.01    2.22    1.81    1.28    0.89    0.67    0.28   -0.17   -0.42   -0.53   -0.98   -1.27   -1.22   -0.69   -1.01
  750.00    5.57    5.77    5.87    5.86    5.67    5.35    5.04    4.72    4.46    4.48    4.71    4.27    3.70    3.27    3.06    2.78    2.35    1.86    1.52    1.26    1.20    1.35    1.71    1.38
  775.00    7.16    7.30    7.33    7.30    7.11    6.74    6.31    5.80    5.37    5.35    5.65    5.27    4.68    4.27    4.15    3.98    3.62    3.14    2.77    2.51    2.40    2.52    2.84    2.61
  800.00    8.54    8.61    8.60    8.60    8.40    7.99    7.45    6.77    6.16    6.06    6.60    6.24    5.62    5.24    5.17    5.10    4.88    4.46    4.03    3.70    3.47    3.58    4.04    3.92
  825.00    9.66    9.72    9.71    9.73    9.57    9.16    8.53    7.74    7.05    6.82    7.45    7.16    6.55    6.18    6.08    6.04    5.96    5.63    5.23    4.77    4.35    4.40    5.13    5.01
  850.00   10.28   10.47   10.48   10.57   10.53   10.12    9.45    8.74    8.07    7.75    8.24    7.98    7.43    6.99    6.71    6.58    6.61    6.51    6.32    5.85    5.34    5.24    5.98    5.81
  875.00   10.22   10.70   10.88   11.23   11.32   10.94   10.36    9.72    9.11    8.79    9.05    8.82    8.28    7.76    7.34    7.05    7.03    7.06    7.10    6.93    6.54    6.37    6.89    6.49
  900.00    9.53   10.47   10.92   11.36   11.64   11.44   11.03   10.66   10.22    9.96   10.06    9.82    9.44    9.02    8.55    8.05    7.79    7.67    7.68    7.58    7.22    7.02    7.08    6.58
  925.00    8.34    9.58   10.35   11.06   11.50   11.48   11.34   11.26   11.11   11.14   11.24   11.02   10.74   10.32    9.66    9.07    8.78    8.65    8.60    8.45    8.12    7.80    7.36    6.89
  950.00    7.30    8.81   10.31   11.71   12.55   12.78   12.85   12.86   12.76   12.79   12.34   12.03   11.66   11.05   10.61   10.39   10.23    9.98    9.78    9.57    9.24    9.01    8.41    8.32
  975.00    5.43    4.79    4.76    5.18    5.44    5.51    5.41    5.30    5.44    5.96    7.91   10.26   11.83   12.49   12.59   12.28   11.72   11.09   10.58   10.06    9.43    8.83    7.71    6.91
 1000.00    7.95    8.01    8.43    9.29    9.88   10.24   10.90   11.74   11.88   12.34   12.32   12.81   12.48   13.06   13.57   13.56   13.18   12.64   12.19   11.93   11.71   11.53   10.88   10.88
