#  level#  00:00#  01:00#  02:00#  03:00#  04:00#  05:00#  06:00#  07:00#  08:00#  09:00#  10:00#  11:00#  12:00#  13:00#  14:00#  15:00#  16:00#  17:00#  18:00#  19:00#  20:00#  21:00#  22:00#  23:00
    1.00  -16.23  -18.25  -21.00  -23.72  -25.54  -26.38  -26.90  -27.62  -28.08  -28.14  -28.12  -26.70  -22.42  -18.02  -17.27  -17.09  -16.43  -14.29  -14.88  -16.53  -17.31  -18.12  -20.04  -22.53
    2.00  -19.26  -20.06  -21.97  -22.72  -23.37  -24.37  -25.21  -27.30  -29.33  -31.07  -32.09  -32.06  -32.43  -32.84  -32.09  -30.55  -28.42  -25.76  -21.33  -20.45  -20.50  -20.29  -21.35  -23.36
    3.00  -40.56  -40.43  -41.34  -41.54  -42.17  -41.67  -39.84  -39.23  -39.96  -42.06  -44.02  -45.40  -46.24  -46.31  -45.82  -45.90  -45.27  -43.96  -42.70  -41.68  -41.71  -38.90  -36.40  -33.36
   10.00  -58.96  -58.80  -59.51  -59.56  -59.50  -59.52  -60.04  -60.66  -59.61  -58.95  -58.50  -57.47  -56.22  -55.54  -55.45  -55.56  -56.67  -58.58  -60.02  -60.28  -58.87  -57.51  -56.28  -55.91
   20.00  -60.75  -59.90  -59.92  -60.38  -60.55  -61.14  -61.14  -60.47  -59.97  -59.37  -59.24  -59.42  -59.67  -59.91  -60.12  -59.97  -58.86  -57.91  -57.73  -58.50  -59.68  -60.36  -60.35  -59.70
   30.00  -61.08  -60.72  -60.62  -61.46  -62.07  -62.05  -61.89  -61.04  -60.78  -61.12  -61.13  -60.88  -60.69  -60.42  -60.40  -60.84  -60.93  -60.94  -60.56  -59.78  -59.18  -59.41  -58.96  -59.02
   50.00  -61.51  -62.08  -62.13  -62.08  -61.71  -60.85  -60.66  -61.10  -61.38  -61.65  -61.61  -61.28  -60.74  -60.27  -60.16  -60.42  -60.66  -60.78  -61.13  -61.49  -61.57  -61.16  -60.93  -60.34
   70.00  -60.24  -60.68  -60.73  -61.03  -61.97  -62.46  -62.18  -62.01  -61.90  -61.77  -61.62  -61.77  -61.87  -61.88  -61.66  -61.41  -61.37  -61.06  -60.83  -60.77  -61.19  -61.59  -62.04  -61.42
  100.00  -61.37  -61.22  -61.34  -61.12  -61.04  -61.44  -61.51  -61.23  -61.00  -60.66  -60.43  -60.56  -61.01  -61.22  -61.24  -61.22  -61.43  -61.80  -61.86  -61.53  -61.04  -60.46  -60.03  -60.01
  125.00  -60.17  -60.46  -60.57  -60.36  -59.90  -60.07  -60.56  -60.81  -60.94  -60.85  -60.79  -60.63  -60.74  -60.96  -61.12  -61.13  -60.95  -60.99  -61.00  -60.83  -60.44  -60.19  -59.82  -59.94
  150.00  -57.85  -58.21  -58.48  -58.55  -58.35  -58.31  -58.44  -58.45  -58.39  -58.29  -57.98  -57.79  -57.61  -57.57  -57.62  -57.66  -57.52  -57.31  -57.09  -56.86  -56.53  -56.32  -56.25  -56.16
  175.00  -57.37  -57.41  -57.42  -57.27  -56.84  -56.28  -56.26  -56.28  -56.23  -56.01  -55.59  -55.40  -55.06  -54.93  -55.03  -55.09  -54.87  -54.42  -53.99  -53.68  -53.12  -52.71  -52.37  -51.91
  200.00  -56.29  -55.99  -55.90  -55.98  -55.75  -54.99  -54.67  -54.75  -54.69  -54.37  -54.05  -54.13  -54.22  -54.06  -53.86  -53.57  -53.17  -52.79  -52.38  -52.05  -51.50  -51.05  -50.56  -50.02
  225.00  -57.36  -57.35  -57.16  -56.81  -56.96  -57.04  -56.79  -56.83  -56.86  -56.72  -56.45  -56.07  -55.96  -55.73  -55.54  -55.45  -55.14  -54.98  -54.54  -53.88  -53.52  -53.03  -53.06  -52.67
  250.00  -54.41  -54.53  -54.55  -54.47  -54.29  -54.27  -54.23  -53.96  -54.21  -54.72  -55.05  -55.32  -55.27  -55.20  -54.98  -54.59  -54.45  -54.26  -54.04  -53.80  -53.65  -53.43  -53.33  -53.37
  300.00  -44.97  -45.16  -45.42  -45.58  -45.55  -45.64  -45.95  -46.31  -46.12  -45.58  -45.25  -45.37  -45.62  -45.90  -46.05  -46.13  -46.31  -46.61  -46.82  -47.07  -47.48  -47.84  -47.80  -47.86
  350.00  -37.34  -37.42  -37.47  -37.63  -37.73  -37.87  -38.05  -38.08  -38.04  -38.13  -37.92  -37.92  -37.68  -37.65  -37.88  -38.17  -38.40  -38.56  -38.85  -39.18  -39.41  -39.51  -39.09  -39.42
  400.00  -31.01  -31.19  -31.34  -31.49  -31.64  -31.63  -31.47  -31.21  -30.80  -30.58  -30.47  -30.65  -30.68  -30.61  -30.62  -30.76  -30.86  -30.90  -31.09  -31.27  -31.34  -31.42  -31.58  -31.90
  450.00  -24.66  -24.32  -24.12  -24.09  -24.18  -24.31  -24.42  -24.54  -24.67  -24.76  -24.95  -25.14  -25.12  -24.81  -24.65  -24.76  -24.86  -24.78  -24.80  -24.90  -25.06  -25.20  -25.69  -25.80
  500.00  -20.66  -19.98  -19.40  -19.08  -19.01  -18.88  -18.70  -18.56  -18.50  -18.56  -18.69  -18.96  -19.05  -18.99  -18.96  -19.07  -19.30  -19.44  -19.45  -19.41  -19.45  -19.55  -20.07  -19.95
  550.00  -17.28  -16.99  -16.70  -16.43  -16.23  -15.94  -15.60  -15.39  -15.17  -14.89  -14.54  -14.35  -14.34  -14.26  -14.19  -14.11  -14.26  -14.44  -14.55  -14.52  -14.48  -14.55  -15.01  -14.77
  600.00  -13.35  -13.15  -13.00  -12.84  -12.73  -12.59  -12.41  -12.25  -11.99  -11.63  -11.39  -11.17  -11.09  -11.04  -10.94  -10.58  -10.30  -10.25  -10.35  -10.41  -10.40  -10.47  -10.83  -10.37
  650.00   -9.28   -9.12   -8.99   -8.86   -8.86   -8.88   -8.81   -8.68   -8.43   -8.24   -8.05   -7.76   -7.42   -7.30   -7.34   -7.17   -7.02   -6.93   -6.91   -6.93   -6.92   -6.90   -6.80   -6.27
  700.00   -5.73   -5.59   -5.51   -5.48   -5.64   -5.80   -5.85   -5.76   -5.57   -5.39   -5.01   -4.54   -3.95   -3.73   -3.86   -3.97   -4.15   -4.18   -3.98   -3.76   -3.57   -3.47   -2.85   -2.51
  750.00   -2.46   -2.35   -2.26   -2.25   -2.42   -2.60   -2.67   -2.68   -2.60   -2.52   -2.12   -1.56   -0.90   -0.64   -0.76   -1.02   -1.42   -1.58   -1.34   -0.99   -0.66   -0.48    0.19    0.13
  775.00   -0.93   -0.82   -0.71   -0.68   -0.82   -0.96   -1.02   -1.06   -1.04   -0.97   -0.64   -0.08    0.55    0.84    0.77    0.52    0.14    0.00    0.20    0.49    0.80    0.97    1.15    0.96
  800.00    0.54    0.64    0.77    0.83    0.73    0.64    0.59    0.52    0.51    0.55    0.76    1.30    1.96    2.26    2.27    2.10    1.84    1.73    1.87    2.08    2.31    2.44    2.25    2.19
  825.00    1.97    2.07    2.20    2.28    2.23    2.20    2.18    2.11    2.09    2.10    2.20    2.68    3.30    3.67    3.75    3.71    3.60    3.53    3.57    3.69    3.85    3.95    3.68    3.67
  850.00    3.17    3.22    3.36    3.49    3.54    3.60    3.62    3.60    3.59    3.62    3.76    4.13    4.65    5.03    5.17    5.28    5.33    5.28    5.23    5.28    5.39    5.43    5.30    5.15
  875.00    4.19    4.26    4.42    4.66    4.80    4.93    5.02    5.06    5.12    5.21    5.45    5.71    6.11    6.41    6.60    6.84    6.93    6.76    6.62    6.61    6.69    6.67    6.50    6.20
  900.00    5.19    5.32    5.51    5.81    6.04    6.24    6.34    6.42    6.54    6.69    7.02    7.19    7.46    7.77    8.07    8.29    8.17    7.75    7.52    7.49    7.55    7.43    7.08    6.72
  925.00    6.00    6.20    6.52    6.90    7.10    7.26    7.34    7.43    7.60    7.79    8.10    8.28    8.56    8.49    8.20    8.07    7.85    7.54    7.45    7.50    7.57    7.36    6.94    6.67
  950.00    6.58    6.85    7.15    7.44    7.77    7.93    8.00    8.10    8.28    8.39    8.14    8.11    7.80    7.78    8.19    8.54    8.48    8.27    8.06    8.00    7.93    7.85    7.26    6.94
  975.00    5.06    4.33    3.57    3.21    2.62    2.63    2.63    2.69    2.76    3.54    4.44    6.39    7.93    8.61    8.86    8.83    8.42    7.68    7.09    6.67    6.91    7.57    7.43    7.19
 1000.00    7.50    7.44    7.38    7.38    7.25    7.27    7.30    7.36    7.36    7.51    6.73    7.27    7.47    8.19    9.14    9.70    9.97    9.90    9.53    9.19    8.95    8.79    8.29    8.10
