#  level#  00:00#  01:00#  02:00#  03:00#  04:00#  05:00#  06:00#  07:00#  08:00#  09:00#  10:00#  11:00#  12:00#  13:00#  14:00#  15:00#  16:00#  17:00#  18:00#  19:00#  20:00#  21:00#  22:00#  23:00
    1.00  -11.21  -13.23  -13.57  -13.84  -13.82  -13.47  -13.09  -13.75  -13.77  -14.30  -13.32  -12.94  -11.70   -9.76   -8.36   -7.61   -6.91   -5.85   -4.40   -4.93   -5.30   -6.34   -7.15   -7.75
    2.00   -4.76   -5.40   -5.99   -7.08   -9.79  -12.06  -12.10  -11.88  -11.91  -11.67  -11.56  -12.03  -11.52  -10.96  -10.42   -9.54   -8.58   -6.89   -4.65   -3.79   -4.55   -5.92   -7.30   -7.95
    3.00  -12.35  -13.51  -14.04  -14.03  -14.67  -15.70  -16.21  -16.16  -15.68  -15.73  -17.13  -17.37  -17.33  -17.49  -17.69  -17.15  -17.69  -17.89  -17.34  -15.64  -14.25  -12.58  -12.39  -12.88
   10.00  -38.07  -39.53  -39.60  -38.41  -37.03  -37.04  -37.36  -37.64  -37.52  -37.70  -37.64  -37.68  -38.38  -37.86  -37.34  -37.86  -38.58  -37.91  -36.42  -35.47  -35.59  -36.49  -36.48  -36.64
   20.00  -48.61  -48.36  -47.65  -46.98  -46.43  -46.03  -45.78  -46.17  -46.49  -46.76  -47.26  -46.73  -46.80  -46.83  -46.34  -45.74  -45.83  -46.58  -47.32  -47.04  -45.31  -44.74  -45.85  -46.66
   30.00  -51.72  -51.84  -51.73  -51.87  -52.27  -52.14  -51.62  -51.15  -51.01  -51.17  -51.43  -51.68  -51.98  -52.30  -52.57  -52.18  -51.48  -50.71  -50.63  -51.69  -52.44  -52.08  -51.63  -51.40
   50.00  -55.37  -55.86  -56.47  -56.56  -56.42  -56.62  -56.74  -56.88  -56.68  -56.08  -55.21  -55.58  -55.90  -56.18  -56.31  -56.18  -56.06  -55.74  -55.36  -55.60  -56.65  -57.69  -57.16  -56.57
   70.00  -57.18  -57.10  -57.57  -58.36  -58.65  -58.87  -59.10  -59.22  -59.18  -59.04  -58.76  -58.86  -58.99  -59.39  -59.71  -59.72  -59.73  -59.93  -60.00  -59.45  -58.64  -58.59  -58.85  -58.76
  100.00  -57.00  -56.76  -56.95  -57.51  -58.03  -58.40  -58.51  -58.40  -58.55  -59.19  -60.16  -60.04  -60.16  -60.37  -60.86  -61.17  -61.46  -61.61  -61.74  -61.90  -61.69  -61.60  -61.87  -62.48
  125.00  -56.48  -56.95  -57.16  -57.38  -57.87  -58.96  -60.09  -60.91  -61.21  -61.37  -61.68  -62.28  -62.45  -62.23  -61.79  -61.54  -61.54  -61.42  -61.33  -61.57  -61.74  -61.50  -60.91  -60.90
  150.00  -52.91  -53.75  -55.32  -56.77  -58.37  -59.99  -60.97  -61.69  -62.32  -62.93  -62.89  -63.10  -63.26  -63.23  -62.69  -61.89  -61.72  -61.93  -62.01  -61.70  -61.03  -60.75  -60.39  -60.51
  175.00  -50.15  -52.08  -53.55  -55.56  -57.23  -57.22  -58.14  -60.01  -61.36  -61.37  -60.68  -60.36  -59.97  -59.69  -59.62  -59.32  -58.86  -58.51  -58.33  -58.17  -57.83  -57.28  -56.62  -56.43
  200.00  -47.82  -48.96  -50.85  -52.52  -53.59  -54.94  -56.25  -56.51  -56.49  -56.58  -56.14  -55.59  -55.45  -55.15  -54.70  -54.15  -53.61  -53.13  -52.79  -52.64  -52.49  -52.15  -51.64  -51.21
  225.00  -44.34  -44.55  -45.47  -46.98  -48.39  -49.72  -50.68  -51.04  -50.69  -50.60  -50.43  -50.31  -50.19  -49.90  -49.55  -49.24  -48.81  -48.24  -47.85  -47.78  -47.79  -47.58  -47.41  -46.67
  250.00  -41.88  -40.85  -40.60  -42.32  -44.35  -45.98  -45.77  -45.43  -45.13  -44.96  -44.98  -45.10  -45.05  -44.96  -45.00  -45.05  -44.80  -44.38  -43.97  -43.75  -43.64  -43.47  -42.88  -42.38
  300.00  -39.62  -38.39  -36.58  -36.00  -36.22  -36.37  -35.93  -35.50  -35.58  -35.86  -36.18  -36.21  -36.29  -36.48  -36.34  -36.03  -35.74  -35.63  -35.67  -35.84  -36.08  -36.36  -36.77  -37.07
  350.00  -34.30  -32.80  -30.71  -28.14  -26.90  -26.51  -26.47  -26.06  -26.37  -26.72  -26.91  -27.29  -27.62  -27.92  -28.40  -28.84  -29.21  -29.24  -29.07  -29.11  -29.34  -29.62  -30.26  -30.61
  400.00  -27.08  -26.71  -25.18  -21.77  -19.05  -17.66  -17.56  -17.55  -17.51  -17.86  -18.30  -18.71  -18.97  -19.27  -19.74  -20.24  -20.63  -20.98  -21.30  -21.57  -21.83  -22.12  -22.36  -22.75
  450.00  -19.91  -20.18  -20.09  -17.59  -14.09  -11.51  -10.24  -10.38  -10.49  -10.69  -10.85  -11.07  -11.26  -11.50  -11.71  -12.01  -12.48  -12.96  -13.33  -13.60  -13.85  -14.11  -14.32  -14.77
  500.00  -14.04  -14.26  -14.66  -13.89  -11.75   -9.68   -7.91   -6.58   -5.63   -5.20   -4.97   -4.99   -5.12   -5.48   -5.69   -5.77   -6.02   -6.38   -6.74   -7.02   -7.23   -7.45   -7.89   -8.35
  550.00   -9.32   -9.61  -10.01   -9.80   -8.76   -7.41   -6.47   -5.57   -4.29   -2.57   -1.59   -1.16   -0.93   -0.98   -1.24   -1.50   -1.64   -1.71   -1.86   -2.07   -2.23   -2.36   -2.55   -2.91
  600.00   -6.23   -6.12   -6.10   -5.89   -5.26   -4.23   -3.16   -2.28   -1.48   -0.37    0.28    0.77    1.26    1.61    1.48    1.09    0.88    1.08    1.42    1.54    1.48    1.36    1.27    0.99
  650.00   -3.19   -2.82   -2.55   -2.51   -2.15   -1.25   -0.27    0.68    1.54    2.37    2.72    3.06    3.47    3.86    3.93    3.79    3.68    3.75    4.07    4.32    4.34    4.20    3.66    3.51
  700.00    0.21    0.61    1.01    1.03    1.02    1.21    1.62    2.35    3.17    3.87    4.24    4.63    4.94    5.25    5.48    5.74    6.04    6.21    6.33    6.39    6.31    6.14    5.56    5.62
  750.00    3.01    2.80    2.86    2.59    2.53    2.81    2.96    3.18    3.45    3.65    3.79    4.33    4.80    5.29    6.08    6.88    7.56    7.80    7.90    7.88    7.92    7.90    7.78    7.93
  775.00    4.24    3.87    3.71    3.40    3.40    3.50    3.57    3.58    3.58    3.49    3.51    3.97    4.41    5.13    6.20    7.30    8.04    8.25    8.21    8.07    8.22    8.50    8.69    8.99
  800.00    5.49    5.10    4.90    4.66    4.59    4.52    4.39    4.20    4.09    3.97    4.05    4.41    4.47    4.82    5.63    7.15    8.67    8.80    8.31    8.10    8.43    8.86    9.59    9.99
  825.00    6.83    6.56    6.28    5.98    5.84    5.73    5.47    5.25    5.23    5.26    5.20    5.02    4.99    5.39    5.74    6.40    7.74    8.65    8.86    8.67    8.90    9.39   10.57   10.89
  850.00    8.52    8.10    7.63    7.29    7.12    7.01    6.84    6.70    6.69    6.57    6.32    6.25    6.51    6.95    7.16    7.27    7.58    8.20    8.79    9.12    9.63   10.10   11.46   11.64
  875.00   10.15    9.57    9.02    8.72    8.52    8.35    8.19    8.14    8.07    7.71    7.77    8.10    8.41    8.60    8.82    9.25    9.10    9.34    9.66    9.90   10.31   10.91   12.01   12.26
  900.00   11.43   10.79   10.24    9.98    9.83    9.65    9.51    9.47    9.25    9.70    9.45    9.92   10.23   10.57   10.72   10.92   11.05   10.80   10.79   10.86   11.05   11.41   12.27   12.50
  925.00   12.72   12.04   11.56   11.34   11.29   11.17   10.98   10.84   10.84   11.24   11.27   11.82   12.23   12.51   12.67   12.75   12.80   12.49   12.23   11.95   12.13   12.25   12.45   12.74
  950.00   14.16   13.46   13.00   12.88   12.82   12.70   12.44   12.42   12.67   12.97   12.93   13.53   13.90   14.17   14.34   14.36   14.30   14.01   13.78   13.57   13.39   13.38   13.32   13.33
  975.00   15.79   15.13   14.64   14.46   14.36   14.21   14.06   14.07   14.47   14.85   14.85   15.45   15.80   16.07   16.22   16.19   16.12   15.76   15.54   15.33   15.13   15.02   14.80   14.86
 1000.00   17.46   16.80   16.33   16.14   16.01   15.86   15.72   15.71   16.15   16.53   16.53   17.13   17.49   17.76   17.90   17.86   17.80   17.44   17.24   17.02   16.82   16.71   16.48   16.52
