#  level#  00:00#  01:00#  02:00#  03:00#  04:00#  05:00#  06:00#  07:00#  08:00#  09:00#  10:00#  11:00#  12:00#  13:00#  14:00#  15:00#  16:00#  17:00#  18:00#  19:00#  20:00#  21:00#  22:00#  23:00
    1.00   -8.67   -9.78   -9.90   -8.87   -9.84  -11.05  -11.72  -10.67   -9.35   -8.76   -8.91   -7.11   -6.95   -7.07   -8.12   -9.32   -9.66  -11.07   -9.13   -6.37   -6.99   -7.46   -8.65   -9.16
    2.00   -1.37   -1.90   -2.65   -4.13   -4.46   -4.53   -4.62   -4.86   -5.86   -6.07   -6.11   -6.11   -3.95   -3.72   -2.05   -1.80   -1.85   -2.39   -4.61   -5.58   -5.08   -5.57   -5.72   -5.40
    3.00   -4.34   -4.57   -4.47   -5.09   -7.18   -8.59   -8.92   -8.49   -8.06   -8.35   -8.35   -7.90   -7.24   -6.94   -5.96   -5.89   -5.06   -6.14   -6.87   -8.36   -8.12   -7.25   -8.33   -9.82
   10.00  -41.12  -41.33  -41.62  -42.28  -42.75  -41.86  -42.01  -43.62  -44.17  -43.18  -42.19  -41.60  -40.17  -40.39  -40.64  -40.58  -41.01  -41.82  -42.43  -42.32  -41.96  -42.68  -42.57  -41.39
   20.00  -53.44  -54.21  -54.20  -53.99  -54.16  -54.02  -53.06  -52.74  -53.24  -53.23  -53.28  -53.25  -52.06  -51.67  -52.38  -52.87  -52.22  -51.59  -51.74  -52.31  -52.65  -52.58  -53.49  -54.29
   30.00  -57.56  -57.28  -57.33  -57.53  -57.33  -57.19  -57.47  -57.55  -57.21  -57.30  -57.11  -57.36  -56.85  -56.44  -56.14  -56.05  -56.19  -56.56  -56.64  -56.38  -56.27  -55.94  -55.59  -55.41
   50.00  -60.68  -60.90  -61.68  -61.98  -61.41  -60.84  -60.64  -60.59  -60.61  -60.62  -60.25  -60.67  -60.85  -60.51  -59.59  -59.31  -59.74  -60.20  -60.55  -60.64  -60.40  -60.01  -59.19  -59.16
   70.00  -62.03  -61.66  -60.90  -60.83  -61.26  -61.36  -60.98  -60.82  -60.94  -61.20  -61.68  -61.54  -61.51  -61.95  -62.53  -62.57  -61.92  -61.34  -61.01  -60.73  -60.66  -61.01  -61.52  -62.10
  100.00  -60.06  -60.42  -60.92  -61.07  -60.91  -60.89  -60.95  -60.95  -60.86  -60.85  -60.76  -60.67  -60.46  -60.24  -60.07  -60.34  -60.75  -60.89  -60.73  -60.66  -60.70  -60.69  -60.56  -60.37
  125.00  -60.74  -60.75  -60.93  -61.14  -61.24  -61.32  -61.37  -61.32  -61.12  -61.02  -60.97  -61.15  -61.34  -61.59  -61.60  -61.38  -61.05  -60.89  -60.86  -61.00  -61.24  -61.35  -61.33  -61.42
  150.00  -62.77  -62.36  -62.13  -62.12  -62.27  -62.58  -62.98  -63.46  -63.66  -63.59  -63.03  -62.89  -62.85  -63.03  -63.24  -63.62  -63.97  -64.27  -64.43  -64.33  -64.19  -63.99  -63.75  -63.43
  175.00  -69.50  -69.44  -69.73  -70.15  -70.16  -69.89  -69.47  -69.34  -69.47  -69.63  -69.16  -69.25  -69.31  -69.41  -69.36  -69.25  -69.05  -68.86  -68.78  -68.68  -68.72  -68.98  -69.48  -69.68
  200.00  -66.28  -66.38  -66.47  -66.58  -66.52  -66.42  -66.36  -66.25  -66.13  -66.04  -65.73  -65.60  -65.48  -65.49  -65.61  -65.83  -66.00  -66.07  -66.07  -65.90  -65.69  -65.74  -65.82  -65.91
  225.00  -61.52  -61.53  -61.30  -61.17  -61.26  -61.42  -61.55  -61.59  -61.57  -61.55  -61.40  -61.25  -61.05  -60.97  -60.99  -61.09  -61.17  -61.21  -61.25  -61.19  -61.02  -60.87  -60.65  -60.64
  250.00  -55.98  -56.15  -56.15  -56.07  -56.09  -56.07  -55.99  -55.99  -56.05  -56.09  -56.04  -56.03  -55.93  -55.86  -55.78  -55.70  -55.62  -55.54  -55.50  -55.51  -55.53  -55.47  -55.12  -55.06
  300.00  -45.45  -45.36  -45.33  -45.40  -45.49  -45.57  -45.67  -45.73  -45.72  -45.71  -45.72  -45.70  -45.59  -45.55  -45.51  -45.46  -45.39  -45.33  -45.34  -45.36  -45.38  -45.42  -45.40  -45.41
  350.00  -36.51  -36.50  -36.51  -36.54  -36.54  -36.46  -36.27  -36.06  -35.98  -35.99  -36.14  -36.24  -36.27  -36.26  -36.21  -36.18  -36.18  -36.21  -36.26  -36.29  -36.32  -36.33  -36.35  -36.35
  400.00  -28.49  -28.54  -28.50  -28.40  -28.33  -28.31  -28.28  -28.23  -28.12  -28.02  -28.02  -27.98  -27.88  -27.78  -27.69  -27.65  -27.64  -27.66  -27.70  -27.76  -27.80  -27.86  -27.88  -27.93
  450.00  -21.75  -21.83  -21.84  -21.81  -21.77  -21.76  -21.71  -21.65  -21.58  -21.49  -21.44  -21.34  -21.16  -20.98  -20.83  -20.71  -20.60  -20.49  -20.45  -20.48  -20.50  -20.52  -20.49  -20.54
  500.00  -15.90  -16.04  -16.11  -16.09  -16.03  -15.97  -15.87  -15.74  -15.64  -15.57  -15.64  -15.66  -15.59  -15.46  -15.31  -15.15  -14.98  -14.79  -14.69  -14.68  -14.60  -14.51  -14.42  -14.48
  550.00  -10.60  -10.71  -10.75  -10.72  -10.68  -10.65  -10.61  -10.50  -10.37  -10.26  -10.35  -10.40  -10.40  -10.39  -10.38  -10.34  -10.26  -10.13  -10.08  -10.14  -10.07   -9.90   -9.95  -10.01
  600.00   -6.04   -6.10   -6.15   -6.13   -6.12   -6.15   -6.13   -6.04   -5.93   -5.84   -5.77   -5.69   -5.59   -5.53   -5.52   -5.49   -5.46   -5.41   -5.44   -5.53   -5.58   -5.51   -5.67   -5.63
  650.00   -2.28   -2.15   -2.05   -1.98   -1.99   -2.08   -2.12   -2.07   -1.96   -1.92   -1.70   -1.60   -1.52   -1.49   -1.51   -1.48   -1.36   -1.22   -1.16   -1.23   -1.26   -1.18   -1.32   -1.26
  700.00    1.66    1.69    1.78    1.86    1.87    1.80    1.75    1.78    1.86    1.87    2.14    2.21    2.24    2.19    2.16    2.16    2.22    2.28    2.32    2.28    2.26    2.32    2.36    2.47
  750.00    5.85    5.71    5.62    5.58    5.54    5.43    5.33    5.29    5.34    5.34    5.64    5.74    5.80    5.79    5.76    5.78    5.82    5.88    5.91    5.88    5.83    5.82    5.98    6.03
  775.00    7.81    7.67    7.50    7.38    7.31    7.18    7.05    6.99    7.00    7.00    7.34    7.43    7.50    7.45    7.44    7.50    7.58    7.66    7.71    7.70    7.67    7.61    7.73    7.75
  800.00    9.45    9.45    9.27    9.12    9.02    8.87    8.70    8.60    8.61    8.60    8.94    9.03    9.06    9.10    9.15    9.24    9.33    9.39    9.44    9.44    9.39    9.28    9.29    9.23
  825.00   10.63   10.78   10.69   10.58   10.51   10.37   10.20   10.08   10.09   10.09   10.33   10.39   10.52   10.60   10.63   10.73   10.79   10.87   10.91   10.90   10.82   10.60   10.45   10.27
  850.00   11.50   11.74   11.73   11.72   11.76   11.67   11.48   11.31   11.34   11.38   11.47   11.57   11.66   11.75   11.77   11.94   12.11   12.17   12.15   12.04   11.81   11.43   11.15   10.93
  875.00   12.03   12.30   12.34   12.40   12.55   12.53   12.37   12.17   12.20   12.27   12.32   12.34   12.53   12.44   12.61   12.93   13.02   13.10   13.01   12.67   12.22   11.77   11.54   11.43
  900.00   12.59   12.97   13.12   13.23   13.40   13.45   13.27   13.06   12.96   12.85   12.92   12.73   12.35   12.63   12.82   13.28   13.73   13.84   13.52   13.19   12.75   12.35   12.11   12.05
  925.00   12.84   13.11   13.22   13.26   13.41   13.47   13.51   13.44   13.42   13.29   12.99   13.26   13.72   13.88   13.92   13.85   13.65   13.69   13.81   13.51   13.03   12.70   12.40   12.57
  950.00   12.98   13.08   13.01   12.90   12.98   13.03   13.07   13.02   13.12   13.08   13.97   14.57   15.05   15.24   15.18   15.00   14.67   14.04   13.29   12.90   12.66   12.63   12.61   12.99
  975.00   13.51   13.63   13.53   13.30   13.21   13.17   13.15   13.12   13.31   13.64   14.60   15.40   15.97   16.19   16.16   15.94   15.55   14.86   14.00   13.25   12.90   12.88   12.67   13.00
 1000.00   14.19   14.43   14.48   14.25   14.10   14.08   14.03   14.01   14.07   14.28   15.13   15.67   15.84   15.71   15.52   15.34   15.11   14.63   13.97   13.42   13.21   13.22   13.03   13.43
