#  level#  00:00#  01:00#  02:00#  03:00#  04:00#  05:00#  06:00#  07:00#  08:00#  09:00#  10:00#  11:00#  12:00#  13:00#  14:00#  15:00#  16:00#  17:00#  18:00#  19:00#  20:00#  21:00#  22:00#  23:00
    1.00   -5.86   -7.13   -9.37  -11.67  -13.56  -13.62  -12.20  -11.36   -9.57   -7.67   -7.86   -7.79   -5.72   -5.45   -6.67   -7.20   -7.39   -6.79   -6.85   -6.28   -6.30   -5.32   -4.91   -6.49
    2.00   -4.42   -5.79   -4.76   -4.70   -6.37   -9.25  -11.44  -12.26  -12.13  -11.32  -10.43  -10.16   -9.11   -7.42   -4.81   -3.35   -3.98   -5.92   -7.67  -10.38  -11.25  -10.83   -9.28   -7.88
    3.00  -12.05  -13.84  -13.74  -13.53  -13.62  -14.40  -14.69  -15.44  -15.95  -15.14  -14.92  -15.48  -16.32  -17.50  -17.14  -16.31  -13.47  -11.75  -10.36  -11.32  -13.02  -15.02  -17.15  -18.80
   10.00  -38.16  -38.40  -38.41  -37.50  -37.51  -38.54  -39.14  -39.51  -39.33  -39.17  -39.00  -37.89  -37.54  -37.69  -38.39  -37.77  -37.05  -36.94  -36.60  -36.51  -36.71  -37.53  -38.66  -38.89
   20.00  -48.41  -48.21  -48.00  -48.45  -48.52  -48.80  -48.95  -48.08  -47.17  -46.69  -47.05  -47.52  -47.58  -47.13  -46.82  -47.27  -47.64  -47.31  -47.22  -47.77  -47.28  -46.46  -46.99  -47.47
   30.00  -53.03  -53.45  -53.42  -53.65  -53.85  -53.37  -53.20  -53.41  -53.68  -53.75  -52.96  -52.94  -52.88  -53.50  -53.15  -52.44  -52.29  -52.61  -51.80  -52.00  -52.66  -52.87  -52.75  -52.32
   50.00  -58.15  -58.23  -58.48  -58.75  -59.02  -59.40  -59.47  -59.33  -59.05  -58.66  -57.75  -57.18  -56.53  -56.33  -56.83  -57.49  -57.81  -58.08  -58.64  -58.72  -58.64  -58.89  -59.40  -58.40
   70.00  -59.49  -59.64  -59.56  -59.33  -59.14  -59.15  -59.39  -59.79  -59.90  -59.79  -59.88  -59.80  -59.98  -59.99  -60.18  -60.47  -61.00  -60.83  -60.61  -60.37  -59.44  -58.59  -59.07  -58.90
  100.00  -61.54  -61.57  -61.32  -61.11  -60.85  -60.47  -60.06  -59.69  -59.33  -59.13  -59.84  -59.87  -59.74  -59.50  -59.46  -58.94  -58.64  -58.62  -58.36  -58.36  -58.29  -57.92  -57.91  -57.94
  125.00  -60.35  -60.03  -59.51  -58.93  -58.47  -58.05  -57.72  -57.46  -57.25  -57.05  -56.76  -56.68  -56.51  -56.09  -56.09  -56.10  -55.83  -55.79  -55.47  -55.44  -55.73  -55.84  -56.93  -57.62
  150.00  -58.21  -57.98  -57.51  -57.02  -56.70  -56.16  -55.35  -54.61  -54.27  -54.17  -53.38  -54.05  -54.68  -54.64  -55.07  -55.54  -55.25  -55.28  -55.57  -56.18  -56.62  -56.86  -56.79  -57.93
  175.00  -61.04  -60.30  -59.29  -58.05  -57.34  -57.16  -57.12  -56.78  -56.57  -56.47  -55.46  -55.56  -56.09  -56.65  -57.09  -57.73  -57.94  -58.69  -59.26  -58.12  -58.58  -58.87  -58.31  -59.83
  200.00  -58.99  -58.31  -58.48  -58.65  -59.01  -58.99  -58.65  -58.47  -57.97  -57.69  -56.73  -56.58  -57.20  -58.33  -58.59  -58.99  -59.47  -60.43  -60.20  -59.55  -59.70  -59.39  -59.17  -60.16
  225.00  -57.74  -58.38  -59.65  -59.56  -60.03  -60.61  -60.85  -60.20  -59.15  -58.15  -58.03  -57.68  -57.86  -57.77  -58.44  -58.63  -58.83  -58.82  -58.15  -58.31  -58.05  -57.90  -56.50  -56.70
  250.00  -54.12  -54.84  -55.74  -56.08  -56.60  -57.11  -57.60  -57.90  -57.80  -56.94  -56.29  -55.66  -55.17  -54.79  -55.08  -55.15  -54.55  -54.50  -53.78  -53.59  -53.14  -53.34  -52.46  -52.35
  300.00  -43.68  -43.97  -44.36  -45.21  -45.68  -46.30  -47.02  -47.61  -47.91  -48.32  -48.31  -48.18  -47.68  -47.15  -46.60  -46.22  -46.70  -45.80  -45.40  -45.10  -44.45  -44.34  -42.89  -42.93
  350.00  -35.67  -35.88  -35.73  -36.54  -37.16  -37.27  -37.56  -37.71  -37.98  -38.56  -39.34  -39.41  -39.40  -39.06  -38.49  -38.10  -37.26  -37.10  -37.40  -37.72  -36.97  -36.56  -36.41  -34.19
  400.00  -28.48  -28.80  -29.09  -29.34  -29.50  -29.62  -29.53  -29.72  -30.19  -30.68  -31.43  -31.47  -31.45  -31.39  -31.24  -30.80  -30.19  -29.42  -29.72  -30.10  -30.39  -29.88  -29.61  -28.80
  450.00  -21.12  -21.13  -21.12  -21.51  -22.01  -22.21  -22.52  -22.78  -23.23  -23.69  -24.69  -24.75  -24.63  -24.67  -24.61  -24.37  -24.20  -23.43  -23.42  -23.46  -24.08  -24.00  -23.39  -23.33
  500.00  -16.33  -16.21  -15.56  -15.95  -16.28  -16.11  -16.14  -16.53  -17.08  -17.43  -18.29  -18.58  -18.60  -18.51  -18.40  -18.24  -18.30  -18.13  -18.21  -17.91  -18.40  -18.46  -18.71  -18.60
  550.00  -12.64  -12.68  -12.05  -11.74  -11.46  -11.10  -10.87  -11.30  -11.97  -12.18  -12.51  -12.35  -12.42  -12.58  -12.62  -12.40  -12.57  -12.90  -13.03  -12.95  -13.03  -13.23  -14.43  -14.26
  600.00   -8.42   -8.42   -8.28   -8.20   -8.46   -8.59   -8.20   -8.55   -8.67   -8.22   -7.95   -7.75   -7.60   -7.60   -7.49   -7.14   -7.77   -8.32   -8.28   -8.20   -8.36   -8.48   -9.84   -9.84
  650.00   -3.87   -4.06   -4.20   -4.44   -4.51   -4.57   -4.80   -5.09   -5.22   -4.81   -4.42   -3.95   -3.83   -3.91   -3.39   -2.98   -3.77   -4.14   -3.90   -4.03   -4.24   -4.38   -5.34   -5.74
  700.00    0.39    0.42    0.15   -0.18   -0.34   -0.54   -0.76   -0.95   -1.11   -1.06   -0.87   -0.35   -0.16   -0.18    0.20    0.38   -0.14   -0.49   -0.52   -0.76   -1.00   -0.99   -1.97   -2.47
  750.00    3.91    3.81    3.50    3.36    3.44    3.32    3.13    3.00    2.94    2.93    3.03    3.28    3.48    3.70    3.98    3.94    3.33    2.94    2.17    1.76    1.79    1.79    0.63    0.44
  775.00    5.65    5.39    4.99    4.85    4.96    4.89    4.77    4.73    4.80    4.88    5.07    5.21    5.40    5.62    5.93    5.91    5.15    4.82    4.08    3.83    3.71    3.60    2.71    2.71
  800.00    7.65    7.33    6.94    6.77    6.69    6.56    6.43    6.42    6.59    6.76    7.10    7.15    7.29    7.70    7.77    7.68    6.91    6.61    6.18    5.91    5.70    5.37    5.17    5.10
  825.00    9.65    9.23    8.72    8.57    8.52    8.31    8.20    8.24    8.45    8.57    8.68    8.66    9.11    9.51    9.50    9.28    8.71    8.36    8.13    7.38    7.09    6.70    7.36    7.15
  850.00   10.44    9.93    9.29    9.40    9.68    9.56    9.55    9.72    9.97    9.88    9.80   10.09    9.56    9.83   10.42   10.51   10.20    9.97    9.71    8.71    8.33    7.76    8.46    8.21
  875.00    9.66    9.08    8.48    9.02    9.78    9.71    9.75   10.06   10.44   10.30    9.68    8.19    8.62    9.30    9.99   10.96   11.00   11.25   10.75   10.02    9.86    9.16    9.90    8.88
  900.00    8.62    8.15    7.79    8.43    8.98    8.82    8.90    9.43    9.94    9.79    8.51    9.05    9.63   10.44   10.92   11.33   11.34   11.75   11.16   10.83   10.79    9.99   10.45    9.30
  925.00    7.93    7.62    7.62    7.71    8.10    7.96    8.42    8.84    8.96    8.80    9.33    9.92   10.93   11.91   12.33   12.31   11.83   11.19   10.67   10.58   10.67   10.09   10.42    9.72
  950.00    8.75    8.60    8.63    8.69    8.74    8.67    8.60    8.68    9.24    9.88   10.76   11.76   12.63   13.63   14.06   13.74   13.09   12.00   11.25   10.71   10.45   10.12    9.86    9.73
  975.00    9.97    9.97   10.09   10.12   10.06    9.97    9.96   10.15   10.90   11.74   12.55   13.40   13.90   14.51   14.72   14.27   13.72   12.64   12.00   11.56   11.41   11.19   10.61   10.80
 1000.00   11.76   11.71   11.81   11.85   11.87   11.83   11.68   11.80   12.57   13.39   14.19   15.06   15.50   15.89   15.81   15.39   15.11   14.18   13.62   13.20   13.04   12.88   11.88   12.21
