#  level#  00:00#  01:00#  02:00#  03:00#  04:00#  05:00#  06:00#  07:00#  08:00#  09:00#  10:00#  11:00#  12:00#  13:00#  14:00#  15:00#  16:00#  17:00#  18:00#  19:00#  20:00#  21:00#  22:00#  23:00
    1.00   -9.42   -9.39   -9.22   -8.97   -7.83   -7.28   -6.67   -6.86   -7.22   -7.13   -6.25   -6.59   -6.44   -6.65   -7.55   -7.71   -8.17   -8.57   -8.77   -8.56   -7.74   -7.51   -5.85   -5.97
    2.00  -13.12  -14.11  -15.75  -16.61  -15.04  -13.51  -13.72  -13.50  -11.87   -9.99   -8.60   -6.18   -3.97   -2.20   -1.68    0.89    1.41    2.21    2.60    3.49    4.52    4.88    2.74    0.95
    3.00  -27.70  -28.10  -28.41  -30.20  -32.05  -32.83  -32.94  -33.68  -34.19  -33.62  -33.95  -32.74  -31.28  -29.53  -29.56  -29.06  -27.47  -25.98  -25.65  -23.29  -21.31  -18.78  -15.55  -13.34
   10.00  -60.74  -60.98  -61.05  -61.22  -60.71  -59.93  -58.34  -56.93  -56.51  -57.22  -58.37  -58.14  -57.77  -57.14  -56.65  -56.57  -56.68  -56.58  -56.40  -55.84  -55.26  -54.88  -54.33  -53.70
   20.00  -62.41  -62.83  -62.55  -62.21  -62.02  -61.92  -62.11  -62.27  -62.50  -63.26  -62.94  -62.08  -60.81  -60.05  -60.31  -60.66  -60.88  -61.49  -62.08  -61.75  -61.31  -61.23  -60.45  -60.20
   30.00  -61.73  -62.39  -62.30  -62.17  -62.19  -62.25  -62.46  -62.35  -61.98  -61.93  -62.03  -62.09  -62.22  -62.67  -62.91  -63.16  -63.42  -63.71  -63.74  -63.50  -63.39  -63.14  -63.24  -63.61
   50.00  -61.75  -62.22  -62.52  -62.69  -62.48  -62.04  -62.07  -62.17  -61.78  -61.32  -61.95  -62.29  -62.31  -62.24  -62.13  -62.26  -62.13  -62.21  -62.42  -62.40  -62.17  -61.94  -61.82  -61.51
   70.00  -60.37  -60.09  -60.23  -60.67  -61.06  -60.98  -60.96  -61.26  -61.36  -61.02  -60.49  -60.22  -60.11  -60.24  -60.40  -60.74  -60.94  -61.03  -61.14  -61.22  -61.30  -61.18  -61.35  -61.32
  100.00  -57.84  -57.70  -57.77  -57.96  -58.01  -57.86  -57.74  -57.82  -58.11  -58.40  -58.13  -58.04  -58.27  -58.54  -58.51  -58.38  -58.25  -58.01  -58.00  -58.03  -58.06  -57.88  -57.78  -57.77
  125.00  -56.20  -56.20  -56.40  -56.75  -57.18  -57.35  -57.11  -56.76  -56.36  -55.93  -55.64  -55.74  -55.95  -56.04  -56.17  -56.31  -56.24  -55.73  -55.49  -55.34  -55.20  -55.17  -55.35  -55.32
  150.00  -54.34  -54.23  -54.25  -54.28  -54.51  -54.94  -55.29  -55.40  -55.17  -54.77  -54.51  -54.18  -53.96  -53.57  -53.18  -53.13  -53.43  -53.51  -53.49  -53.35  -52.98  -52.70  -52.27  -52.06
  175.00  -53.37  -53.01  -52.90  -52.86  -52.97  -53.32  -53.75  -54.07  -54.06  -53.84  -53.21  -52.90  -52.81  -52.62  -52.15  -51.72  -51.70  -51.67  -51.56  -51.60  -51.54  -51.49  -51.15  -51.12
  200.00  -54.30  -54.52  -54.54  -54.42  -54.09  -53.85  -53.64  -53.60  -53.59  -53.59  -53.03  -52.85  -52.82  -52.79  -52.57  -51.95  -51.43  -51.09  -50.35  -49.82  -49.32  -48.90  -48.79  -48.78
  225.00  -53.63  -54.21  -54.63  -55.02  -55.23  -55.41  -55.46  -55.44  -55.50  -55.60  -54.79  -54.50  -54.38  -54.34  -54.23  -53.68  -52.94  -52.75  -52.01  -50.90  -49.79  -48.85  -48.38  -47.92
  250.00  -53.39  -53.94  -54.34  -54.69  -55.01  -55.57  -56.21  -56.62  -56.92  -56.98  -56.53  -56.01  -55.55  -55.14  -54.73  -54.07  -52.97  -52.45  -51.84  -50.75  -49.62  -48.69  -48.12  -47.34
  300.00  -50.08  -50.38  -50.61  -50.73  -50.77  -50.89  -51.15  -51.34  -51.41  -51.46  -51.88  -51.86  -51.73  -51.40  -51.13  -51.00  -50.49  -49.30  -48.22  -47.08  -46.33  -45.82  -45.94  -45.18
  350.00  -43.98  -43.79  -43.89  -44.02  -44.11  -44.00  -44.00  -44.00  -43.85  -43.65  -43.61  -43.62  -43.83  -44.02  -44.06  -44.12  -44.13  -43.74  -43.31  -42.94  -42.51  -41.92  -41.85  -41.29
  400.00  -37.59  -37.02  -36.76  -36.79  -36.83  -36.77  -36.68  -36.69  -36.70  -36.64  -36.82  -36.73  -36.62  -36.68  -36.76  -36.84  -37.01  -37.13  -37.25  -37.70  -37.90  -37.59  -37.14  -36.96
  450.00  -31.18  -30.74  -30.20  -30.00  -29.93  -29.84  -29.71  -29.61  -29.64  -29.66  -30.09  -30.21  -30.31  -30.39  -30.42  -30.43  -30.48  -30.75  -31.30  -32.00  -32.51  -32.67  -32.70  -33.23
  500.00  -25.05  -24.97  -24.57  -24.04  -23.72  -23.57  -23.51  -23.42  -23.38  -23.41  -23.76  -23.78  -23.86  -24.02  -24.20  -24.37  -24.61  -24.98  -25.64  -26.37  -27.17  -28.04  -28.35  -29.32
  550.00  -19.79  -19.79  -19.69  -19.34  -18.85  -18.39  -18.16  -18.12  -18.14  -18.13  -18.42  -18.34  -18.26  -18.33  -18.41  -18.49  -18.87  -19.67  -20.89  -22.06  -23.07  -24.36  -24.73  -25.61
  600.00  -15.57  -15.52  -15.47  -15.32  -15.09  -14.73  -14.30  -13.99  -13.85  -13.78  -13.89  -13.78  -13.70  -13.66  -13.63  -13.69  -14.24  -15.45  -17.13  -18.67  -19.80  -20.88  -21.26  -21.97
  650.00  -12.02  -12.03  -12.04  -12.01  -11.89  -11.59  -11.19  -10.85  -10.64  -10.44  -10.19  -10.02   -9.99  -10.03  -10.16  -10.55  -11.34  -12.65  -14.25  -15.74  -16.79  -17.46  -18.28  -18.49
  700.00   -8.72   -8.82   -8.91   -8.97   -8.98   -8.83   -8.58   -8.41   -8.31   -8.01   -7.35   -7.03   -7.23   -7.64   -8.09   -9.11  -10.33  -11.70  -12.58  -13.09  -13.36  -13.81  -14.46  -14.48
  750.00   -5.35   -5.49   -5.60   -5.71   -5.75   -5.69   -5.59   -5.60   -5.66   -5.57   -5.34   -5.19   -5.49   -5.85   -6.76   -8.34   -9.59  -10.17  -10.22  -10.15  -10.11  -10.36  -10.74  -10.55
  775.00   -3.72   -3.87   -3.99   -4.09   -4.12   -4.06   -4.02   -4.14   -4.36   -4.46   -4.65   -4.56   -4.86   -5.25   -6.76   -7.78   -8.29   -8.27   -8.17   -8.20   -8.34   -8.57   -8.95   -8.71
  800.00   -2.33   -2.52   -2.70   -2.82   -2.94   -3.00   -3.06   -3.28   -3.68   -3.80   -3.84   -4.00   -4.18   -5.35   -5.99   -6.23   -6.19   -6.14   -6.14   -6.27   -6.57   -6.83   -7.26   -7.02
  825.00   -1.30   -1.48   -1.64   -1.84   -2.03   -2.19   -2.36   -2.57   -2.82   -3.05   -2.88   -3.10   -3.85   -4.25   -4.02   -4.00   -3.94   -3.99   -4.21   -4.51   -4.86   -5.05   -5.37   -5.22
  850.00   -0.48   -0.59   -0.67   -0.90   -1.21   -1.39   -1.54   -1.82   -2.05   -2.16   -1.60   -1.93   -2.44   -2.17   -1.57   -1.70   -1.80   -2.02   -2.28   -2.68   -3.12   -3.32   -3.55   -3.57
  875.00    0.59    0.46    0.37    0.14   -0.05   -0.46   -0.80   -1.00   -1.17   -1.41   -0.78   -0.95   -0.65   -0.06    0.38    0.31    0.15   -0.02   -0.31   -0.79   -1.33   -1.61   -1.77   -1.90
  900.00    1.69    1.59    1.58    1.47    1.20    0.89    0.67    0.51    0.41    0.36    1.21    1.21    1.59    2.19    2.59    2.51    2.28    2.05    1.67    1.10    0.42   -0.09   -0.27   -0.71
  925.00    2.74    2.53    2.50    2.48    2.39    2.29    2.31    2.31    2.31    2.29    3.04    3.09    3.73    4.45    4.88    4.77    4.49    4.20    3.71    3.01    2.11    1.30    0.96    0.33
  950.00    2.45    2.63    2.56    2.49    2.38    2.36    2.47    2.56    2.72    2.91    3.63    4.45    5.51    6.17    6.59    6.46    6.16    5.77    5.14    4.33    3.33    2.44    2.14    1.53
  975.00    4.50    4.24    4.17    4.07    3.97    3.98    4.09    4.21    4.41    4.59    5.13    5.72    6.82    7.48    7.90    7.80    7.52    7.18    6.64    5.88    4.86    3.94    3.57    2.92
 1000.00    5.87    5.64    5.55    5.45    5.36    5.38    5.47    5.59    5.78    5.95    6.49    7.07    8.16    8.82    9.24    9.12    8.85    8.52    7.99    7.25    6.24    5.32    4.94    4.29
