#  level#  00:00#  01:00#  02:00#  03:00#  04:00#  05:00#  06:00#  07:00#  08:00#  09:00#  10:00#  11:00#  12:00#  13:00#  14:00#  15:00#  16:00#  17:00#  18:00#  19:00#  20:00#  21:00#  22:00#  23:00
    1.00   -6.46   -6.35   -7.91   -9.69  -10.94  -12.08  -12.71  -13.28  -13.53  -13.35  -13.00  -13.24  -13.43  -13.53  -14.39  -14.15  -13.38  -12.44  -12.35  -11.57  -10.97  -11.72  -12.08  -11.13
    2.00   -8.15   -8.15   -5.79   -3.94   -4.10   -6.35   -8.66   -8.58   -7.69   -7.95   -7.54   -6.01   -5.04   -3.82   -3.32   -3.62   -4.34   -4.15   -4.74   -7.03   -6.99   -6.26   -5.21   -4.17
    3.00  -12.75  -13.45  -14.41  -14.40  -14.17  -13.88  -14.08  -14.28  -13.66  -13.62  -14.04  -14.06  -14.15  -13.17  -10.77   -8.65   -9.99  -11.67  -11.15  -11.58  -11.70  -11.94  -12.04  -11.23
   10.00  -40.44  -39.90  -39.76  -40.01  -39.28  -38.34  -38.03  -38.27  -38.95  -39.81  -40.01  -39.55  -38.01  -36.59  -36.03  -36.24  -36.72  -37.60  -38.94  -39.76  -39.29  -38.48  -38.40  -38.58
   20.00  -46.53  -46.75  -47.04  -46.83  -46.88  -47.22  -47.56  -48.26  -49.02  -48.87  -47.87  -46.71  -46.42  -46.96  -47.75  -48.13  -48.11  -46.79  -44.91  -44.42  -44.87  -45.97  -46.67  -46.90
   30.00  -51.99  -52.28  -52.14  -52.07  -51.74  -50.97  -49.74  -49.21  -49.70  -50.49  -50.93  -51.47  -51.96  -51.89  -51.64  -51.38  -51.35  -51.34  -51.20  -51.24  -50.93  -50.74  -50.72  -50.91
   50.00  -55.96  -56.09  -55.89  -55.67  -55.36  -55.41  -55.59  -55.70  -55.60  -55.12  -54.75  -54.58  -54.25  -53.98  -54.08  -54.66  -55.53  -56.08  -55.92  -55.50  -54.57  -53.70  -53.55  -53.95
   70.00  -59.00  -59.41  -59.70  -59.84  -59.69  -59.26  -58.52  -57.91  -57.92  -58.40  -59.09  -59.36  -59.64  -59.70  -59.27  -58.19  -57.35  -57.31  -57.55  -57.99  -58.46  -58.51  -57.69  -57.60
  100.00  -61.39  -61.29  -61.20  -60.94  -60.68  -60.51  -60.43  -60.24  -59.82  -59.44  -59.04  -58.72  -58.44  -58.41  -58.57  -58.60  -58.34  -58.01  -57.93  -57.89  -57.76  -57.66  -56.38  -56.38
  125.00  -59.48  -58.98  -58.96  -59.12  -59.17  -59.11  -59.25  -59.37  -59.36  -59.26  -59.08  -58.79  -58.43  -58.20  -58.31  -57.86  -57.29  -57.34  -57.23  -56.65  -56.24  -56.23  -56.01  -55.59
  150.00  -59.84  -60.59  -61.21  -61.64  -61.91  -61.83  -61.57  -61.24  -60.75  -60.20  -59.50  -58.80  -58.41  -58.26  -58.75  -58.88  -58.59  -57.81  -57.16  -56.76  -55.96  -54.87  -53.89  -53.09
  175.00  -60.24  -59.63  -59.64  -60.33  -60.15  -59.91  -59.81  -59.57  -59.29  -58.95  -59.27  -59.40  -58.87  -58.43  -58.27  -57.47  -56.14  -54.91  -53.96  -53.40  -52.36  -50.88  -49.54  -48.50
  200.00  -57.14  -57.43  -57.46  -56.59  -56.88  -57.23  -57.38  -57.63  -57.89  -57.56  -57.29  -57.41  -57.43  -57.25  -56.48  -55.68  -55.05  -53.47  -52.25  -51.12  -49.95  -48.67  -47.66  -46.85
  225.00  -50.83  -50.98  -51.07  -51.17  -50.94  -51.04  -51.24  -51.15  -51.10  -51.58  -51.77  -51.49  -51.04  -50.45  -50.34  -50.34  -50.20  -50.29  -50.23  -50.35  -50.07  -49.10  -48.95  -48.70
  250.00  -45.50  -45.39  -45.08  -44.78  -44.84  -45.01  -44.96  -45.04  -44.81  -44.95  -45.09  -44.93  -44.76  -44.53  -44.26  -44.82  -45.06  -45.11  -45.46  -45.88  -46.64  -47.15  -48.07  -48.47
  300.00  -35.47  -35.06  -34.72  -34.58  -34.46  -34.43  -34.33  -34.08  -34.30  -34.33  -33.69  -33.73  -33.95  -34.13  -34.12  -33.99  -34.19  -35.49  -36.35  -36.78  -37.33  -38.52  -39.78  -41.05
  350.00  -26.15  -25.97  -26.05  -26.21  -26.27  -26.17  -26.17  -25.97  -25.46  -25.37  -25.03  -24.92  -24.96  -25.06  -25.22  -25.67  -25.99  -26.50  -27.15  -28.38  -29.38  -30.57  -31.67  -32.86
  400.00  -18.85  -18.49  -18.43  -18.64  -18.87  -18.82  -19.02  -19.00  -18.76  -18.48  -17.85  -17.83  -18.03  -18.44  -19.09  -19.47  -19.86  -20.39  -20.99  -21.49  -22.30  -23.25  -24.06  -24.68
  450.00  -12.98  -12.62  -12.57  -12.76  -13.00  -12.82  -13.12  -13.41  -13.50  -13.48  -12.17  -12.38  -12.55  -13.33  -13.95  -14.69  -15.21  -15.07  -15.26  -15.69  -16.33  -17.04  -17.85  -18.28
  500.00   -7.30   -7.43   -7.60   -7.69   -7.75   -7.74   -8.04   -8.40   -8.75   -9.18   -8.49   -8.58   -8.96   -9.26   -9.80  -10.28  -10.70  -10.88  -10.92  -11.17  -11.61  -12.06  -12.83  -13.07
  550.00   -1.82   -2.22   -2.69   -2.85   -2.79   -2.78   -2.92   -3.15   -3.50   -4.14   -4.69   -4.84   -5.62   -5.81   -6.04   -5.85   -5.82   -5.95   -6.15   -6.39   -6.71   -7.06   -7.66   -8.00
  600.00    1.84    1.35    0.98    0.82    0.80    0.69    0.73    0.79    0.57   -0.01   -1.20   -1.33   -1.84   -2.32   -2.32   -1.84   -1.65   -1.83   -2.13   -2.32   -2.61   -2.90   -2.99   -3.12
  650.00    5.50    5.18    4.77    4.34    4.07    3.64    3.50    3.41    3.25    3.02    1.88    1.27    1.09    0.64    1.00    0.95    0.69    0.22    0.05    0.18    0.14    0.21    0.29    0.35
  700.00    8.99    8.49    7.97    7.62    7.42    7.08    6.87    6.72    6.45    6.12    5.03    4.53    4.07    3.67    3.42    3.22    3.03    2.69    2.46    2.21    1.95    2.19    2.36    2.74
  750.00   12.46   12.27   12.19   12.08   11.91   11.44   11.17   10.66    9.73    9.01    7.90    7.66    7.09    6.50    6.09    6.00    5.93    5.73    5.48    5.03    4.47    4.14    4.14    4.70
  775.00   14.33   14.14   14.12   13.96   13.71   13.08   12.74   11.94   10.78   10.09    9.02    8.95    8.47    7.78    7.02    6.84    6.92    6.79    6.62    6.32    5.98    5.49    5.38    5.83
  800.00   15.85   15.60   15.59   15.29   15.01   14.24   13.67   12.61   11.46   11.13    9.96   10.04    9.68    9.16    8.24    7.88    7.87    7.79    7.68    7.43    7.14    6.73    6.61    7.14
  825.00   16.91   16.59   16.58   16.21   15.90   14.80   13.97   13.00   12.21   12.15   10.96   10.91   10.59   10.46    9.62    9.11    8.92    8.82    8.76    8.49    8.16    7.69    7.46    7.81
  850.00   17.65   17.37   17.38   16.98   16.45   14.73   13.98   13.39   12.91   12.95   11.74   11.63   10.86   11.10   10.68   10.19   10.00    9.93    9.85    9.70    9.49    9.13    8.95    8.62
  875.00   17.91   17.78   17.92   17.41   16.34   14.33   13.91   13.71   13.43   13.49   11.95   11.60   10.69   10.75   11.42   11.03   10.94   10.76   10.67   10.76   10.68   10.39   10.51   10.10
  900.00   17.52   17.70   18.02   17.31   15.77   13.94   13.79   13.73   13.33   12.78   10.98   11.06   11.66   11.90   12.05   12.08   11.86   11.62   11.55   11.79   11.77   11.37   11.31   10.92
  925.00   17.22   17.50   17.77   17.15   15.75   14.04   13.57   13.38   12.63   12.70   12.14   12.34   13.24   13.35   13.41   13.47   13.13   12.99   13.28   13.05   12.79   12.21   12.02   11.64
  950.00   16.97   17.27   17.35   16.75   15.61   14.47   13.99   13.79   13.85   14.44   14.11   14.29   15.24   15.35   15.16   14.92   14.81   14.97   15.05   14.54   13.98   13.34   13.14   12.67
  975.00   17.51   17.86   17.97   17.40   16.36   15.53   15.16   15.26   15.51   16.10   15.82   16.08   16.97   17.08   16.88   16.66   16.59   16.64   16.63   15.99   15.46   14.81   14.68   14.32
 1000.00   18.70   19.01   19.01   18.59   17.84   17.06   16.64   16.79   17.15   17.81   17.49   17.78   18.65   18.79   18.59   18.38   18.31   18.37   18.32   17.61   17.12   16.54   16.45   16.05
