#  level#  00:00#  01:00#  02:00#  03:00#  04:00#  05:00#  06:00#  07:00#  08:00#  09:00#  10:00#  11:00#  12:00#  13:00#  14:00#  15:00#  16:00#  17:00#  18:00#  19:00#  20:00#  21:00#  22:00#  23:00
    1.00   -9.07  -10.78  -13.53  -15.72  -16.95  -17.16  -15.37  -14.08  -12.83  -10.34   -7.96   -8.98  -10.84  -10.89   -9.89   -8.64  -10.60  -13.26  -13.60  -12.93  -13.19  -12.77  -13.16  -12.89
    2.00  -12.71  -11.49  -12.00  -13.30  -14.30  -15.74  -16.88  -17.10  -17.93  -19.80  -19.54  -15.08  -14.38  -13.93  -13.86  -12.19   -7.93   -6.98   -7.35   -9.38  -11.15  -12.40  -11.58  -10.82
    3.00  -20.96  -21.44  -20.46  -19.63  -20.22  -20.56  -22.22  -21.54  -20.19  -20.23  -22.27  -23.13  -23.17  -21.99  -21.48  -22.63  -21.10  -19.81  -19.30  -18.14  -18.10  -19.16  -19.77  -20.09
   10.00  -42.46  -42.28  -42.27  -40.55  -41.00  -40.28  -41.37  -42.38  -42.87  -42.81  -42.00  -41.27  -41.86  -41.17  -40.40  -39.21  -39.06  -40.06  -40.31  -41.05  -42.07  -42.79  -41.98  -40.81
   20.00  -47.92  -48.79  -48.50  -48.42  -46.41  -47.44  -47.75  -46.38  -45.93  -46.50  -46.97  -46.72  -46.69  -47.93  -48.49  -47.94  -47.34  -46.60  -46.73  -46.11  -44.88  -43.76  -44.91  -46.04
   30.00  -50.30  -50.63  -51.04  -51.83  -52.57  -51.54  -51.78  -52.60  -52.55  -51.34  -50.71  -50.70  -50.89  -50.86  -51.70  -52.16  -52.15  -51.58  -50.83  -50.77  -51.14  -51.13  -50.53  -50.75
   50.00  -56.64  -56.02  -56.06  -56.13  -56.15  -56.36  -56.30  -55.98  -55.98  -56.52  -56.73  -56.78  -56.83  -56.68  -55.72  -55.29  -55.49  -55.47  -55.78  -55.89  -56.02  -56.29  -56.61  -56.40
   70.00  -59.61  -59.12  -58.48  -58.44  -58.77  -58.85  -58.92  -59.04  -58.65  -58.25  -58.14  -58.34  -58.58  -58.99  -59.23  -58.58  -58.47  -58.68  -58.41  -58.32  -57.91  -57.50  -57.47  -57.62
  100.00  -59.68  -60.04  -60.18  -59.64  -59.44  -59.77  -59.86  -59.89  -59.94  -59.91  -59.58  -59.49  -59.56  -59.45  -59.62  -59.99  -59.41  -59.21  -59.28  -59.16  -59.34  -59.42  -59.32  -59.43
  125.00  -57.94  -58.23  -59.02  -59.51  -59.39  -59.32  -59.30  -59.14  -59.05  -59.00  -59.30  -59.35  -59.18  -59.08  -58.91  -59.31  -60.21  -60.47  -60.67  -60.64  -60.47  -60.42  -60.09  -59.92
  150.00  -58.86  -58.88  -59.07  -59.54  -60.24  -60.88  -61.45  -61.88  -62.20  -62.30  -62.01  -61.75  -62.04  -62.43  -62.62  -62.10  -61.51  -61.47  -61.45  -61.55  -61.51  -61.58  -61.54  -61.48
  175.00  -62.07  -62.73  -63.08  -62.91  -62.51  -62.31  -62.40  -62.57  -62.70  -62.86  -62.98  -62.72  -62.39  -62.35  -62.47  -62.83  -62.82  -62.68  -62.82  -63.09  -63.36  -63.51  -64.01  -64.19
  200.00  -58.68  -58.67  -58.78  -58.73  -58.54  -58.37  -58.38  -58.52  -58.66  -58.79  -58.74  -58.81  -58.69  -58.54  -58.35  -58.34  -58.65  -58.84  -59.25  -59.75  -59.83  -59.66  -59.59  -59.75
  225.00  -53.47  -53.51  -53.68  -53.88  -54.01  -53.96  -53.94  -54.03  -54.18  -54.33  -54.23  -54.38  -54.46  -54.46  -54.38  -54.21  -54.36  -54.53  -54.41  -54.37  -54.66  -54.86  -54.87  -54.96
  250.00  -48.25  -48.20  -48.31  -48.48  -48.58  -48.61  -48.65  -48.74  -48.87  -49.02  -49.03  -49.23  -49.40  -49.50  -49.56  -49.46  -49.33  -49.32  -49.15  -48.89  -48.89  -48.92  -48.99  -48.96
  300.00  -38.03  -37.99  -38.11  -38.46  -38.82  -39.05  -39.22  -39.39  -39.53  -39.64  -39.67  -39.69  -39.74  -39.76  -39.76  -39.73  -39.71  -39.61  -39.38  -39.12  -38.93  -38.77  -38.87  -38.78
  350.00  -29.52  -29.66  -29.83  -30.05  -30.19  -30.25  -30.23  -30.19  -30.15  -30.16  -30.53  -30.67  -30.84  -30.86  -30.80  -30.69  -30.58  -30.48  -30.43  -30.42  -30.41  -30.43  -30.51  -30.41
  400.00  -24.67  -24.45  -24.17  -24.03  -23.89  -23.67  -23.47  -23.28  -23.10  -22.96  -23.21  -23.23  -23.35  -23.40  -23.41  -23.37  -23.30  -23.23  -23.27  -23.36  -23.29  -23.18  -23.10  -23.13
  450.00  -18.54  -18.61  -18.57  -18.48  -18.35  -18.14  -17.86  -17.58  -17.30  -17.02  -16.89  -16.66  -16.73  -16.90  -17.04  -17.01  -16.98  -16.97  -17.07  -17.16  -17.05  -16.99  -17.02  -17.11
  500.00  -11.99  -12.03  -12.19  -12.25  -12.23  -12.18  -12.16  -12.13  -12.11  -12.10  -12.03  -11.73  -11.83  -12.03  -12.10  -12.00  -12.01  -12.03  -11.99  -11.94  -11.89  -11.94  -12.08  -12.15
  550.00   -7.01   -6.82   -6.74   -6.68   -6.68   -6.73   -6.79   -6.83   -6.87   -6.95   -6.98   -6.84   -6.80   -6.87   -6.91   -6.88   -6.94   -7.02   -6.97   -6.94   -7.05   -7.14   -7.14   -7.13
  600.00   -3.71   -3.47   -3.23   -3.06   -2.98   -2.90   -2.79   -2.63   -2.49   -2.48   -2.28   -2.21   -2.10   -2.08   -2.10   -2.07   -2.13   -2.22   -2.16   -2.17   -2.33   -2.46   -2.27   -2.30
  650.00   -1.08   -0.97   -0.82   -0.80   -0.88   -0.88   -0.77   -0.37    0.29    0.87    1.51    1.66    1.78    1.89    1.94    2.00    1.97    1.87    1.80    1.57    1.23    1.26    1.51    1.55
  700.00    1.38    1.52    1.68    1.71    1.54    1.37    1.26    1.35    1.81    2.54    3.11    3.63    4.18    4.62    4.73    4.74    4.61    4.42    4.31    4.21    4.40    4.70    4.77    4.48
  750.00    4.67    4.71    4.77    4.68    4.68    4.73    4.67    4.51    4.46    4.59    4.48    5.17    5.79    6.51    6.92    7.03    7.37    7.80    8.08    8.18    8.15    8.18    8.41    8.31
  775.00    6.41    6.43    6.47    6.44    6.47    6.52    6.45    6.30    6.18    6.22    5.97    6.54    7.18    7.89    7.98    8.39    9.05    9.68   10.03   10.05   10.00    9.99   10.22   10.07
  800.00    7.94    7.97    8.09    8.16    8.16    8.16    8.09    8.01    8.07    8.23    7.93    8.37    9.09    8.82    9.06    9.98   10.88   11.49   11.77   11.61   11.45   11.40   11.73   11.59
  825.00    9.11    9.17    9.41    9.60    9.54    9.44    9.39    9.37    9.52    9.77    9.78   10.27   10.15    9.81   10.59   11.75   12.58   13.00   13.11   12.71   12.51   12.45   12.93   12.96
  850.00   10.32   10.30   10.52   10.74   10.66   10.53   10.48   10.46   10.62   10.90   11.02   10.83   10.85   11.31   12.34   13.33   13.91   14.29   14.06   13.59   13.40   13.38   13.98   14.24
  875.00   11.69   11.63   11.76   11.88   11.79   11.65   11.62   11.60   11.69   11.80   11.54   11.69   11.95   12.91   14.00   14.82   15.28   15.46   15.09   14.61   14.38   14.36   14.91   15.28
  900.00   12.95   12.81   12.85   12.94   12.82   12.59   12.57   12.70   12.73   12.52   12.44   13.11   13.70   14.18   15.07   15.53   15.57   16.02   16.02   15.54   15.35   15.31   15.61   15.95
  925.00   14.13   13.88   13.85   13.86   13.75   13.54   13.49   13.57   13.36   13.53   14.32   14.83   15.37   15.93   16.68   17.01   16.80   16.40   16.15   16.10   15.97   15.83   16.07   16.06
  950.00   15.29   15.15   15.04   15.02   14.97   14.84   14.70   14.70   14.70   15.41   15.81   16.69   17.25   17.66   18.12   18.36   18.29   17.88   17.39   16.78   16.39   16.17   16.16   15.86
  975.00   16.49   16.38   16.28   16.17   16.07   15.98   15.82   15.83   16.48   17.25   17.94   18.58   18.90   19.11   19.45   19.60   19.52   19.11   18.53   17.91   17.47   17.25   17.28   16.93
 1000.00   18.24   18.11   17.97   17.88   17.81   17.73   17.63   17.49   17.66   18.57   19.07   19.82   20.12   20.23   20.51   20.74   20.79   20.49   20.07   19.58   19.17   18.99   18.98   18.67
