#  level#  00:00#  01:00#  02:00#  03:00#  04:00#  05:00#  06:00#  07:00#  08:00#  09:00#  10:00#  11:00#  12:00#  13:00#  14:00#  15:00#  16:00#  17:00#  18:00#  19:00#  20:00#  21:00#  22:00#  23:00
    1.00   -4.32   -5.86   -5.96   -5.62   -6.19   -7.18   -8.00   -7.62   -6.98   -6.69   -6.62   -6.37   -6.29   -3.09   -2.17   -1.78   -2.00   -3.45   -3.82   -4.82   -5.47   -4.40   -2.55   -1.58
    2.00    1.04    1.13    1.22   -1.18   -2.88   -3.01   -2.47   -2.70   -3.13   -2.75   -2.60   -1.92   -1.63   -3.30   -3.92   -1.87    1.06    2.57    2.53    2.29    0.46   -0.08   -1.93   -2.26
    3.00   -7.42   -9.29   -7.84   -7.35   -8.72  -10.61  -11.28  -11.24  -11.49  -11.60  -10.92  -10.82   -9.44   -8.14   -9.12  -11.62  -11.08   -9.06   -8.08   -7.38   -8.39   -8.26   -8.23   -9.79
   10.00  -45.21  -44.65  -44.90  -45.52  -46.43  -47.05  -46.42  -46.40  -46.53  -46.21  -45.66  -45.19  -44.54  -44.35  -44.84  -45.52  -45.40  -44.32  -44.16  -45.21  -45.41  -44.42  -43.98  -44.37
   20.00  -53.59  -54.49  -54.89  -55.24  -55.52  -55.33  -55.32  -55.50  -56.01  -55.75  -54.55  -54.03  -54.09  -54.21  -54.29  -54.55  -54.50  -54.42  -54.37  -53.98  -53.37  -53.78  -55.22  -55.79
   30.00  -54.24  -54.09  -54.99  -55.55  -55.67  -54.99  -54.44  -54.03  -53.95  -54.38  -54.74  -54.73  -54.46  -54.15  -53.71  -53.70  -54.06  -54.54  -54.97  -55.37  -55.23  -54.02  -54.22  -54.86
   50.00  -53.13  -52.99  -52.71  -52.80  -53.04  -53.44  -53.65  -53.79  -53.79  -53.59  -53.77  -53.94  -53.95  -53.98  -54.08  -54.06  -53.83  -53.63  -53.63  -53.50  -53.96  -54.34  -53.19  -52.91
   70.00  -54.23  -54.69  -54.80  -54.64  -54.60  -54.85  -55.11  -55.37  -55.53  -55.51  -55.04  -54.93  -54.84  -54.61  -54.64  -54.87  -54.84  -54.77  -54.77  -54.48  -54.21  -54.83  -55.74  -56.01
  100.00  -55.68  -55.45  -55.39  -55.63  -55.59  -55.31  -55.13  -55.14  -55.34  -55.57  -55.49  -55.62  -55.84  -56.05  -56.22  -56.49  -56.78  -56.86  -56.54  -56.47  -56.63  -56.30  -56.43  -57.45
  125.00  -55.50  -56.27  -56.25  -56.26  -56.37  -56.29  -56.18  -56.05  -56.22  -56.64  -56.80  -56.82  -56.92  -57.15  -57.32  -57.45  -57.68  -58.06  -58.19  -58.11  -58.19  -58.30  -57.81  -57.63
  150.00  -56.55  -56.79  -57.17  -57.27  -57.56  -57.67  -57.78  -57.58  -57.34  -57.14  -57.22  -57.25  -57.20  -57.17  -57.12  -57.18  -57.44  -57.91  -58.52  -59.03  -59.44  -60.09  -60.07  -60.11
  175.00  -59.71  -59.84  -60.03  -59.77  -59.12  -58.90  -58.97  -59.11  -59.05  -58.82  -58.63  -58.69  -58.68  -58.84  -59.18  -59.74  -60.60  -61.68  -62.86  -63.80  -64.15  -64.30  -64.79  -65.15
  200.00  -63.87  -63.75  -63.66  -63.37  -62.81  -61.70  -60.57  -59.92  -59.53  -59.20  -59.20  -59.52  -59.97  -60.46  -61.23  -62.45  -63.45  -63.79  -64.02  -64.29  -64.38  -64.20  -64.63  -64.95
  225.00  -61.71  -61.61  -61.38  -61.06  -60.96  -60.78  -60.04  -59.37  -58.92  -58.80  -58.86  -59.02  -59.35  -59.78  -60.14  -60.31  -60.35  -60.83  -61.48  -61.77  -61.75  -61.44  -61.28  -61.08
  250.00  -56.81  -56.58  -56.54  -56.78  -57.24  -57.73  -58.12  -58.17  -58.42  -58.51  -59.10  -58.74  -58.19  -57.62  -57.49  -57.56  -57.54  -57.39  -57.06  -56.56  -56.38  -56.37  -56.36  -56.25
  300.00  -47.86  -47.97  -48.05  -48.29  -48.64  -49.06  -49.49  -49.91  -50.30  -50.67  -50.55  -50.28  -49.96  -49.57  -48.80  -48.07  -47.43  -46.99  -46.91  -46.93  -46.88  -46.72  -46.56  -46.41
  350.00  -39.84  -39.91  -40.04  -40.16  -40.34  -40.59  -40.88  -41.15  -41.16  -41.06  -40.77  -40.81  -41.02  -41.25  -41.21  -40.68  -39.87  -39.16  -38.64  -38.34  -38.20  -38.06  -37.91  -37.79
  400.00  -33.30  -33.45  -33.44  -33.49  -33.66  -33.70  -33.71  -33.72  -33.57  -33.26  -33.24  -33.46  -33.53  -33.54  -33.57  -33.40  -33.01  -32.45  -31.83  -31.42  -31.28  -31.18  -30.97  -30.66
  450.00  -27.27  -27.43  -27.62  -27.83  -27.98  -27.95  -27.81  -27.72  -27.58  -27.33  -26.88  -26.79  -26.91  -26.94  -26.76  -26.51  -26.28  -25.92  -25.50  -25.12  -24.73  -24.44  -24.17  -24.14
  500.00  -22.02  -21.84  -21.70  -21.68  -21.84  -22.13  -22.35  -22.40  -22.42  -22.36  -21.97  -21.53  -21.46  -21.47  -21.33  -21.02  -20.65  -20.24  -19.87  -19.59  -19.31  -18.94  -18.28  -18.21
  550.00  -17.44  -17.37  -17.22  -16.96  -16.73  -16.77  -17.00  -17.18  -17.38  -17.49  -17.43  -17.32  -17.31  -17.13  -16.83  -16.56  -16.27  -15.87  -15.41  -15.18  -15.08  -14.90  -14.47  -14.41
  600.00  -12.87  -12.79  -12.66  -12.47  -12.25  -12.15  -12.16  -12.15  -12.21  -12.26  -12.23  -12.23  -12.22  -12.12  -12.01  -11.90  -11.79  -11.68  -11.48  -11.30  -11.17  -11.05  -10.72  -10.59
  650.00   -9.36   -9.29   -9.08   -8.59   -8.13   -7.99   -7.99   -7.76   -7.56   -7.42   -7.43   -7.43   -7.35   -7.14   -7.02   -6.96   -6.89   -6.87   -6.91   -6.96   -7.01   -7.04   -6.81   -6.65
  700.00   -6.14   -6.08   -5.91   -5.63   -5.28   -5.10   -5.16   -4.90   -4.58   -4.32   -4.40   -4.24   -3.90   -3.27   -2.99   -2.93   -2.82   -2.65   -2.64   -2.70   -2.77   -2.86   -2.85   -2.82
  750.00   -2.68   -2.72   -2.70   -2.58   -2.40   -2.36   -2.46   -2.49   -2.30   -1.97   -1.64   -1.24   -0.78   -0.11    0.33    0.41    0.63    0.88    0.95    0.89    0.79    0.71    0.84    0.91
  775.00   -0.97   -0.98   -0.98   -0.89   -0.74   -0.70   -0.75   -0.77   -0.74   -0.59   -0.08    0.23    0.68    1.40    1.88    1.93    2.06    2.30    2.42    2.42    2.39    2.37    2.58    2.68
  800.00    0.65    0.73    0.78    0.85    0.99    1.03    1.00    1.03    1.11    1.24    1.72    1.80    2.15    3.03    3.41    3.09    3.18    3.53    3.71    3.82    3.91    3.91    4.14    4.24
  825.00    2.27    2.35    2.43    2.51    2.62    2.64    2.63    2.77    2.94    3.09    3.34    3.37    3.73    4.29    4.48    4.15    4.31    4.72    4.99    5.14    5.29    5.32    5.46    5.54
  850.00    3.80    3.82    3.87    3.94    4.04    4.06    4.08    4.27    4.53    4.72    4.75    4.90    5.24    5.38    5.47    5.55    5.78    6.03    6.22    6.39    6.54    6.58    6.58    6.63
  875.00    5.43    5.36    5.28    5.23    5.24    5.26    5.34    5.54    5.86    6.07    6.05    6.50    6.55    6.17    6.42    6.86    7.31    7.42    7.35    7.44    7.57    7.57    7.51    7.53
  900.00    6.62    6.51    6.30    6.20    6.27    6.33    6.45    6.69    6.93    7.29    7.33    6.96    7.16    7.43    7.50    7.90    8.61    8.71    8.46    8.43    8.45    8.43    8.46    8.43
  925.00    6.89    6.63    6.38    6.31    6.42    6.51    6.62    6.91    7.27    7.48    7.05    8.07    8.62    8.87    9.00    8.92    8.91    9.39    9.51    9.46    9.46    9.40    9.53    9.50
  950.00    7.16    6.98    6.87    6.92    6.91    7.01    7.06    7.08    6.89    7.76    8.14    9.10    9.75   10.26   10.41   10.26   10.18    9.92    9.62    9.51    9.86   10.01   10.20   10.31
  975.00    7.88    7.72    7.53    7.35    7.15    6.94    6.88    7.36    8.25    9.30    9.63   10.58   11.08   11.59   11.76   11.61   11.38   11.05   10.67   10.24    9.91    9.68    9.35    9.20
 1000.00    9.97    9.88    9.85    9.79    9.71    9.64    9.53    9.53    9.66   10.62   10.90   11.75   12.04   12.31   12.27   11.98   11.80   11.68   11.48   11.19   11.04   11.04   11.00   11.27
