#  level#  00:00#  01:00#  02:00#  03:00#  04:00#  05:00#  06:00#  07:00#  08:00#  09:00#  10:00#  11:00#  12:00#  13:00#  14:00#  15:00#  16:00#  17:00#  18:00#  19:00#  20:00#  21:00#  22:00#  23:00
    1.00   -4.51   -4.33   -4.52   -6.62   -8.76   -8.28   -7.30   -7.37   -8.97   -9.56   -7.75   -5.77   -5.10   -4.72   -5.13   -5.15   -5.56   -6.62   -7.02   -6.89   -7.23   -7.33   -7.34   -7.82
    2.00   -3.81   -5.13   -7.23   -7.10   -8.60   -9.39   -9.55   -9.22   -9.53   -9.82   -9.26   -8.80   -8.27   -7.03   -6.08   -6.58   -6.93   -6.72   -5.97   -5.23   -5.66   -6.31   -6.81   -7.99
    3.00  -12.42  -11.38  -11.45  -11.78  -13.16  -14.68  -15.02  -14.03  -13.91  -14.36  -15.68  -16.30  -16.74  -16.53  -14.70  -12.98  -12.12  -12.74  -14.50  -15.70  -15.63  -13.87  -14.04  -15.03
   10.00  -35.23  -35.80  -36.53  -37.00  -37.08  -36.91  -36.26  -35.73  -36.53  -37.21  -37.55  -37.47  -37.45  -37.29  -36.57  -35.65  -35.00  -34.94  -35.39  -35.39  -35.79  -36.31  -36.90  -37.61
   20.00  -46.61  -46.43  -46.39  -47.02  -47.77  -47.98  -47.56  -47.02  -46.43  -46.01  -46.28  -46.28  -46.39  -46.29  -46.10  -45.84  -45.48  -44.81  -44.52  -44.76  -45.22  -45.56  -46.24  -46.58
   30.00  -52.64  -53.34  -52.75  -51.83  -51.22  -51.05  -51.68  -52.15  -52.27  -51.92  -51.16  -50.80  -51.19  -51.67  -51.93  -52.03  -52.04  -51.96  -51.38  -50.77  -50.39  -50.07  -49.55  -49.43
   50.00  -59.08  -58.89  -58.28  -57.51  -57.28  -57.42  -57.99  -58.62  -58.65  -58.01  -57.53  -57.82  -58.07  -58.34  -58.59  -58.56  -58.44  -58.33  -58.26  -57.99  -57.53  -57.14  -57.11  -57.45
   70.00  -62.26  -63.00  -63.68  -63.85  -63.98  -64.10  -63.90  -63.65  -63.55  -63.40  -63.47  -63.62  -63.37  -62.95  -62.81  -62.77  -62.74  -62.68  -62.77  -62.79  -62.66  -62.19  -61.21  -60.93
  100.00  -61.57  -61.66  -61.84  -61.90  -61.71  -61.64  -61.72  -61.82  -62.06  -62.19  -62.25  -62.23  -62.37  -62.50  -62.48  -62.47  -62.51  -62.57  -62.63  -62.86  -63.12  -62.97  -63.10  -62.66
  125.00  -58.50  -58.57  -58.72  -59.02  -59.27  -59.48  -59.65  -59.74  -59.95  -60.24  -60.11  -60.26  -60.35  -60.40  -60.16  -59.75  -59.45  -59.28  -59.13  -58.98  -59.15  -59.44  -59.63  -59.45
  150.00  -57.10  -57.53  -58.22  -59.08  -59.64  -59.56  -59.41  -59.24  -59.12  -59.07  -58.68  -58.74  -58.81  -58.84  -58.81  -58.69  -58.67  -58.70  -58.66  -58.55  -58.33  -58.16  -57.88  -57.93
  175.00  -58.47  -58.64  -58.67  -58.64  -58.61  -58.52  -58.35  -58.28  -58.52  -59.08  -59.89  -59.91  -59.78  -59.70  -59.94  -60.08  -59.89  -59.61  -59.16  -58.54  -58.27  -58.53  -58.40  -58.19
  200.00  -55.88  -56.10  -56.05  -56.09  -56.30  -56.53  -56.78  -57.02  -57.15  -57.18  -57.53  -57.53  -57.53  -57.55  -57.60  -57.62  -57.53  -57.35  -57.16  -57.14  -57.17  -57.09  -57.02  -57.18
  225.00  -51.63  -51.79  -51.95  -52.27  -52.64  -52.82  -52.80  -52.71  -52.56  -52.49  -52.56  -52.43  -52.27  -52.03  -51.77  -51.69  -51.74  -51.85  -51.89  -51.92  -52.03  -52.14  -51.85  -51.77
  250.00  -47.84  -47.69  -47.58  -47.54  -47.61  -47.68  -47.70  -47.69  -47.56  -47.39  -47.25  -47.23  -47.21  -47.10  -46.87  -46.65  -46.47  -46.41  -46.48  -46.55  -46.59  -46.60  -46.30  -46.39
  300.00  -39.30  -38.93  -38.48  -38.12  -37.93  -37.83  -37.72  -37.63  -37.56  -37.48  -37.05  -36.94  -36.87  -36.84  -36.79  -36.73  -36.71  -36.70  -36.68  -36.62  -36.57  -36.55  -36.55  -36.65
  350.00  -30.88  -30.39  -29.95  -29.59  -29.28  -29.10  -28.90  -28.69  -28.58  -28.49  -28.36  -28.29  -28.23  -28.18  -28.11  -28.07  -28.09  -28.15  -28.22  -28.19  -28.12  -28.12  -28.47  -28.55
  400.00  -22.95  -22.90  -22.61  -22.25  -21.96  -21.78  -21.51  -21.20  -20.98  -20.79  -20.65  -20.52  -20.44  -20.41  -20.40  -20.50  -20.62  -20.63  -20.62  -20.61  -20.55  -20.48  -20.57  -20.76
  450.00  -15.95  -15.83  -15.71  -15.69  -15.73  -15.73  -15.54  -15.14  -14.73  -14.36  -14.01  -13.91  -13.91  -13.96  -13.96  -13.94  -13.84  -13.70  -13.77  -13.93  -14.00  -14.17  -14.61  -15.37
  500.00  -10.35  -10.26  -10.13  -10.03   -9.97   -9.95   -9.91   -9.76   -9.55   -9.36   -9.41   -9.60   -9.71   -9.68   -9.45   -9.29   -9.29   -9.30   -9.32   -9.37   -9.64  -10.01  -10.23  -10.52
  550.00   -5.65   -5.73   -5.70   -5.53   -5.36   -5.20   -5.04   -4.84   -4.65   -4.53   -4.68   -4.75   -4.76   -4.70   -4.59   -4.53   -4.57   -4.64   -4.71   -4.95   -5.30   -5.63   -5.82   -6.05
  600.00   -1.07   -1.35   -1.51   -1.45   -1.31   -1.14   -0.99   -0.88   -0.75   -0.58   -0.55   -0.52   -0.45   -0.33   -0.29   -0.47   -0.62   -0.78   -0.95   -1.18   -1.40   -1.58   -2.01   -1.90
  650.00    3.39    3.09    2.84    2.79    2.84    2.96    3.07    3.04    2.94    2.93    2.89    3.00    3.03    3.07    3.03    2.93    2.79    2.83    2.82    2.76    2.69    2.61    2.12    2.24
  700.00    7.36    7.09    6.74    6.58    6.58    6.66    6.75    6.70    6.54    6.48    6.50    6.72    6.85    6.74    6.45    6.13    6.40    7.07    7.22    7.22    7.22    7.23    6.80    6.81
  750.00   10.73   10.65   10.57   10.53   10.46   10.40   10.33   10.20   10.01    9.92    9.64    9.94    9.98    9.93   10.56   11.06   11.33   11.50   12.02   12.12   12.08   12.02   11.78   11.60
  775.00   12.91   12.80   12.66   12.58   12.50   12.43   12.32   12.18   12.02   11.95   11.67   11.87   11.75   12.49   13.24   13.75   13.98   14.00   14.34   14.51   14.47   14.36   14.35   14.09
  800.00   15.25   15.06   14.82   14.61   14.50   14.46   14.37   14.23   14.11   14.08   14.13   14.01   14.18   15.13   15.85   16.35   16.60   16.58   16.59   16.86   16.83   16.70   16.79   16.52
  825.00   17.49   17.26   16.93   16.60   16.40   16.32   16.29   16.20   16.06   16.02   16.36   15.93   16.76   17.69   18.41   18.91   19.12   19.09   18.89   19.11   19.15   19.02   19.10   18.86
  850.00   19.49   19.16   18.76   18.38   18.11   17.99   17.95   17.87   17.76   17.72   18.02   18.08   19.22   20.18   20.94   21.47   21.67   21.58   21.30   21.17   21.32   21.26   21.16   21.05
  875.00   21.44   21.02   20.56   20.06   19.67   19.46   19.38   19.30   19.21   19.08   18.88   20.45   21.64   22.59   23.36   23.92   24.15   24.09   23.77   23.38   23.35   23.40   23.19   23.15
  900.00   22.88   22.29   21.72   21.15   20.63   20.22   19.87   19.57   19.28   19.56   21.07   22.83   24.03   24.99   25.77   26.31   26.54   26.44   26.14   25.70   25.36   25.25   25.36   25.11
  925.00   22.59   21.98   21.33   20.70   20.09   19.52   19.11   18.90   20.04   22.11   23.86   25.64   26.91   27.90   28.66   29.15   29.31   29.12   28.65   27.87   26.91   26.14   25.88   25.17
  950.00   24.29   23.71   23.10   22.48   21.88   21.34   20.93   20.73   21.49   23.56   25.30   27.07   28.29   29.23   29.97   30.47   30.63   30.47   30.04   29.40   28.67   28.03   27.83   27.23
  975.00   25.67   25.10   24.50   23.88   23.29   22.76   22.37   22.21   23.01   25.07   26.79   28.55   29.79   30.76   31.50   32.00   32.15   31.99   31.57   30.94   30.20   29.52   29.31   28.70
 1000.00   27.17   26.59   25.98   25.35   24.76   24.21   23.79   23.62   24.42   26.50   28.24   30.00   31.24   32.19   32.93   33.43   33.59   33.44   33.02   32.40   31.66   30.99   30.77   30.16
