#  level#  00:00#  01:00#  02:00#  03:00#  04:00#  05:00#  06:00#  07:00#  08:00#  09:00#  10:00#  11:00#  12:00#  13:00#  14:00#  15:00#  16:00#  17:00#  18:00#  19:00#  20:00#  21:00#  22:00#  23:00
    1.00  -33.09  -31.93  -31.35  -30.55  -29.77  -29.39  -30.38  -31.51  -34.10  -36.16  -36.09  -34.80  -33.35  -30.66  -28.34  -25.87  -25.13  -24.39  -23.18  -22.57  -23.93  -25.53  -26.72  -27.69
    2.00  -36.55  -36.58  -36.92  -37.21  -36.73  -35.53  -35.38  -35.17  -34.57  -35.49  -36.95  -37.82  -38.75  -39.91  -39.75  -38.72  -38.20  -37.16  -35.99  -33.64  -31.54  -31.25  -31.71  -31.15
    3.00  -42.70  -43.83  -43.28  -42.57  -42.96  -41.91  -41.39  -41.42  -41.02  -41.50  -42.72  -43.04  -43.28  -43.83  -44.98  -45.20  -44.65  -44.64  -45.10  -43.90  -42.42  -42.93  -44.45  -44.01
   10.00  -58.20  -59.00  -59.17  -59.27  -60.09  -60.42  -59.67  -59.37  -60.24  -60.05  -58.01  -57.61  -57.31  -57.35  -57.10  -56.89  -57.41  -58.00  -57.74  -57.27  -57.16  -56.96  -56.82  -57.01
   20.00  -56.64  -57.06  -57.79  -58.07  -57.71  -57.49  -57.40  -57.42  -57.38  -57.70  -57.74  -57.61  -57.18  -56.77  -55.89  -55.09  -55.04  -55.52  -56.15  -56.97  -57.75  -57.96  -57.41  -57.33
   30.00  -54.79  -54.45  -54.50  -54.88  -54.65  -54.17  -54.28  -55.29  -56.36  -57.17  -56.86  -56.01  -54.77  -54.25  -54.61  -55.16  -55.73  -56.13  -55.85  -55.17  -54.94  -55.16  -55.24  -55.73
   50.00  -55.87  -55.65  -54.96  -54.78  -55.29  -55.98  -56.34  -55.83  -55.26  -54.90  -54.98  -55.70  -56.56  -56.92  -57.13  -57.11  -56.97  -56.91  -57.20  -57.09  -56.64  -56.08  -55.69  -55.10
   70.00  -56.87  -57.34  -57.75  -57.96  -58.32  -58.46  -58.61  -58.30  -57.80  -57.57  -56.94  -57.26  -57.95  -58.21  -58.46  -58.79  -59.29  -59.35  -59.25  -58.76  -58.01  -57.67  -57.34  -57.45
  100.00  -56.90  -57.18  -57.59  -57.72  -57.94  -58.16  -58.43  -58.80  -59.15  -59.61  -60.26  -60.24  -60.40  -60.65  -60.66  -60.45  -60.28  -60.22  -60.40  -60.80  -61.18  -61.11  -60.39  -60.00
  125.00  -56.40  -56.40  -56.81  -57.22  -57.47  -57.57  -57.71  -57.89  -57.81  -57.64  -57.68  -57.55  -57.40  -57.23  -56.98  -56.68  -56.41  -56.20  -56.08  -56.07  -56.15  -56.18  -55.35  -55.08
  150.00  -55.34  -55.10  -54.88  -54.79  -54.81  -54.78  -54.66  -54.65  -54.57  -54.23  -53.29  -52.75  -52.56  -52.64  -52.59  -52.27  -52.01  -51.87  -51.74  -51.66  -51.83  -52.24  -52.05  -51.99
  175.00  -53.06  -52.86  -52.46  -52.05  -51.72  -51.42  -51.20  -51.35  -51.60  -51.78  -51.01  -50.68  -50.26  -50.14  -50.54  -50.71  -50.55  -50.21  -49.93  -49.80  -49.76  -49.65  -49.51  -49.29
  200.00  -52.94  -52.63  -52.34  -52.24  -51.98  -51.45  -50.81  -50.70  -50.92  -51.28  -51.20  -51.24  -50.85  -50.64  -51.20  -51.91  -52.07  -51.85  -51.31  -50.60  -50.10  -49.78  -49.75  -49.37
  225.00  -54.69  -55.06  -55.17  -55.16  -55.39  -55.66  -55.39  -54.78  -54.31  -53.88  -53.91  -54.16  -54.36  -54.44  -54.38  -54.89  -55.72  -56.36  -56.61  -56.25  -55.56  -55.01  -55.75  -55.95
  250.00  -54.93  -55.32  -55.60  -55.47  -55.11  -54.80  -54.64  -54.60  -54.61  -54.39  -54.29  -54.38  -54.64  -54.88  -54.87  -55.05  -55.64  -56.28  -56.77  -57.02  -57.16  -57.23  -57.85  -57.63
  300.00  -49.13  -49.07  -48.88  -48.81  -48.94  -49.16  -49.46  -49.68  -49.69  -49.45  -48.93  -48.76  -48.51  -48.16  -47.97  -47.78  -47.55  -47.38  -47.38  -47.51  -47.66  -47.81  -47.76  -47.95
  350.00  -40.56  -40.26  -40.08  -40.07  -40.16  -40.22  -40.26  -40.35  -40.44  -40.40  -40.23  -39.93  -39.58  -39.22  -39.00  -38.94  -38.90  -38.83  -38.76  -38.73  -38.76  -38.79  -38.55  -38.62
  400.00  -36.18  -35.51  -34.79  -34.09  -33.65  -33.41  -33.17  -32.99  -32.93  -32.80  -32.72  -32.41  -32.12  -31.79  -31.51  -31.37  -31.21  -30.97  -30.79  -30.73  -30.76  -30.78  -30.32  -30.40
  450.00  -30.77  -30.72  -30.59  -30.20  -29.63  -29.18  -28.80  -28.33  -27.93  -27.64  -27.22  -26.79  -26.53  -26.25  -25.80  -25.44  -25.13  -24.80  -24.45  -24.34  -24.46  -24.53  -24.29  -24.33
  500.00  -23.94  -23.95  -24.01  -24.05  -24.02  -23.96  -23.89  -23.68  -23.31  -22.90  -22.44  -22.19  -22.09  -21.94  -21.53  -21.01  -20.55  -20.21  -20.00  -20.02  -20.05  -19.86  -19.76  -19.64
  550.00  -17.79  -17.88  -18.00  -18.02  -18.00  -18.02  -18.09  -18.09  -18.01  -17.87  -17.65  -17.43  -17.30  -17.19  -17.04  -16.80  -16.48  -16.12  -15.90  -15.81  -15.64  -15.37  -15.42  -15.55
  600.00  -13.16  -13.29  -13.36  -13.24  -13.08  -13.06  -13.19  -13.25  -13.22  -13.15  -12.81  -12.57  -12.40  -12.32  -12.26  -12.24  -12.20  -12.13  -12.13  -12.07  -11.91  -11.78  -11.93  -12.15
  650.00   -9.53   -9.56   -9.53   -9.33   -9.11   -9.05   -9.23   -9.41   -9.44   -9.45   -9.18   -8.99   -8.79   -8.71   -8.73   -8.80   -8.86   -8.91   -9.00   -8.94   -8.75   -8.74   -8.89   -9.20
  700.00   -6.34   -6.44   -6.49   -6.36   -6.15   -6.02   -6.07   -6.15   -6.22   -6.35   -6.56   -6.75   -6.72   -6.43   -6.11   -5.84   -5.67   -5.60   -5.66   -5.65   -5.58   -5.66   -5.73   -6.20
  750.00   -3.65   -3.66   -3.55   -3.30   -3.07   -2.85   -2.73   -2.72   -2.76   -2.84   -3.17   -3.39   -3.34   -3.13   -2.90   -2.70   -2.54   -2.36   -2.29   -2.10   -1.93   -1.94   -1.72   -1.90
  775.00   -2.12   -2.15   -2.00   -1.67   -1.43   -1.23   -1.13   -1.13   -1.13   -1.13   -1.52   -1.60   -1.49   -1.21   -1.00   -1.01   -0.85   -0.68   -0.68   -0.49   -0.29   -0.33   -0.01   -0.03
  800.00   -0.46   -0.48   -0.37   -0.11    0.10    0.29    0.36    0.39    0.45    0.55    0.11    0.19    0.41    0.64    0.38    0.47    0.65    0.86    0.91    1.10    1.23    1.08    1.44    1.59
  825.00    1.23    1.20    1.25    1.40    1.57    1.73    1.85    1.93    2.02    2.16    1.74    1.96    2.19    1.69    1.46    1.71    1.83    2.17    2.37    2.60    2.67    2.45    2.74    3.01
  850.00    3.01    2.92    2.90    2.97    3.08    3.21    3.35    3.47    3.63    3.80    3.46    3.65    2.97    2.76    2.67    2.67    2.96    3.33    3.49    3.64    3.64    3.48    3.72    4.10
  875.00    4.59    4.52    4.42    4.44    4.50    4.63    4.77    4.94    5.08    5.20    4.83    4.60    4.47    4.18    4.25    4.37    4.28    4.33    4.24    4.13    4.01    3.88    4.10    4.42
  900.00    6.08    6.02    5.96    5.97    5.97    5.98    6.02    6.10    6.10    5.99    5.54    5.66    5.92    6.22    6.51    6.55    6.25    5.80    5.39    5.14    4.94    4.75    4.73    4.55
  925.00    7.63    7.57    7.55    7.54    7.48    7.40    7.36    7.35    7.41    7.27    6.81    6.81    7.56    8.27    8.70    8.72    8.41    7.81    7.16    6.78    6.56    6.40    6.33    5.89
  950.00    8.80    8.75    8.69    8.63    8.55    8.48    8.43    8.29    8.11    7.94    7.83    8.72    9.75   10.40   10.81   10.90   10.60    9.94    9.16    8.63    8.36    8.17    8.09    7.70
  975.00   10.10   10.07   10.01    9.96    9.89    9.81    9.75    9.64    9.51    9.34    9.18   10.15   11.34   12.02   12.37   12.48   12.22   11.62   10.83   10.29    9.99    9.80    9.72    9.35
 1000.00   11.65   11.57   11.40   11.27   11.00   10.73   10.47   10.23   10.10   10.10   10.39   11.72   13.03   13.69   14.01   14.07   13.79   13.26   12.46   11.92   11.62   11.42   11.35   10.99
