#  level#  00:00#  01:00#  02:00#  03:00#  04:00#  05:00#  06:00#  07:00#  08:00#  09:00#  10:00#  11:00#  12:00#  13:00#  14:00#  15:00#  16:00#  17:00#  18:00#  19:00#  20:00#  21:00#  22:00#  23:00
    1.00  -29.44  -28.81  -28.97  -28.37  -26.25  -23.01  -20.88  -20.06  -19.08  -17.77  -17.29  -16.44  -16.56  -16.79  -15.39  -15.47  -16.30  -16.01  -14.71  -14.82  -16.74  -18.72  -20.06  -21.32
    2.00  -15.02  -16.18  -18.56  -20.37  -22.16  -23.73  -25.21  -26.38  -26.79  -26.47  -26.44  -24.58  -21.58  -21.85  -21.02  -20.11  -20.68  -21.92  -21.33  -18.50  -16.18  -16.08  -17.13  -16.76
    3.00  -22.28  -22.62  -22.77  -22.43  -23.25  -24.97  -26.34  -26.40  -26.72  -27.23  -28.22  -27.97  -27.15  -26.72  -26.49  -26.08  -25.27  -25.73  -26.52  -25.78  -24.77  -24.68  -24.75  -24.28
   10.00  -54.83  -54.74  -54.23  -53.45  -54.05  -55.16  -55.11  -54.53  -54.11  -54.08  -53.06  -52.76  -54.09  -55.05  -55.34  -55.12  -54.19  -53.85  -53.64  -53.76  -54.57  -55.85  -55.82  -55.87
   20.00  -65.24  -64.70  -64.46  -64.40  -63.53  -62.77  -63.29  -64.23  -64.56  -64.34  -64.75  -64.78  -64.09  -63.78  -63.74  -64.00  -63.25  -62.30  -62.57  -63.31  -63.72  -63.75  -63.97  -64.07
   30.00  -64.24  -64.63  -65.24  -66.42  -67.61  -68.18  -67.78  -67.08  -66.91  -66.67  -65.40  -65.24  -65.13  -65.68  -66.26  -66.71  -66.92  -66.71  -66.69  -66.94  -67.18  -67.15  -67.11  -67.29
   50.00  -65.41  -65.73  -65.79  -65.38  -65.32  -65.63  -66.12  -66.53  -66.72  -66.75  -66.73  -67.27  -67.50  -67.22  -66.78  -66.66  -66.83  -66.88  -66.74  -66.74  -67.07  -67.34  -67.30  -67.27
   70.00  -65.26  -65.77  -66.36  -66.46  -66.22  -66.18  -66.24  -66.04  -65.63  -65.22  -64.52  -64.19  -64.61  -65.59  -66.12  -66.02  -65.99  -66.58  -66.90  -66.60  -66.73  -67.20  -67.16  -66.96
  100.00  -64.56  -64.61  -64.75  -64.81  -64.97  -65.09  -65.14  -65.18  -65.37  -65.69  -65.57  -65.28  -64.92  -65.02  -65.33  -65.63  -65.44  -65.05  -65.20  -65.10  -64.48  -64.32  -63.94  -63.87
  125.00  -63.26  -63.66  -63.55  -63.31  -63.13  -63.03  -62.97  -62.83  -62.67  -62.61  -62.62  -62.92  -62.70  -62.23  -61.85  -61.80  -61.85  -61.68  -61.67  -62.23  -62.35  -62.21  -62.38  -62.59
  150.00  -60.38  -60.28  -60.48  -60.57  -60.31  -60.00  -59.78  -59.66  -59.60  -59.63  -59.91  -60.04  -60.19  -60.19  -59.84  -59.29  -58.97  -59.12  -59.21  -59.66  -60.35  -60.54  -60.46  -60.69
  175.00  -57.82  -57.60  -57.68  -58.19  -58.71  -58.73  -58.42  -58.04  -57.68  -57.48  -57.45  -57.64  -57.91  -58.19  -58.24  -58.17  -58.08  -58.23  -58.74  -58.95  -59.33  -59.67  -59.63  -59.98
  200.00  -58.56  -58.24  -57.73  -57.73  -58.21  -58.66  -58.96  -59.23  -59.21  -58.96  -58.12  -57.59  -57.37  -57.65  -58.12  -58.67  -59.06  -59.08  -58.97  -58.97  -58.87  -58.69  -58.49  -59.05
  225.00  -56.90  -57.26  -57.65  -57.57  -57.20  -57.30  -57.54  -57.64  -57.85  -58.16  -58.21  -58.10  -57.89  -57.99  -58.22  -58.57  -58.77  -58.79  -58.67  -58.23  -57.69  -57.22  -56.92  -57.40
  250.00  -54.66  -54.87  -54.97  -55.04  -54.98  -54.95  -55.11  -55.35  -55.53  -55.73  -55.91  -56.10  -56.23  -56.47  -56.75  -57.02  -57.17  -57.10  -56.95  -56.86  -56.59  -56.16  -56.22  -55.96
  300.00  -47.52  -47.43  -47.32  -47.29  -47.30  -47.22  -47.06  -46.98  -46.98  -47.01  -47.11  -47.18  -47.24  -47.31  -47.41  -47.53  -47.68  -47.86  -48.06  -48.27  -48.44  -48.51  -48.73  -48.79
  350.00  -39.50  -39.45  -39.28  -39.17  -39.14  -39.11  -39.08  -39.07  -39.04  -38.97  -39.10  -39.03  -38.98  -38.88  -38.75  -38.64  -38.65  -38.81  -39.03  -39.35  -39.70  -39.87  -39.90  -39.94
  400.00  -32.09  -32.30  -32.37  -32.39  -32.37  -32.32  -32.27  -32.24  -32.19  -32.07  -31.97  -31.84  -31.77  -31.79  -31.87  -31.84  -31.77  -31.83  -31.97  -32.14  -32.49  -32.71  -32.61  -32.45
  450.00  -26.40  -26.70  -26.90  -27.03  -27.03  -26.94  -26.87  -26.83  -26.77  -26.69  -26.72  -26.63  -26.47  -26.27  -26.14  -26.11  -26.12  -26.15  -26.16  -26.09  -26.16  -26.37  -26.33  -26.09
  500.00  -22.51  -22.50  -22.51  -22.57  -22.61  -22.60  -22.58  -22.56  -22.55  -22.49  -22.73  -22.62  -22.48  -22.23  -21.90  -21.59  -21.38  -21.23  -21.04  -20.71  -20.51  -20.60  -20.65  -20.38
  550.00  -16.83  -16.86  -16.87  -16.91  -16.97  -17.03  -17.06  -17.07  -17.08  -17.09  -17.36  -17.36  -17.35  -17.30  -17.18  -17.00  -16.79  -16.58  -16.34  -16.01  -15.70  -15.61  -15.61  -15.30
  600.00  -11.85  -11.76  -11.66  -11.64  -11.69  -11.78  -11.82  -11.79  -11.76  -11.75  -11.96  -11.95  -11.87  -11.79  -11.71  -11.63  -11.58  -11.50  -11.36  -11.15  -10.93  -10.87  -10.65  -10.36
  650.00   -7.97   -7.77   -7.54   -7.43   -7.48   -7.63   -7.78   -7.80   -7.74   -7.64   -7.89   -7.84   -7.68   -7.48   -7.31   -7.17   -7.14   -7.14   -7.08   -6.87   -6.68   -6.64   -6.27   -6.04
  700.00   -4.50   -4.35   -4.13   -3.97   -4.03   -4.26   -4.60   -4.78   -4.72   -4.50   -4.41   -4.39   -4.24   -4.11   -4.09   -4.05   -3.97   -3.81   -3.59   -3.31   -3.07   -3.03   -2.71   -2.61
  750.00   -3.78   -3.44   -3.06   -2.69   -2.57   -2.64   -2.93   -3.19   -3.37   -3.49   -2.88   -2.77   -2.50   -2.08   -1.71   -1.44   -1.28   -1.17   -1.00   -0.67   -0.31   -0.17   -0.06    0.05
  775.00   -3.31   -3.06   -2.65   -2.20   -1.84   -1.58   -1.52   -1.54   -1.58   -1.62   -1.29   -1.21   -0.91   -0.46   -0.09    0.11    0.11    0.04    0.06    0.31    0.66    0.90    1.15    1.31
  800.00   -1.66   -1.76   -1.63   -1.27   -0.86   -0.44   -0.14    0.01    0.09    0.12    0.05    0.12    0.44    0.99    1.29    1.33    1.25    1.16    1.15    1.32    1.59    1.83    2.12    2.29
  825.00   -0.00   -0.13   -0.09    0.04    0.24    0.54    0.84    1.05    1.19    1.29    1.11    1.25    1.67    2.16    2.50    2.65    2.56    2.39    2.41    2.60    2.80    2.91    3.20    3.38
  850.00    1.86    1.72    1.70    1.77    1.84    1.91    2.02    2.12    2.22    2.32    2.13    2.30    2.60    3.17    3.22    3.28    3.35    3.53    3.73    3.98    4.18    4.36    4.75    4.71
  875.00    3.90    3.76    3.74    3.80    3.87    3.94    4.00    4.06    4.10    4.13    3.42    3.57    3.62    3.90    4.61    5.10    5.35    5.49    5.50    5.55    5.71    5.81    6.17    6.14
  900.00    5.24    4.95    4.80    4.79    4.82    4.85    4.90    4.98    5.06    5.26    4.66    4.46    5.06    6.09    6.92    7.42    7.62    7.70    7.59    7.29    6.90    6.51    6.64    6.50
  925.00    6.12    5.67    5.33    5.00    4.70    4.45    4.35    4.26    4.21    4.24    4.27    5.68    7.29    8.48    9.29    9.76    9.87    9.79    9.43    8.82    7.89    6.95    6.61    5.89
  950.00    6.79    6.24    5.80    5.42    5.07    4.79    4.59    4.43    4.29    4.68    5.55    7.43    9.03   10.21   11.02   11.46   11.42   11.03   10.41    9.61    8.66    7.76    7.49    6.84
  975.00    8.50    8.00    7.64    7.26    6.84    6.51    6.28    6.12    5.89    5.94    6.82    8.72   10.35   11.49   12.30   12.76   12.83   12.73   12.35   11.54   10.46    9.42    9.07    8.39
 1000.00    9.88    9.37    9.00    8.62    8.21    7.87    7.65    7.48    7.25    7.31    8.21   10.09   11.70   12.86   13.67   14.12   14.20   14.11   13.72   12.91   11.83   10.80   10.46    9.78
