#  level#  00:00#  01:00#  02:00#  03:00#  04:00#  05:00#  06:00#  07:00#  08:00#  09:00#  10:00#  11:00#  12:00#  13:00#  14:00#  15:00#  16:00#  17:00#  18:00#  19:00#  20:00#  21:00#  22:00#  23:00
    1.00  -14.63  -15.69  -16.51  -16.56  -16.74  -16.34  -14.86  -13.43  -11.02   -8.90   -6.91   -6.33   -5.93   -4.96   -4.41   -4.17   -4.45   -6.57   -7.90   -8.51   -8.97   -9.09   -9.55  -11.36
    2.00   -9.98  -10.42  -12.15  -13.44  -14.18  -14.15  -14.72  -15.35  -15.76  -15.15  -12.91  -10.66   -8.84   -7.16   -5.79   -6.32   -6.47   -4.64   -3.04   -2.79   -3.30   -3.24   -3.60   -3.16
    3.00  -11.42  -11.46  -13.22  -14.32  -16.01  -18.30  -19.30  -21.50  -21.99  -21.65  -21.44  -20.25  -20.48  -20.15  -18.71  -17.23  -18.15  -17.64  -17.39  -15.18  -13.21  -11.31  -11.05  -11.52
   10.00  -54.63  -54.64  -55.24  -55.77  -55.95  -55.82  -55.88  -55.86  -54.59  -53.40  -52.78  -51.97  -51.47  -52.20  -53.01  -54.14  -55.10  -56.02  -57.12  -57.74  -57.55  -56.99  -56.85  -57.27
   20.00  -52.58  -53.32  -52.81  -52.68  -52.88  -52.57  -52.81  -53.17  -53.54  -53.48  -53.31  -52.95  -53.39  -53.69  -53.64  -53.95  -53.70  -53.36  -52.83  -52.26  -51.49  -50.61  -50.68  -50.77
   30.00  -54.14  -53.02  -53.31  -53.57  -53.19  -53.47  -52.81  -52.50  -52.73  -52.94  -52.86  -52.37  -52.85  -52.68  -52.11  -51.41  -51.15  -51.00  -51.22  -51.11  -51.19  -51.02  -49.66  -49.68
   50.00  -57.34  -58.09  -58.82  -59.43  -60.09  -59.82  -59.38  -58.62  -58.26  -57.89  -57.68  -57.67  -57.84  -58.51  -59.15  -59.43  -59.51  -59.45  -59.09  -59.01  -59.43  -59.85  -60.30  -60.55
   70.00  -62.61  -62.33  -62.29  -62.33  -62.67  -62.74  -62.61  -62.62  -62.15  -61.71  -60.47  -60.12  -60.36  -60.98  -61.70  -62.65  -63.02  -62.96  -62.70  -61.99  -61.59  -61.41  -60.83  -61.47
  100.00  -63.09  -63.67  -64.11  -64.18  -64.06  -63.77  -63.42  -63.39  -63.57  -63.66  -63.85  -64.12  -64.41  -64.62  -64.67  -64.16  -63.50  -63.46  -63.92  -64.51  -64.49  -64.11  -64.83  -64.30
  125.00  -64.13  -64.29  -64.26  -64.11  -64.48  -65.06  -65.19  -65.02  -65.09  -65.37  -65.75  -66.06  -66.03  -65.62  -65.02  -64.69  -64.38  -63.83  -63.54  -63.98  -64.60  -64.63  -64.47  -64.20
  150.00  -66.20  -66.20  -65.85  -65.43  -65.47  -66.24  -66.67  -66.75  -66.63  -66.19  -66.33  -66.29  -65.78  -65.36  -65.38  -66.03  -66.55  -66.93  -66.97  -66.46  -65.77  -65.70  -65.09  -64.56
  175.00  -66.63  -65.88  -66.05  -66.14  -66.33  -66.11  -66.43  -66.79  -67.05  -67.37  -67.89  -68.15  -68.58  -68.69  -68.82  -69.10  -69.29  -69.17  -68.63  -68.08  -67.42  -66.61  -66.58  -66.41
  200.00  -64.25  -63.83  -63.69  -63.77  -63.93  -64.40  -64.71  -64.84  -65.06  -65.41  -65.95  -66.21  -66.00  -66.22  -66.59  -66.58  -66.56  -66.53  -66.28  -65.76  -65.36  -65.16  -65.25  -65.63
  225.00  -60.32  -59.93  -59.57  -59.71  -59.77  -60.01  -60.49  -60.94  -61.28  -61.55  -61.50  -61.21  -61.22  -61.28  -61.07  -60.86  -60.67  -60.39  -60.11  -59.96  -59.76  -59.90  -60.34  -60.93
  250.00  -55.97  -55.90  -55.56  -55.38  -55.21  -55.10  -55.35  -55.81  -55.96  -56.08  -55.83  -55.52  -55.61  -55.32  -54.91  -54.63  -54.46  -54.36  -54.40  -54.43  -54.50  -54.89  -55.17  -55.50
  300.00  -47.71  -47.23  -47.20  -47.29  -47.47  -47.22  -46.46  -46.01  -46.26  -45.89  -45.71  -45.73  -45.52  -45.28  -45.12  -44.88  -44.70  -44.60  -44.72  -45.10  -45.50  -45.75  -46.02  -46.33
  350.00  -38.52  -39.03  -38.93  -38.82  -38.82  -38.65  -38.61  -38.41  -37.76  -37.48  -37.00  -36.88  -36.98  -37.05  -37.06  -36.91  -36.82  -36.74  -36.62  -36.70  -36.89  -37.15  -37.16  -37.64
  400.00  -31.25  -30.85  -31.14  -30.99  -30.71  -30.75  -30.35  -29.99  -29.86  -30.00  -29.74  -29.72  -29.88  -29.91  -30.10  -30.20  -30.20  -30.14  -30.19  -30.33  -30.33  -30.37  -29.78  -30.07
  450.00  -24.66  -24.87  -24.58  -24.45  -24.39  -24.25  -24.21  -23.91  -23.51  -23.57  -23.66  -23.90  -24.13  -24.38  -24.70  -24.91  -24.96  -25.36  -25.76  -25.66  -25.45  -25.19  -24.34  -24.05
  500.00  -18.42  -18.93  -19.38  -19.65  -19.76  -19.75  -19.73  -19.47  -19.24  -18.91  -19.22  -19.12  -19.34  -19.80  -20.11  -20.24  -20.31  -20.45  -20.40  -20.47  -20.57  -20.44  -19.75  -19.30
  550.00  -13.64  -14.37  -15.24  -15.58  -15.68  -15.88  -16.08  -16.00  -15.77  -15.43  -15.44  -14.79  -14.49  -14.34  -14.37  -14.39  -14.25  -14.20  -14.43  -14.63  -14.92  -15.23  -15.12  -14.90
  600.00  -10.32  -10.77  -11.17  -11.37  -11.47  -11.53  -11.65  -11.88  -11.81  -11.47  -10.63  -10.00   -9.68   -9.34   -9.18   -9.27   -9.51  -10.04  -10.37  -10.37  -10.22  -10.15  -10.07  -10.10
  650.00   -6.89   -7.03   -7.16   -7.04   -6.90   -6.86   -6.99   -7.28   -7.37   -7.06   -5.74   -5.64   -5.45   -5.33   -5.31   -5.68   -6.17   -6.46   -6.48   -6.31   -5.95   -5.69   -5.28   -5.21
  700.00   -2.86   -2.93   -3.09   -3.10   -2.88   -2.70   -2.63   -2.64   -2.61   -2.45   -1.42   -1.76   -1.69   -1.73   -1.81   -2.07   -2.31   -2.35   -2.30   -2.14   -1.84   -1.59   -1.14   -1.06
  750.00    1.19    1.06    0.83    0.62    0.67    0.83    1.13    1.37    1.51    1.64    1.93    1.81    1.98    1.94    1.94    1.87    1.82    1.77    1.72    1.77    2.01    2.12    1.96    2.09
  775.00    3.05    2.92    2.67    2.43    2.37    2.49    2.82    3.14    3.30    3.41    3.57    3.64    3.74    3.75    3.76    3.71    3.65    3.59    3.50    3.60    3.81    3.79    3.48    3.46
  800.00    4.63    4.58    4.43    4.24    4.14    4.17    4.46    4.79    4.93    5.10    5.35    5.44    5.47    5.37    5.28    5.24    5.17    5.09    5.06    5.15    5.27    5.14    4.79    4.63
  825.00    5.69    5.80    5.86    5.91    5.90    5.84    6.01    6.28    6.43    6.59    6.86    6.90    6.90    6.45    6.25    6.37    6.44    6.36    6.33    6.30    6.18    5.83    5.54    5.41
  850.00    6.11    6.65    7.00    7.31    7.52    7.53    7.53    7.66    7.72    7.68    7.77    7.83    7.69    6.92    6.80    6.97    7.16    7.28    7.29    7.01    6.54    6.03    5.58    5.83
  875.00    6.02    6.91    7.59    8.27    8.66    8.79    8.70    8.70    8.47    8.04    7.82    7.93    7.58    6.77    6.85    7.05    7.55    7.79    7.71    7.51    7.15    6.73    6.17    6.32
  900.00    6.14    6.89    7.59    8.55    9.16    9.40    9.31    9.01    8.34    7.67    7.46    7.28    6.77    6.73    7.12    7.66    8.08    8.24    8.21    8.15    7.97    7.78    7.24    7.26
  925.00    6.56    6.83    7.19    7.86    8.30    8.42    8.41    8.19    7.75    7.32    7.23    7.22    7.39    7.72    8.26    8.82    9.25    9.38    9.32    9.12    9.01    8.95    8.54    8.40
  950.00    7.82    7.73    7.72    8.08    8.42    8.55    8.58    8.48    8.16    7.87    8.15    8.40    8.84    9.54   10.21   10.74   10.88   10.76   10.54   10.27   10.13   10.03    9.32    9.30
  975.00    7.25    8.40    8.72    8.71    8.88    9.04    9.16    9.18    9.01    8.88    9.21    9.67   10.41   11.29   12.05   12.46   12.53   12.35   12.06   11.76   11.57   11.48   10.73   10.66
 1000.00   10.53   10.24   10.08   10.05   10.11   10.16   10.23   10.29   10.25   10.22   10.70   11.30   12.09   12.99   13.76   14.15   14.16   13.90   13.60   13.31   13.03   12.79   11.99   12.00
