#  level#  00:00#  01:00#  02:00#  03:00#  04:00#  05:00#  06:00#  07:00#  08:00#  09:00#  10:00#  11:00#  12:00#  13:00#  14:00#  15:00#  16:00#  17:00#  18:00#  19:00#  20:00#  21:00#  22:00#  23:00
    1.00  -17.79  -17.91  -19.90  -21.59  -22.58  -22.08  -21.56  -21.56  -21.18  -20.68  -21.28  -21.25  -19.36  -17.77  -17.19  -18.05  -18.99  -19.99  -20.87  -21.43  -21.72  -21.68  -19.66  -17.26
    2.00  -13.95  -14.86  -15.72  -15.86  -15.82  -15.81  -15.30  -14.88  -14.60  -15.06  -13.63  -14.11  -14.55  -12.87  -11.68  -11.29  -11.83  -12.19  -10.96  -10.61   -9.24   -9.80  -12.96  -15.10
    3.00  -12.12  -11.50  -12.69  -14.38  -15.98  -16.87  -17.25  -18.09  -18.42  -17.30  -16.83  -15.36  -14.13  -14.41  -15.28  -14.61  -12.69  -12.64  -12.65  -13.28  -14.14  -14.44  -15.10  -16.28
   10.00  -45.78  -45.66  -46.64  -47.28  -47.30  -47.16  -46.08  -45.58  -44.69  -44.17  -44.90  -45.21  -46.10  -45.90  -45.21  -45.91  -46.75  -46.82  -46.43  -45.21  -44.94  -46.23  -46.95  -46.67
   20.00  -56.08  -56.25  -56.70  -57.19  -57.63  -57.87  -57.55  -57.11  -57.31  -57.67  -57.31  -56.23  -55.92  -56.56  -57.42  -57.43  -56.92  -56.51  -56.00  -55.95  -55.60  -55.52  -56.30  -57.50
   30.00  -60.02  -60.45  -61.23  -61.63  -61.77  -62.04  -62.07  -61.76  -61.43  -61.12  -60.71  -60.57  -60.45  -60.48  -60.70  -61.16  -61.34  -61.48  -61.47  -61.28  -61.23  -60.67  -58.94  -58.76
   50.00  -65.64  -65.19  -65.03  -65.17  -65.51  -65.48  -65.40  -65.45  -65.51  -65.54  -65.20  -65.07  -64.81  -64.80  -64.80  -64.94  -65.15  -65.15  -65.00  -64.82  -64.46  -64.37  -64.45  -64.46
   70.00  -65.61  -65.78  -66.34  -66.62  -66.74  -66.82  -66.63  -66.33  -65.85  -65.34  -65.12  -65.52  -65.49  -65.35  -65.29  -65.34  -65.34  -65.36  -65.39  -65.42  -65.09  -64.97  -64.75  -64.77
  100.00  -64.91  -64.84  -64.76  -64.41  -63.97  -63.69  -63.52  -63.39  -63.21  -63.01  -63.36  -63.00  -62.94  -62.62  -62.21  -61.93  -61.71  -61.58  -61.56  -61.66  -61.66  -61.45  -61.35  -61.35
  125.00  -59.52  -59.37  -59.28  -59.15  -59.06  -59.00  -58.91  -58.81  -58.61  -58.58  -58.29  -58.09  -58.11  -58.29  -58.20  -58.13  -58.18  -58.18  -58.03  -57.89  -57.95  -57.95  -57.93  -58.05
  150.00  -53.89  -53.69  -53.63  -53.57  -53.45  -53.38  -53.44  -53.68  -53.81  -53.91  -53.51  -53.43  -53.35  -53.61  -53.90  -54.03  -54.22  -54.50  -54.63  -54.57  -54.53  -54.53  -54.13  -54.23
  175.00  -50.25  -50.36  -50.45  -50.65  -50.84  -50.97  -51.01  -51.10  -51.22  -51.25  -50.75  -50.78  -50.82  -50.84  -51.20  -51.77  -52.20  -52.57  -53.07  -53.60  -54.16  -54.79  -54.50  -54.54
  200.00  -49.00  -49.48  -50.16  -50.83  -51.45  -51.79  -51.92  -51.91  -51.70  -51.78  -52.22  -52.64  -53.20  -53.55  -54.03  -54.69  -55.23  -55.86  -56.46  -56.89  -57.02  -57.08  -57.08  -58.06
  225.00  -54.37  -54.44  -54.73  -55.02  -55.32  -55.95  -56.43  -56.62  -56.72  -56.81  -56.53  -55.82  -55.86  -56.46  -56.46  -56.30  -56.41  -56.39  -56.34  -56.29  -56.39  -56.65  -57.01  -57.25
  250.00  -57.41  -57.72  -57.86  -58.23  -58.54  -58.56  -58.35  -58.46  -58.84  -58.82  -58.23  -57.77  -57.34  -56.79  -56.42  -56.32  -55.99  -55.52  -55.44  -55.47  -55.62  -55.80  -55.98  -55.63
  300.00  -48.26  -48.27  -48.43  -48.64  -48.88  -49.15  -49.43  -49.44  -49.44  -49.75  -49.70  -49.99  -50.24  -50.46  -50.63  -50.66  -50.60  -50.45  -50.27  -50.05  -49.73  -49.44  -49.48  -49.47
  350.00  -39.86  -39.92  -40.03  -40.19  -40.31  -40.45  -40.62  -40.87  -41.07  -41.13  -41.08  -41.29  -41.43  -41.65  -41.89  -42.08  -42.24  -42.29  -42.31  -42.30  -42.18  -41.95  -41.93  -41.73
  400.00  -31.97  -32.11  -32.28  -32.42  -32.51  -32.70  -32.90  -33.02  -33.17  -33.32  -33.60  -33.80  -33.92  -34.01  -34.11  -34.25  -34.41  -34.48  -34.48  -34.50  -34.53  -34.48  -34.47  -34.32
  450.00  -26.12  -26.26  -26.27  -26.22  -26.22  -26.25  -26.29  -26.39  -26.60  -26.85  -27.29  -27.43  -27.50  -27.51  -27.42  -27.37  -27.42  -27.52  -27.58  -27.60  -27.59  -27.53  -27.39  -27.35
  500.00  -21.16  -21.24  -21.27  -21.22  -21.18  -21.20  -21.14  -21.12  -21.13  -21.18  -21.58  -21.52  -21.48  -21.33  -21.41  -21.36  -21.30  -21.37  -21.41  -21.46  -21.55  -21.60  -21.70  -21.65
  550.00  -15.99  -16.01  -16.00  -16.07  -16.14  -16.21  -16.29  -16.38  -16.32  -16.22  -16.27  -16.15  -16.10  -16.10  -16.12  -16.04  -15.90  -15.90  -15.89  -15.88  -15.98  -16.08  -16.44  -16.43
  600.00  -11.07  -11.06  -11.11  -11.29  -11.49  -11.59  -11.58  -11.63  -11.79  -11.86  -11.67  -11.58  -11.66  -11.69  -11.70  -11.67  -11.60  -11.65  -11.54  -11.33  -11.30  -11.42  -11.82  -11.78
  650.00   -6.46   -6.49   -6.58   -6.85   -7.17   -7.36   -7.39   -7.41   -7.56   -7.77   -7.91   -7.99   -7.78   -7.90   -7.73   -7.73   -7.73   -7.75   -7.70   -7.56   -7.51   -7.60   -7.98   -7.90
  700.00   -2.34   -2.41   -2.58   -2.81   -3.09   -3.18   -3.22   -3.28   -3.47   -3.67   -3.90   -4.04   -4.00   -4.07   -3.94   -3.99   -4.05   -4.10   -3.96   -3.86   -3.94   -4.10   -4.71   -4.70
  750.00    0.93    0.72    0.30    0.00   -0.05   -0.09   -0.09   -0.18   -0.38   -0.49   -0.77   -0.85   -0.76   -0.84   -0.76   -1.01   -1.21   -1.33   -1.33   -1.48   -1.87   -2.18   -2.34   -2.51
  775.00    2.00    1.82    1.43    1.17    1.14    1.10    1.00    0.81    0.52    0.50    0.45    0.44    0.54    0.35    0.33    0.10   -0.09   -0.17   -0.27   -0.67   -0.92   -1.02   -0.53   -0.71
  800.00    2.81    2.70    2.48    2.42    2.42    2.35    2.28    2.07    1.83    1.73    1.79    1.70    1.82    1.76    1.78    1.54    1.31    1.16    0.95    0.69    0.50    0.42    1.40    1.27
  825.00    4.14    4.00    3.86    3.80    3.77    3.63    3.42    3.25    3.07    3.01    3.12    2.95    3.02    2.81    2.89    2.69    2.41    2.45    2.51    2.42    2.25    2.17    3.27    3.10
  850.00    5.13    5.13    5.05    4.97    4.86    4.74    4.62    4.45    4.36    4.24    4.12    4.07    4.06    4.10    3.91    3.63    3.48    3.52    3.74    3.89    3.77    3.74    4.18    4.06
  875.00    5.61    5.73    5.71    5.72    5.74    5.72    5.75    5.78    5.77    5.72    5.30    5.27    5.45    4.88    4.93    5.16    5.32    5.42    5.38    5.36    5.29    5.18    5.41    5.42
  900.00    6.24    6.23    5.99    5.94    5.95    5.93    6.05    6.24    6.41    6.48    5.93    5.91    5.58    6.32    6.93    7.27    7.24    7.23    7.14    6.98    6.80    6.65    6.57    6.57
  925.00    7.43    7.31    7.13    7.03    6.93    6.78    6.76    6.75    6.76    6.70    5.90    6.39    7.42    8.45    8.96    9.25    9.14    8.93    8.66    8.33    7.99    7.69    7.56    7.50
  950.00    8.16    7.86    7.57    7.46    7.36    7.41    7.26    7.24    7.29    7.36    7.00    7.90    9.14   10.17   10.63   10.89   10.70   10.28    9.85    9.41    8.97    8.70    8.59    8.54
  975.00   10.17   10.00    9.84    9.70    9.60    9.49    9.40    9.35    9.31    9.28    8.52    9.17   10.41   11.43   11.91   12.18   12.04   11.78   11.47   11.10   10.71   10.40   10.24   10.18
 1000.00   11.53   11.36   11.21   11.08   10.98   10.87   10.79   10.73   10.69   10.65    9.86   10.53   11.76   12.79   13.27   13.54   13.40   13.16   12.86   12.50   12.10   11.78   11.63   11.58
