#  level#  00:00#  01:00#  02:00#  03:00#  04:00#  05:00#  06:00#  07:00#  08:00#  09:00#  10:00#  11:00#  12:00#  13:00#  14:00#  15:00#  16:00#  17:00#  18:00#  19:00#  20:00#  21:00#  22:00#  23:00
    1.00    0.67   -0.14   -2.10   -4.07   -5.81   -6.87   -6.38   -5.48   -3.27   -3.03   -2.51   -0.41    2.16    2.01    0.21   -1.53   -2.06   -1.33    2.20    2.78    1.96    1.02   -0.40   -2.67
    2.00    1.61    1.84    0.04   -2.76   -3.39   -4.54   -4.89   -4.46   -4.88   -2.76   -1.41   -3.65   -4.75   -3.71   -1.76    0.52    0.76    0.02   -1.00   -2.07   -2.48   -2.33   -3.43   -2.64
    3.00  -12.64   -8.98   -6.29   -6.96   -8.72  -10.94  -12.77  -13.93  -14.75  -14.46  -10.93   -6.93   -7.30   -9.76  -10.05   -9.31   -9.42   -8.96   -9.03   -8.83   -8.94   -7.73   -8.38  -10.59
   10.00  -39.01  -38.40  -38.48  -38.48  -38.34  -38.91  -39.20  -39.58  -39.79  -39.10  -38.48  -38.86  -38.80  -37.39  -37.31  -37.66  -36.38  -36.28  -37.13  -37.10  -36.67  -37.43  -38.22  -38.73
   20.00  -47.85  -48.45  -48.87  -48.65  -48.83  -48.84  -48.06  -47.43  -47.82  -48.62  -48.44  -47.65  -47.36  -47.98  -48.00  -47.59  -46.97  -46.24  -46.48  -47.38  -48.02  -47.93  -46.96  -46.73
   30.00  -53.34  -53.20  -53.00  -52.91  -53.09  -53.48  -53.11  -52.38  -52.27  -52.84  -53.52  -52.98  -52.22  -52.25  -52.14  -52.64  -53.08  -53.08  -52.71  -52.53  -52.83  -53.10  -53.28  -52.77
   50.00  -56.40  -56.66  -56.86  -57.00  -57.05  -57.40  -57.81  -57.88  -57.35  -56.13  -55.18  -55.53  -56.02  -56.17  -56.16  -55.98  -55.90  -56.32  -56.83  -57.36  -57.23  -56.39  -55.92  -55.68
   70.00  -55.01  -55.20  -55.22  -55.39  -55.43  -55.19  -55.02  -55.29  -55.71  -55.73  -54.93  -54.46  -53.89  -53.73  -54.00  -54.56  -55.04  -55.28  -55.13  -54.95  -54.84  -54.83  -54.45  -54.62
  100.00  -54.18  -54.68  -55.03  -55.06  -54.85  -54.81  -54.78  -54.72  -54.72  -54.71  -54.58  -54.07  -53.79  -53.92  -54.07  -54.20  -54.28  -54.38  -54.46  -54.39  -53.91  -53.67  -53.19  -53.02
  125.00  -52.93  -52.95  -53.05  -53.01  -52.81  -52.70  -52.70  -52.95  -53.39  -53.94  -54.66  -54.90  -54.67  -54.11  -53.52  -53.35  -53.30  -53.23  -53.32  -53.73  -54.06  -54.17  -54.15  -53.97
  150.00  -52.53  -52.41  -52.27  -52.09  -51.79  -51.41  -50.86  -50.36  -50.15  -50.36  -50.75  -51.19  -51.40  -51.34  -51.01  -50.88  -50.72  -50.27  -49.68  -49.43  -49.40  -49.39  -49.80  -50.08
  175.00  -49.47  -49.40  -49.31  -49.33  -49.43  -49.56  -49.46  -48.96  -48.23  -47.68  -47.27  -47.48  -47.74  -47.98  -47.94  -48.03  -48.29  -48.30  -47.81  -47.40  -47.24  -46.88  -46.49  -46.55
  200.00  -47.11  -47.36  -47.54  -47.61  -47.70  -48.05  -48.42  -48.43  -48.08  -47.66  -47.07  -47.28  -47.70  -48.52  -48.92  -48.86  -49.10  -49.41  -49.38  -49.24  -49.18  -48.57  -47.33  -46.60
  225.00  -49.06  -49.26  -49.45  -49.63  -49.80  -50.06  -50.28  -50.33  -50.16  -49.90  -49.38  -49.55  -49.87  -50.82  -51.82  -52.05  -52.28  -52.54  -52.78  -52.80  -52.86  -52.74  -51.93  -51.18
  250.00  -52.31  -52.44  -52.47  -52.31  -52.18  -52.23  -52.41  -52.67  -52.80  -52.78  -52.90  -52.63  -52.32  -52.60  -53.35  -53.69  -53.93  -54.10  -54.38  -54.48  -54.41  -54.50  -54.75  -54.95
  300.00  -48.44  -48.48  -48.48  -48.43  -48.33  -48.24  -48.21  -48.29  -48.47  -48.65  -48.71  -48.54  -48.41  -48.28  -48.29  -48.35  -48.54  -48.67  -48.80  -48.87  -48.86  -49.13  -49.87  -50.25
  350.00  -40.50  -40.78  -41.03  -41.21  -41.30  -41.33  -41.33  -41.33  -41.40  -41.49  -41.38  -41.35  -41.27  -41.11  -41.02  -41.00  -41.04  -41.09  -41.15  -41.25  -41.33  -41.56  -42.09  -42.26
  400.00  -32.96  -33.09  -33.20  -33.30  -33.40  -33.54  -33.71  -33.88  -34.05  -34.12  -34.11  -34.15  -34.16  -34.19  -34.06  -34.07  -34.06  -33.97  -33.94  -34.10  -34.22  -34.43  -34.55  -34.71
  450.00  -26.94  -26.89  -26.87  -26.92  -26.95  -27.02  -27.13  -27.29  -27.45  -27.55  -27.40  -27.31  -27.34  -27.32  -27.33  -27.34  -27.35  -27.23  -27.23  -27.42  -27.62  -27.83  -27.78  -27.86
  500.00  -21.69  -21.75  -21.79  -21.84  -21.94  -22.04  -22.17  -22.34  -22.45  -22.37  -22.31  -22.24  -22.26  -22.21  -22.11  -22.14  -21.88  -21.92  -21.77  -21.90  -22.09  -22.25  -22.02  -22.08
  550.00  -17.04  -17.14  -17.29  -17.49  -17.69  -17.93  -18.19  -18.40  -18.41  -18.25  -18.56  -18.54  -18.54  -18.46  -18.25  -18.00  -17.46  -17.47  -17.42  -17.45  -17.46  -17.35  -17.37  -17.41
  600.00  -13.10  -12.91  -12.95  -13.28  -13.64  -13.95  -14.17  -14.25  -14.26  -14.21  -14.42  -14.26  -14.07  -13.82  -13.56  -13.24  -12.93  -13.00  -13.20  -13.27  -13.20  -12.97  -13.19  -13.15
  650.00  -10.00   -9.89   -9.75  -10.03  -10.39  -10.73  -10.92  -10.98  -10.84  -10.80  -10.64  -10.17   -9.73   -9.24   -8.96   -8.96   -8.81   -9.09   -9.41   -9.18   -9.06   -9.01   -9.12   -9.16
  700.00   -7.34   -7.35   -7.27   -7.33   -7.60   -7.82   -7.82   -7.77   -7.65   -7.52   -7.00   -6.76   -6.42   -5.92   -5.66   -5.57   -5.35   -5.34   -5.53   -5.46   -5.45   -5.33   -5.37   -5.49
  750.00   -4.05   -4.11   -3.97   -4.02   -4.05   -4.10   -4.08   -4.00   -3.90   -3.82   -3.34   -3.23   -3.08   -2.77   -2.44   -2.09   -1.79   -1.76   -1.80   -1.69   -1.66   -1.59   -1.69   -1.82
  775.00   -2.36   -2.42   -2.38   -2.41   -2.46   -2.51   -2.46   -2.32   -2.13   -2.03   -1.65   -1.61   -1.55   -1.25   -0.88   -0.41   -0.22   -0.13   -0.07    0.07    0.08    0.12   -0.06   -0.20
  800.00   -0.66   -0.80   -0.91   -0.99   -1.04   -1.03   -1.01   -0.80   -0.50   -0.43   -0.19   -0.09   -0.19    0.06    0.50    1.06    1.21    1.32    1.40    1.55    1.53    1.57    1.36    1.27
  825.00    0.92    0.70    0.39    0.30    0.24    0.27    0.34    0.61    1.10    1.14    1.26    1.20    1.23    1.30    1.77    2.40    2.54    2.68    2.78    2.84    2.79    2.82    2.74    2.60
  850.00    2.27    2.13    1.73    1.67    1.63    1.66    1.82    2.12    2.35    2.47    2.52    2.39    2.61    2.88    3.08    3.61    3.72    3.90    4.06    3.95    3.96    4.01    4.05    3.81
  875.00    3.56    3.49    3.19    3.04    3.01    3.14    3.22    3.47    3.66    4.00    3.33    3.88    4.13    4.32    4.35    4.50    4.42    4.66    4.79    4.71    4.80    4.83    5.23    5.00
  900.00    4.73    4.80    4.65    4.50    4.60    4.78    4.84    4.97    5.04    5.24    4.60    5.33    5.68    5.92    5.92    5.78    5.21    5.40    5.54    5.49    5.58    5.62    6.26    6.04
  925.00    5.96    6.07    6.09    6.20    6.36    6.44    6.49    6.56    6.53    6.45    6.25    6.85    7.37    7.63    7.66    7.45    6.81    6.58    6.55    6.34    6.38    6.34    7.06    7.01
  950.00    7.60    7.66    7.75    7.87    7.95    7.98    8.02    7.97    8.02    8.43    8.10    8.77    9.19    9.35    9.21    8.98    8.62    8.48    8.42    8.15    7.90    7.78    8.25    8.23
  975.00    9.32    9.35    9.40    9.49    9.58    9.61    9.62    9.59    9.81   10.21    9.86   10.51   10.89   10.98   10.88   10.75   10.42   10.28   10.25    9.98    9.71    9.60    9.90    9.85
 1000.00   11.00   11.05   11.10   11.18   11.26   11.27   11.27   11.23   11.46   11.86   11.51   12.14   12.53   12.59   12.51   12.39   12.07   11.94   11.91   11.63   11.39   11.29   11.52   11.49
