#  level#  00:00#  01:00#  02:00#  03:00#  04:00#  05:00#  06:00#  07:00#  08:00#  09:00#  10:00#  11:00#  12:00#  13:00#  14:00#  15:00#  16:00#  17:00#  18:00#  19:00#  20:00#  21:00#  22:00#  23:00
    1.00   -4.06   -6.25   -6.69   -6.05   -5.47   -6.27   -6.20   -5.98   -5.85   -6.14   -6.26   -5.85   -4.12   -1.34    0.29    0.06   -2.66   -5.38   -6.13   -4.77   -3.19   -2.66   -3.18   -3.94
    2.00   -0.77   -0.28   -0.74   -3.68   -7.23   -8.60   -9.67  -10.63   -9.07   -6.27   -5.65   -4.60   -3.56   -4.38   -4.32   -1.45    3.13    3.91    1.77   -1.85   -4.44   -4.94   -3.55   -2.07
    3.00  -13.49  -13.76  -13.63  -11.80  -11.50  -13.61  -14.59  -16.67  -18.87  -17.79  -13.47  -13.36  -13.66  -14.78  -15.02  -14.51  -12.60  -10.61   -7.91   -6.77   -9.21  -11.69  -12.08  -12.31
   10.00  -41.75  -41.50  -41.36  -40.92  -41.23  -42.08  -42.13  -41.64  -41.16  -40.29  -40.35  -41.23  -40.61  -39.74  -39.83  -39.62  -40.46  -40.32  -39.88  -40.39  -41.37  -41.88  -41.22  -41.28
   20.00  -50.37  -50.27  -50.28  -50.40  -51.03  -50.48  -49.51  -48.89  -48.61  -49.72  -50.19  -49.90  -49.85  -50.15  -50.26  -49.71  -48.82  -47.97  -48.05  -47.75  -47.29  -47.61  -48.46  -49.07
   30.00  -55.31  -56.31  -56.72  -56.89  -56.95  -57.16  -57.05  -57.26  -57.45  -56.15  -54.52  -54.84  -55.23  -54.88  -55.46  -55.93  -56.03  -56.60  -56.88  -57.04  -56.41  -54.86  -54.53  -55.33
   50.00  -60.84  -61.62  -61.96  -62.09  -62.07  -62.17  -62.36  -62.05  -61.76  -61.57  -60.82  -60.07  -60.07  -60.43  -60.43  -60.79  -61.25  -61.41  -60.76  -59.81  -60.14  -60.97  -62.07  -62.09
   70.00  -59.37  -59.28  -59.55  -59.76  -59.58  -59.25  -59.39  -59.50  -59.22  -59.04  -59.07  -59.22  -59.28  -59.28  -59.28  -59.31  -59.44  -59.64  -60.03  -59.88  -59.58  -59.15  -58.78  -59.28
  100.00  -54.49  -54.43  -54.40  -54.58  -54.94  -55.18  -55.30  -55.53  -55.63  -55.61  -55.33  -55.28  -55.67  -55.70  -55.23  -54.86  -54.89  -54.77  -55.18  -55.60  -55.30  -55.11  -53.95  -53.58
  125.00  -53.80  -53.87  -53.76  -53.65  -53.60  -53.53  -53.25  -53.24  -53.38  -53.64  -54.08  -53.92  -54.25  -54.60  -54.30  -53.70  -53.42  -53.21  -53.02  -53.20  -53.34  -53.68  -53.81  -53.48
  150.00  -50.56  -50.69  -50.80  -50.83  -50.77  -50.82  -50.75  -50.81  -51.05  -51.41  -51.69  -51.23  -50.97  -51.20  -51.03  -50.40  -49.86  -49.43  -48.81  -48.74  -48.59  -48.61  -48.52  -48.52
  175.00  -49.73  -49.94  -50.23  -50.47  -50.35  -50.21  -49.90  -49.71  -49.70  -49.83  -50.37  -49.85  -49.22  -49.28  -49.37  -49.17  -48.82  -48.97  -48.45  -48.21  -47.78  -47.36  -47.09  -47.10
  200.00  -52.43  -52.60  -52.42  -52.11  -51.63  -51.12  -50.52  -49.84  -49.25  -48.78  -48.58  -47.95  -47.00  -46.70  -47.04  -47.99  -49.22  -49.16  -48.40  -48.35  -48.08  -47.45  -47.14  -46.79
  225.00  -51.07  -51.17  -51.15  -51.08  -50.97  -50.76  -50.46  -49.89  -49.38  -49.04  -48.81  -48.42  -47.38  -47.01  -47.15  -47.77  -48.07  -48.11  -48.53  -48.77  -48.20  -47.53  -45.87  -45.26
  250.00  -49.74  -49.97  -50.11  -50.15  -50.10  -50.17  -50.42  -50.82  -51.07  -51.02  -50.63  -50.17  -49.52  -49.05  -48.18  -48.55  -48.26  -48.75  -48.96  -48.25  -47.41  -46.63  -44.03  -43.64
  300.00  -46.21  -46.34  -46.47  -46.55  -46.68  -47.00  -47.28  -47.15  -47.08  -46.93  -46.07  -45.76  -46.01  -46.04  -45.68  -45.57  -44.78  -46.29  -45.01  -43.63  -43.17  -42.99  -42.41  -42.40
  350.00  -39.71  -39.69  -39.64  -39.50  -39.34  -39.32  -39.24  -39.20  -39.38  -39.48  -39.43  -40.11  -39.90  -38.87  -38.79  -38.54  -38.43  -37.87  -37.72  -38.00  -38.01  -38.13  -40.12  -39.93
  400.00  -32.60  -32.39  -32.17  -31.99  -31.88  -31.88  -32.00  -32.20  -32.35  -32.44  -32.50  -33.04  -33.37  -33.42  -33.13  -32.56  -32.32  -31.62  -31.84  -32.15  -32.53  -32.81  -35.19  -35.73
  450.00  -25.23  -25.14  -25.05  -24.94  -24.86  -24.89  -25.16  -25.43  -25.55  -25.56  -25.42  -25.70  -25.86  -26.11  -26.63  -26.61  -26.47  -25.82  -26.15  -26.81  -27.44  -27.91  -29.04  -29.71
  500.00  -19.56  -19.54  -19.37  -19.21  -19.25  -19.35  -19.73  -19.83  -19.71  -19.53  -19.05  -19.21  -19.46  -19.73  -20.53  -20.73  -20.53  -20.26  -20.43  -21.30  -22.10  -22.75  -22.71  -22.91
  550.00  -15.36  -15.21  -15.10  -15.05  -15.42  -15.43  -15.45  -15.24  -14.98  -14.83  -14.20  -14.38  -14.70  -14.79  -15.08  -15.20  -15.01  -15.08  -15.29  -15.82  -16.59  -17.17  -17.08  -17.25
  600.00  -11.66  -11.62  -11.68  -11.72  -11.50  -11.53  -11.35  -11.05  -10.75  -10.68  -10.50  -10.44  -10.66  -10.57  -10.24  -10.20  -10.06  -10.38  -10.80  -11.07  -11.40  -11.85  -12.24  -12.25
  650.00   -7.61   -7.64   -7.69   -7.62   -7.27   -7.18   -7.07   -7.06   -6.83   -6.77   -6.56   -6.57   -6.62   -6.45   -6.06   -5.78   -5.64   -6.14   -6.41   -6.68   -6.87   -7.11   -7.77   -7.76
  700.00   -3.60   -3.63   -3.59   -3.58   -3.27   -3.05   -2.92   -2.72   -2.63   -2.62   -2.37   -2.37   -2.24   -2.22   -2.04   -1.88   -1.87   -2.40   -2.45   -2.52   -2.67   -2.91   -3.94   -3.93
  750.00   -0.36   -0.19    0.12    0.35    0.42    0.60    0.87    1.13    1.34    1.38    1.52    1.66    1.86    1.77    1.55    1.12    1.10    0.88    0.55    1.02    0.95    0.81   -0.45   -0.48
  775.00    1.02    1.31    1.75    2.00    1.94    2.11    2.28    2.54    2.81    2.87    3.12    3.27    3.40    3.24    2.96    2.68    2.89    2.45    1.92    2.58    2.61    2.42    1.18    1.20
  800.00    2.21    2.65    3.12    3.28    3.08    3.18    3.22    3.47    3.76    3.89    4.27    4.39    4.19    4.07    4.12    4.35    4.67    4.38    3.75    4.07    4.08    3.86    2.98    3.08
  825.00    2.89    3.47    3.96    3.88    3.46    3.52    3.65    4.12    4.49    4.80    5.05    4.90    4.72    4.88    5.15    5.57    6.09    6.29    5.84    5.79    5.54    5.29    4.84    5.05
  850.00    3.22    3.68    4.12    3.91    3.37    3.51    3.78    4.54    5.13    5.31    5.38    5.26    5.63    6.05    6.35    6.71    7.12    7.50    7.28    7.24    6.96    6.90    6.55    6.85
  875.00    3.80    4.02    4.32    4.17    3.95    4.04    4.28    4.87    5.49    5.79    5.66    6.21    6.77    7.20    7.52    7.87    8.03    8.32    8.33    8.38    8.48    8.57    8.33    8.57
  900.00    5.06    5.10    5.13    5.15    5.29    5.27    5.35    5.65    5.75    6.40    6.41    7.11    7.94    8.67    8.65    9.04    9.19    9.19    9.22    9.56   10.02   10.26   10.06   10.19
  925.00    6.72    6.71    6.68    6.71    6.86    6.89    6.96    7.04    7.45    8.33    8.03    8.81    9.58    9.96    9.94   10.09   10.36   10.24   10.26   10.67   11.14   11.56   11.44   11.77
  950.00    8.65    8.61    8.57    8.62    8.76    8.79    8.86    9.01    9.71   10.48    9.80   10.55   11.10   11.37   11.52   11.66   11.78   11.58   11.48   11.68   11.93   12.10   12.04   12.09
  975.00   10.44   10.37   10.32   10.35   10.44   10.48   10.58   10.72   11.27   12.08   11.46   12.28   12.86   12.94   12.99   12.88   12.96   12.83   12.79   13.04   13.35   13.52   12.97   12.58
 1000.00   12.11   12.07   12.06   12.09   12.18   12.21   12.28   12.46   12.99   13.75   13.17   13.95   14.56   14.71   14.73   14.59   14.63   14.51   14.41   14.54   14.97   15.11   14.63   14.39
