#  level#  00:00#  01:00#  02:00#  03:00#  04:00#  05:00#  06:00#  07:00#  08:00#  09:00#  10:00#  11:00#  12:00#  13:00#  14:00#  15:00#  16:00#  17:00#  18:00#  19:00#  20:00#  21:00#  22:00#  23:00
    1.00   -8.40   -7.89   -8.26   -9.58  -10.96  -12.34  -12.15  -11.86  -11.40   -9.86   -8.25   -7.84   -7.72   -6.43   -4.84   -3.06   -3.71   -5.71   -8.22  -10.77  -12.18  -11.82  -10.09   -9.34
    2.00  -12.56  -12.31  -12.09  -11.37   -9.79  -11.05  -13.65  -15.78  -17.83  -18.98  -18.50  -15.47  -13.01  -10.75   -9.57   -7.74   -4.81   -2.68   -2.79   -4.49   -6.65   -9.11  -11.91  -12.24
    3.00  -20.54  -21.34  -21.74  -22.19  -21.53  -20.72  -20.49  -19.94  -19.83  -20.97  -23.00  -23.24  -22.65  -22.74  -23.81  -24.18  -22.53  -19.86  -16.64  -14.54  -13.69  -13.29  -14.51  -16.27
   10.00  -43.75  -44.88  -46.15  -47.11  -47.75  -47.83  -47.38  -46.70  -46.00  -44.86  -44.04  -43.34  -43.64  -43.96  -43.96  -43.23  -42.66  -42.35  -42.50  -42.90  -43.54  -44.69  -46.03  -46.06
   20.00  -54.04  -54.43  -55.01  -55.66  -54.68  -54.07  -53.61  -53.75  -53.57  -53.41  -53.29  -52.70  -52.48  -52.47  -52.71  -53.09  -53.60  -54.21  -54.46  -54.05  -53.10  -52.16  -52.04  -51.75
   30.00  -56.49  -56.50  -56.50  -57.17  -57.70  -57.61  -57.55  -57.80  -57.85  -57.58  -56.64  -56.36  -56.48  -56.51  -56.34  -56.23  -56.29  -56.65  -56.98  -57.27  -57.65  -57.55  -57.66  -57.17
   50.00  -59.91  -60.18  -60.13  -59.39  -58.82  -58.83  -59.02  -58.90  -58.66  -58.48  -58.60  -59.10  -59.50  -59.40  -59.22  -58.77  -58.48  -58.30  -57.99  -57.51  -57.35  -57.65  -58.01  -58.06
   70.00  -58.86  -59.33  -59.90  -60.21  -60.19  -59.78  -59.33  -59.18  -59.27  -59.20  -58.99  -58.59  -58.74  -58.89  -58.93  -58.95  -58.84  -58.89  -59.21  -59.52  -59.54  -59.59  -59.62  -59.65
  100.00  -56.10  -56.28  -56.46  -56.30  -56.31  -56.61  -56.55  -56.23  -56.10  -56.50  -57.12  -57.37  -57.42  -57.59  -57.61  -57.57  -57.84  -57.97  -57.87  -57.91  -58.12  -57.87  -58.00  -57.78
  125.00  -55.21  -55.14  -55.42  -55.74  -55.68  -55.76  -55.93  -55.92  -55.60  -55.17  -55.13  -55.01  -55.04  -55.34  -55.71  -55.95  -56.12  -56.25  -56.44  -56.46  -56.93  -57.31  -57.43  -57.53
  150.00  -53.30  -52.94  -52.79  -53.13  -53.35  -53.39  -53.57  -53.85  -54.14  -54.37  -54.37  -54.05  -53.71  -53.76  -54.09  -54.46  -54.95  -55.42  -55.85  -55.83  -55.63  -56.00  -56.26  -56.92
  175.00  -53.14  -52.77  -52.26  -52.00  -52.07  -52.12  -52.04  -52.09  -52.36  -52.73  -53.22  -53.40  -53.47  -53.35  -53.49  -53.53  -53.58  -53.85  -54.21  -54.84  -54.82  -54.59  -55.03  -55.45
  200.00  -56.42  -55.84  -55.26  -54.37  -53.49  -52.60  -52.04  -51.64  -51.28  -51.26  -51.88  -52.29  -52.77  -52.83  -52.98  -53.24  -53.56  -54.21  -54.85  -55.15  -56.01  -56.74  -57.38  -57.54
  225.00  -60.45  -59.89  -58.75  -57.17  -55.75  -54.50  -53.47  -52.89  -52.37  -51.78  -51.73  -51.99  -52.56  -52.81  -53.03  -53.50  -53.64  -53.92  -54.70  -55.49  -55.99  -56.75  -57.98  -58.69
  250.00  -58.66  -58.20  -57.54  -56.94  -56.07  -55.24  -54.65  -54.14  -53.82  -53.44  -52.95  -52.69  -53.02  -53.36  -53.50  -53.84  -54.14  -54.19  -54.57  -55.20  -56.17  -56.99  -57.96  -58.25
  300.00  -49.54  -49.58  -49.66  -49.88  -50.20  -50.45  -50.63  -50.78  -50.83  -50.78  -50.77  -50.56  -50.29  -50.06  -50.20  -50.36  -50.46  -50.41  -50.41  -50.75  -51.00  -51.14  -52.08  -51.94
  350.00  -41.23  -41.64  -42.10  -42.52  -42.92  -43.34  -43.84  -44.29  -44.68  -45.02  -44.74  -44.23  -43.86  -43.80  -43.58  -43.35  -43.15  -43.01  -42.71  -42.35  -42.11  -41.92  -42.36  -42.21
  400.00  -34.17  -35.04  -36.09  -36.95  -37.51  -37.86  -37.96  -37.93  -37.82  -37.64  -37.18  -37.13  -37.25  -37.35  -37.30  -36.95  -36.40  -35.81  -35.22  -34.81  -34.41  -33.99  -33.81  -33.71
  450.00  -28.37  -28.75  -29.42  -30.23  -30.95  -31.50  -31.91  -31.78  -31.52  -31.20  -30.80  -30.66  -30.80  -30.80  -30.67  -30.55  -30.48  -30.22  -29.47  -28.64  -28.08  -27.75  -27.08  -26.86
  500.00  -23.29  -23.47  -23.74  -24.08  -24.46  -24.94  -25.38  -25.64  -25.77  -25.87  -25.88  -25.76  -25.72  -25.56  -25.23  -24.93  -24.71  -24.51  -24.07  -23.46  -22.88  -22.27  -21.31  -21.04
  550.00  -18.71  -18.75  -18.85  -19.05  -19.37  -19.72  -19.91  -20.06  -20.30  -20.54  -20.58  -20.57  -20.53  -20.44  -20.33  -20.22  -20.12  -19.99  -19.67  -19.22  -18.93  -18.14  -16.41  -15.76
  600.00  -14.60  -14.56  -14.57  -14.77  -15.08  -15.42  -15.58  -15.70  -16.01  -16.37  -16.38  -16.40  -16.31  -16.13  -15.98  -15.98  -15.94  -15.76  -15.56  -15.35  -15.20  -14.62  -12.93  -12.19
  650.00  -10.84  -10.90  -11.13  -11.63  -12.15  -12.57  -12.77  -13.03  -13.34  -13.42  -13.50  -13.44  -13.27  -13.01  -12.83  -12.85  -12.78  -12.41  -11.98  -11.47  -10.91  -10.32   -9.42   -9.01
  700.00   -7.14   -7.50   -7.91   -8.30   -8.65   -9.05   -9.45   -9.89  -10.13  -10.28  -10.30  -10.27  -10.16   -9.98   -9.98   -9.74   -9.47   -9.22   -8.97   -8.54   -7.82   -7.23   -6.43   -5.81
  750.00   -4.01   -4.54   -4.85   -5.34   -5.76   -6.09   -6.28   -6.35   -6.46   -6.61   -6.86   -6.98   -6.99   -6.88   -6.78   -6.75   -6.73   -6.67   -6.53   -6.25   -5.73   -5.51   -4.96   -4.04
  775.00   -2.81   -3.44   -3.89   -4.23   -4.48   -4.67   -4.83   -4.93   -5.05   -5.22   -5.44   -5.56   -5.51   -5.34   -5.26   -5.14   -5.12   -5.05   -5.08   -4.96   -4.75   -4.64   -4.33   -3.55
  800.00   -1.75   -2.32   -2.71   -2.99   -3.18   -3.32   -3.43   -3.54   -3.70   -3.85   -4.18   -4.20   -4.11   -3.86   -3.65   -3.58   -3.53   -3.42   -3.48   -3.45   -3.36   -3.36   -3.00   -2.65
  825.00   -0.75   -1.04   -1.36   -1.60   -1.79   -1.91   -1.99   -2.19   -2.33   -2.39   -2.83   -2.65   -2.53   -2.36   -2.21   -2.12   -2.01   -1.96   -1.97   -1.84   -1.79   -1.79   -1.58   -1.46
  850.00    0.48    0.30    0.13   -0.11   -0.27   -0.44   -0.61   -0.83   -0.98   -0.99   -1.31   -1.02   -0.89   -0.78   -0.61   -0.65   -0.60   -0.52   -0.52   -0.46   -0.29   -0.25   -0.23   -0.18
  875.00    1.71    1.64    1.56    1.40    1.19    1.06    0.79    0.56    0.39    0.44    0.20    0.38    0.47    0.57    0.80    0.85    0.86    1.05    1.14    1.15    1.20    1.34    1.22    1.27
  900.00    3.32    3.14    3.08    2.96    2.88    2.72    2.43    2.14    1.90    1.84    1.65    1.84    2.20    2.43    2.61    2.66    2.77    2.91    2.88    2.88    2.91    3.00    2.89    2.86
  925.00    4.85    4.68    4.53    4.44    4.28    4.13    3.85    3.56    3.40    3.41    3.49    3.79    4.15    4.40    4.56    4.68    4.87    4.89    4.88    4.70    4.60    4.57    4.26    4.26
  950.00    6.52    6.36    6.14    5.99    5.86    5.69    5.52    5.33    5.29    5.44    5.60    5.92    6.24    6.47    6.55    6.69    6.91    6.90    6.88    6.61    6.42    6.27    5.81    5.78
  975.00    8.04    7.90    7.70    7.56    7.43    7.30    7.16    7.04    7.04    7.24    7.43    7.80    8.09    8.29    8.39    8.50    8.71    8.69    8.67    8.42    8.19    8.00    7.46    7.33
 1000.00    9.71    9.56    9.37    9.25    9.10    8.98    8.85    8.70    8.71    8.90    9.06    9.45    9.72    9.95   10.06   10.18   10.39   10.38   10.35   10.12    9.88    9.66    9.12    8.98
