#  level#  00:00#  01:00#  02:00#  03:00#  04:00#  05:00#  06:00#  07:00#  08:00#  09:00#  10:00#  11:00#  12:00#  13:00#  14:00#  15:00#  16:00#  17:00#  18:00#  19:00#  20:00#  21:00#  22:00#  23:00
    1.00   -4.63   -6.13   -9.80  -12.24  -12.32  -11.22   -9.90   -9.30   -7.66   -6.63   -7.84   -8.58   -7.05   -5.54   -5.30   -5.51   -4.77   -3.64   -3.27   -2.50   -3.27   -4.55   -6.75   -7.48
    2.00   -6.33   -6.90   -8.70  -10.64  -12.76  -14.92  -16.14  -16.47  -15.83  -12.73   -9.23   -8.38   -8.29   -7.14   -6.33   -6.80   -7.26   -7.36   -6.77   -7.72   -7.80   -6.64   -6.29   -7.41
    3.00  -19.95  -17.52  -16.84  -15.44  -14.61  -16.03  -18.16  -19.73  -21.14  -22.13  -22.46  -21.94  -20.82  -19.78  -17.38  -15.89  -16.12  -16.64  -16.96  -15.96  -16.26  -16.60  -15.54  -14.29
   10.00  -42.77  -43.32  -44.01  -43.74  -43.02  -42.81  -42.71  -42.16  -41.84  -42.30  -42.88  -43.93  -44.67  -44.02  -42.59  -41.77  -41.75  -41.82  -41.99  -41.46  -40.54  -40.87  -42.07  -43.06
   20.00  -51.70  -51.38  -50.94  -50.68  -51.10  -51.95  -52.74  -53.50  -53.47  -52.53  -52.25  -52.17  -51.21  -50.34  -50.67  -51.41  -51.61  -51.75  -51.67  -51.72  -52.05  -52.32  -51.57  -51.55
   30.00  -54.21  -54.61  -55.26  -55.34  -55.32  -55.53  -55.32  -55.13  -55.54  -55.24  -54.40  -54.45  -54.68  -54.48  -54.11  -54.09  -54.50  -55.17  -55.90  -56.33  -56.57  -56.46  -56.02  -55.47
   50.00  -60.14  -59.93  -59.89  -60.06  -60.40  -60.86  -61.25  -61.24  -61.18  -61.75  -62.11  -61.93  -61.37  -61.07  -60.61  -60.00  -59.52  -59.50  -59.95  -60.84  -61.64  -62.09  -62.25  -62.47
   70.00  -63.93  -63.81  -63.82  -63.80  -63.70  -63.64  -63.76  -63.99  -63.94  -63.70  -63.77  -63.96  -64.11  -64.41  -64.69  -64.78  -64.66  -64.50  -64.19  -63.66  -63.37  -63.43  -63.33  -63.65
  100.00  -63.51  -63.72  -63.93  -64.18  -64.37  -64.60  -64.71  -64.97  -65.29  -65.21  -64.63  -64.63  -64.59  -64.48  -64.56  -64.76  -64.98  -65.10  -65.06  -64.96  -64.82  -64.60  -64.65  -64.76
  125.00  -62.83  -62.80  -62.76  -62.73  -62.71  -62.73  -62.74  -62.74  -62.85  -63.05  -63.16  -63.22  -63.21  -63.05  -62.78  -62.54  -62.43  -62.46  -62.55  -62.56  -62.52  -62.50  -62.53  -62.61
  150.00  -61.89  -61.88  -61.80  -61.66  -61.61  -61.50  -61.30  -61.28  -61.50  -61.75  -61.88  -62.10  -62.23  -62.23  -62.07  -61.69  -61.26  -61.02  -60.92  -60.92  -61.00  -61.10  -60.89  -61.15
  175.00  -66.32  -66.34  -66.34  -66.12  -65.78  -65.60  -65.37  -65.05  -64.78  -64.69  -65.10  -65.00  -64.53  -64.12  -63.80  -63.55  -63.38  -63.12  -62.82  -62.68  -62.68  -62.68  -62.84  -63.15
  200.00  -64.36  -64.26  -64.21  -64.20  -64.19  -64.15  -64.07  -64.01  -63.98  -63.86  -63.82  -63.65  -63.37  -63.01  -62.65  -62.32  -62.16  -62.11  -62.11  -62.17  -62.33  -62.60  -63.00  -63.42
  225.00  -58.12  -58.04  -57.99  -58.01  -58.09  -58.09  -58.03  -57.95  -57.91  -57.89  -57.94  -58.20  -58.39  -58.36  -58.18  -58.00  -57.93  -57.97  -58.00  -58.07  -58.17  -58.21  -58.01  -58.04
  250.00  -52.59  -52.57  -52.59  -52.67  -52.66  -52.58  -52.43  -52.29  -52.23  -52.21  -52.02  -52.13  -52.45  -52.77  -52.97  -53.11  -53.21  -53.18  -53.04  -52.95  -52.97  -52.96  -52.75  -52.52
  300.00  -43.50  -43.33  -43.17  -43.05  -42.98  -42.95  -42.90  -42.82  -42.67  -42.58  -42.37  -42.44  -42.39  -42.19  -42.14  -42.16  -42.30  -42.49  -42.62  -42.66  -42.63  -42.60  -42.79  -42.74
  350.00  -34.98  -34.92  -34.86  -34.77  -34.57  -34.38  -34.25  -34.15  -34.05  -33.95  -33.88  -33.88  -34.01  -34.25  -34.44  -34.50  -34.38  -34.03  -33.73  -33.68  -33.72  -33.73  -33.96  -33.94
  400.00  -28.12  -28.12  -28.12  -28.01  -27.89  -27.83  -27.74  -27.63  -27.45  -27.23  -27.24  -27.14  -27.10  -27.19  -27.32  -27.43  -27.54  -27.65  -27.59  -27.24  -26.78  -26.41  -26.19  -26.11
  450.00  -21.03  -21.32  -21.64  -21.86  -21.96  -21.98  -21.94  -21.88  -21.79  -21.70  -21.80  -21.71  -21.60  -21.55  -21.52  -21.54  -21.56  -21.56  -21.47  -21.38  -21.28  -21.03  -20.66  -20.37
  500.00  -15.12  -15.47  -15.85  -16.06  -16.10  -16.07  -16.00  -15.94  -15.88  -15.82  -15.98  -15.93  -15.87  -15.86  -15.85  -15.85  -15.82  -15.79  -15.72  -15.64  -15.53  -15.35  -15.15  -14.95
  550.00  -10.15  -10.32  -10.50  -10.53  -10.47  -10.42  -10.31  -10.13   -9.93   -9.83   -9.88   -9.82   -9.78   -9.79   -9.82   -9.86   -9.90   -9.93   -9.93   -9.94   -9.96   -9.92  -10.00   -9.87
  600.00   -5.25   -5.29   -5.44   -5.52   -5.54   -5.62   -5.70   -5.60   -5.22   -4.85   -4.53   -4.41   -4.31   -4.28   -4.29   -4.33   -4.38   -4.42   -4.43   -4.47   -4.54   -4.59   -4.84   -4.80
  650.00   -0.92   -0.83   -0.89   -0.97   -1.03   -1.14   -1.32   -1.47   -1.41   -1.20   -0.83   -0.79   -0.62   -0.43   -0.29   -0.28   -0.34   -0.36   -0.29   -0.21   -0.11    0.05    0.16    0.19
  700.00    2.80    3.24    3.39    3.30    3.15    3.05    2.88    2.62    2.46    2.37    2.41    2.14    2.12    2.42    2.76    2.79    2.75    2.77    2.75    2.65    2.54    2.61    3.20    3.57
  750.00    5.39    6.23    6.71    6.49    6.08    5.92    5.79    5.57    5.46    5.38    5.03    4.77    4.80    4.79    4.71    4.74    4.87    5.11    5.27    5.31    5.40    5.55    5.89    5.81
  775.00    6.32    7.15    7.64    7.34    6.71    6.30    6.08    5.95    6.00    6.13    5.93    6.06    6.28    6.31    6.44    6.78    7.00    7.16    7.35    7.44    7.44    7.47    7.46    7.38
  800.00    8.19    8.46    8.72    8.51    8.08    7.72    7.46    7.39    7.47    7.63    7.89    8.18    8.40    8.31    8.88    9.27    9.51    9.61    9.66    9.76    9.77    9.78    9.65    9.56
  825.00   10.43   10.46   10.52   10.40   10.11    9.84    9.71    9.72    9.82    9.99   10.23   10.54   10.40   10.72   11.36   11.79   12.02   12.10   12.09   12.12   12.16   12.14   12.01   11.92
  850.00   12.59   12.45   12.37   12.23   11.96   11.72   11.64   11.70   11.83   11.96   12.23   12.14   12.20   13.13   13.76   14.21   14.47   14.56   14.50   14.45   14.49   14.49   14.41   14.23
  875.00   14.73   14.30   14.03   13.91   13.74   13.60   13.56   13.52   13.28   13.09   12.93   13.21   14.46   15.47   16.12   16.55   16.80   16.90   16.86   16.81   16.80   16.84   16.72   16.49
  900.00   16.13   15.46   14.90   14.83   14.94   14.99   14.60   14.03   13.69   13.41   14.11   15.58   16.93   17.95   18.60   19.02   19.25   19.31   19.21   19.07   18.96   18.93   18.46   18.18
  925.00   17.67   16.85   15.73   15.14   14.88   14.58   14.35   14.12   13.99   14.73   16.41   17.97   19.35   20.42   21.09   21.49   21.69   21.73   21.57   21.36   21.11   20.92   19.94   19.56
  950.00   18.63   17.02   15.01   14.07   13.69   13.50   13.43   13.65   14.43   16.72   18.44   19.96   21.32   22.37   23.00   23.35   23.53   23.53   23.37   23.14   22.81   22.39   20.82   19.94
  975.00   20.29   19.34   17.15   15.97   15.68   15.65   15.55   15.63   15.82   18.09   19.80   21.32   22.67   23.71   24.35   24.73   24.93   24.94   24.75   24.50   24.19   23.91   22.83   22.49
 1000.00   21.76   20.79   18.57   17.38   17.08   17.04   16.97   17.05   17.22   19.50   21.21   22.73   24.10   25.14   25.77   26.14   26.34   26.36   26.20   25.97   25.68   25.42   24.33   23.97
