#  level#  00:00#  01:00#  02:00#  03:00#  04:00#  05:00#  06:00#  07:00#  08:00#  09:00#  10:00#  11:00#  12:00#  13:00#  14:00#  15:00#  16:00#  17:00#  18:00#  19:00#  20:00#  21:00#  22:00#  23:00
    1.00   -9.10  -10.76  -11.54  -11.20   -9.94   -8.38   -7.11   -7.75   -8.71   -8.87   -7.59   -6.08   -4.25   -3.18   -1.91   -2.35   -3.54   -5.21   -3.80   -2.74   -3.09   -3.06   -1.99   -3.08
    2.00   -1.88   -4.09   -6.67   -9.57  -12.70  -14.95  -14.21  -12.02   -9.36   -8.06   -8.16   -8.82   -6.51   -5.13   -5.25   -4.74   -2.47   -2.21   -3.91   -3.96   -4.21   -5.14   -7.28   -7.15
    3.00  -15.04  -12.83  -11.95  -12.27  -13.74  -17.36  -20.52  -21.58  -21.50  -19.61  -17.12  -15.47  -15.50  -15.66  -14.70  -15.25  -17.14  -14.99  -13.32  -12.85  -13.88  -13.48  -14.57  -15.73
   10.00  -38.56  -38.50  -38.45  -38.65  -38.96  -39.26  -39.56  -39.23  -39.22  -38.63  -38.14  -38.43  -39.89  -40.26  -38.67  -38.03  -37.25  -37.78  -38.51  -37.91  -37.91  -38.15  -38.40  -39.16
   20.00  -52.16  -52.50  -52.73  -52.89  -52.86  -52.53  -52.06  -51.61  -50.74  -50.62  -50.67  -50.67  -50.94  -51.51  -51.11  -49.85  -49.76  -49.95  -50.00  -50.04  -50.03  -49.49  -49.37  -49.65
   30.00  -53.87  -54.04  -54.47  -55.26  -55.83  -56.11  -56.02  -56.17  -55.92  -55.35  -55.31  -55.34  -55.01  -55.01  -55.67  -55.77  -55.85  -55.85  -55.82  -55.67  -55.73  -55.98  -56.05  -56.10
   50.00  -60.92  -60.30  -60.10  -60.53  -60.71  -60.64  -60.11  -59.81  -60.29  -60.92  -60.86  -61.08  -61.13  -60.45  -60.34  -60.46  -60.29  -59.97  -59.85  -59.88  -59.26  -58.79  -58.67  -59.11
   70.00  -63.71  -63.83  -63.55  -63.23  -62.87  -62.84  -62.58  -62.04  -62.04  -62.29  -62.35  -62.06  -62.02  -62.16  -62.28  -62.58  -63.06  -63.09  -62.59  -62.09  -61.78  -61.42  -62.08  -62.31
  100.00  -66.46  -66.55  -66.29  -66.06  -65.78  -65.34  -65.10  -64.99  -64.90  -64.63  -65.04  -65.04  -65.05  -64.68  -64.28  -63.76  -63.45  -63.63  -64.03  -64.36  -64.47  -64.26  -63.25  -62.84
  125.00  -62.24  -62.85  -63.37  -63.80  -64.28  -64.42  -64.39  -64.33  -64.25  -64.09  -64.07  -63.82  -63.95  -64.18  -64.45  -64.71  -64.65  -64.32  -63.89  -63.71  -63.67  -63.59  -63.10  -62.09
  150.00  -61.88  -62.03  -62.52  -62.93  -62.98  -62.56  -62.05  -61.69  -61.43  -61.33  -61.52  -61.50  -61.53  -61.42  -61.26  -61.35  -61.27  -61.16  -60.84  -60.32  -60.18  -60.20  -60.73  -60.14
  175.00  -62.36  -62.50  -62.24  -61.89  -61.55  -61.23  -60.79  -60.50  -60.45  -60.34  -61.00  -60.78  -60.68  -60.68  -60.60  -60.52  -60.20  -59.74  -59.55  -59.16  -58.70  -58.65  -59.46  -59.60
  200.00  -59.16  -59.08  -59.12  -59.11  -58.92  -58.69  -58.60  -58.62  -58.68  -58.75  -58.93  -58.87  -58.90  -58.83  -58.79  -58.79  -58.69  -58.49  -58.39  -58.40  -58.20  -58.04  -58.32  -58.32
  225.00  -53.65  -53.71  -53.84  -53.84  -53.78  -53.77  -53.79  -53.76  -53.70  -53.63  -53.52  -53.46  -53.53  -53.55  -53.58  -53.56  -53.62  -53.74  -53.83  -54.06  -54.23  -54.31  -54.52  -54.55
  250.00  -48.52  -48.64  -48.60  -48.50  -48.46  -48.50  -48.59  -48.57  -48.44  -48.30  -48.16  -47.99  -48.02  -48.08  -48.13  -48.18  -48.34  -48.59  -48.66  -48.70  -48.77  -48.93  -49.28  -49.71
  300.00  -39.34  -39.07  -38.81  -38.67  -38.67  -38.88  -39.19  -39.34  -39.41  -39.55  -39.61  -39.46  -39.25  -39.17  -39.02  -38.66  -38.53  -38.61  -38.64  -38.74  -39.02  -39.33  -39.73  -40.08
  350.00  -30.65  -30.71  -30.73  -30.75  -30.88  -31.08  -31.26  -31.38  -31.43  -31.44  -31.10  -31.10  -31.16  -31.15  -31.15  -31.12  -31.03  -30.98  -30.97  -31.03  -31.22  -31.44  -31.41  -31.69
  400.00  -23.49  -23.53  -23.54  -23.49  -23.45  -23.44  -23.41  -23.38  -23.34  -23.30  -22.73  -22.80  -23.03  -23.30  -23.48  -23.56  -23.57  -23.60  -23.84  -24.04  -24.27  -24.40  -24.30  -25.21
  450.00  -17.68  -17.82  -17.79  -17.54  -17.41  -17.45  -17.43  -17.48  -17.64  -17.74  -17.58  -17.49  -17.57  -17.69  -17.75  -17.85  -17.95  -18.03  -18.17  -18.46  -18.61  -18.73  -18.36  -18.69
  500.00  -12.61  -12.83  -13.09  -13.16  -13.30  -13.50  -13.59  -13.68  -13.78  -13.82  -13.99  -13.88  -13.65  -13.41  -13.21  -13.15  -13.13  -13.13  -13.28  -13.51  -13.24  -12.68  -12.09  -12.19
  550.00   -8.31   -8.46   -8.72   -8.83   -8.86   -9.02   -9.11   -9.15   -9.17   -9.16   -9.19   -9.31   -9.27   -9.04   -8.83   -8.74   -8.75   -8.78   -8.87   -8.97   -8.98   -8.74   -8.19   -7.33
  600.00   -4.13   -4.02   -4.10   -4.22   -4.30   -4.48   -4.64   -4.62   -4.49   -4.39   -4.30   -4.40   -4.37   -4.20   -4.00   -3.94   -4.11   -4.36   -4.51   -4.66   -4.77   -5.03   -5.71   -4.62
  650.00   -0.26    0.00    0.04   -0.01    0.03    0.03   -0.06   -0.14   -0.15   -0.18   -0.41   -0.44   -0.28   -0.12    0.05   -0.09   -0.89   -1.41   -1.54   -1.47   -1.34   -1.32   -2.26   -1.81
  700.00    3.73    3.86    3.89    3.86    3.94    4.07    4.14    4.10    4.02    3.89    3.68    3.62    3.69    3.88    3.19    2.47    2.63    2.73    2.62    2.31    2.06    2.17    1.84    1.78
  750.00    8.07    8.16    8.00    7.65    7.43    7.35    7.35    7.39    7.43    7.37    7.34    7.15    7.25    6.30    6.82    7.56    8.05    8.18    8.07    7.71    7.18    6.78    6.47    5.99
  775.00    9.74    9.84    9.56    9.04    8.79    8.72    8.70    8.67    8.69    8.67    8.69    8.62    7.76    8.46    9.41   10.19   10.75   10.88   10.71   10.32    9.66    9.17    8.69    8.05
  800.00   11.38   11.30   10.97   10.52   10.22   10.03    9.94    9.90    9.88    9.92   10.00    9.27    9.81   10.97   12.00   12.79   13.37   13.52   13.31   12.87   12.08   11.52   10.76    9.87
  825.00   13.22   13.01   12.68   12.13   11.74   11.54   11.45   11.40   11.43   11.50   11.43   10.95   12.28   13.51   14.54   15.38   15.96   16.07   15.83   15.36   14.48   13.88   12.71   11.47
  850.00   14.90   14.57   14.13   13.64   13.38   13.17   12.94   12.76   12.67   12.34   11.74   13.27   14.76   15.99   17.00   17.83   18.46   18.59   18.33   17.76   16.82   16.20   14.70   13.40
  875.00   16.69   16.19   15.76   15.43   15.04   14.40   13.79   13.40   13.18   13.53   13.79   15.67   17.20   18.45   19.47   20.26   20.88   21.08   20.84   20.25   19.27   18.63   16.87   15.46
  900.00   18.16   17.62   17.04   16.40   15.62   14.91   14.38   13.94   14.20   15.90   16.20   18.09   19.61   20.92   21.99   22.78   23.33   23.48   23.23   22.59   21.61   21.01   19.03   17.09
  925.00   18.65   17.21   15.98   15.23   14.87   14.61   14.47   15.10   16.83   18.61   18.99   20.94   22.62   23.99   25.05   25.71   26.10   26.11   25.70   24.87   23.58   22.71   20.86   19.10
  950.00   20.17   18.64   17.51   17.03   16.83   16.63   16.40   16.38   18.06   19.84   20.16   22.11   23.70   25.00   26.02   26.80   27.32   27.38   27.05   26.33   25.20   24.41   22.37   20.58
  975.00   21.56   20.03   18.87   18.37   18.17   17.99   17.80   17.87   19.55   21.34   21.65   23.59   25.18   26.48   27.50   28.27   28.78   28.86   28.53   27.84   26.71   25.93   23.84   22.04
 1000.00   23.04   21.49   20.34   19.86   19.65   19.44   19.23   19.27   20.93   22.73   23.05   25.01   26.60   27.90   28.93   29.71   30.22   30.29   29.97   29.27   28.15   27.36   25.26   23.46
