#  level#  00:00#  01:00#  02:00#  03:00#  04:00#  05:00#  06:00#  07:00#  08:00#  09:00#  10:00#  11:00#  12:00#  13:00#  14:00#  15:00#  16:00#  17:00#  18:00#  19:00#  20:00#  21:00#  22:00#  23:00
    1.00  -34.04  -33.71  -34.16  -34.63  -35.49  -36.50  -37.25  -37.95  -38.38  -37.78  -37.17  -36.08  -34.25  -32.02  -31.33  -31.13  -31.87  -30.80  -29.43  -27.42  -27.21  -28.70  -30.37  -31.32
    2.00  -30.27  -31.07  -31.13  -30.25  -30.17  -30.30  -29.58  -28.66  -28.74  -29.42  -29.92  -29.91  -29.94  -29.40  -27.82  -26.94  -26.09  -25.28  -25.83  -25.84  -25.85  -26.17  -27.50  -27.85
    3.00  -29.69  -30.28  -30.86  -31.14  -31.42  -32.45  -33.38  -34.61  -35.14  -33.91  -33.23  -31.69  -30.10  -30.74  -31.35  -31.69  -32.63  -31.67  -30.95  -30.81  -30.13  -29.12  -29.47  -30.06
   10.00  -47.96  -47.91  -48.25  -48.33  -48.29  -48.66  -49.40  -49.55  -49.15  -48.70  -47.82  -47.29  -47.48  -48.62  -49.23  -48.62  -48.42  -48.20  -48.16  -48.77  -49.31  -49.23  -49.32  -48.92
   20.00  -54.64  -54.40  -54.91  -55.47  -55.83  -55.73  -54.79  -54.14  -54.02  -54.17  -54.37  -54.61  -54.39  -53.92  -53.90  -53.74  -53.77  -53.35  -53.14  -53.04  -53.30  -53.85  -54.26  -54.33
   30.00  -57.53  -57.90  -58.13  -58.53  -58.44  -57.63  -56.51  -56.34  -56.79  -57.19  -56.66  -56.43  -55.86  -55.47  -55.64  -56.08  -56.69  -56.77  -56.63  -55.63  -54.62  -54.74  -55.61  -55.97
   50.00  -59.52  -59.85  -60.22  -60.49  -60.50  -60.33  -60.33  -60.30  -60.24  -60.14  -59.70  -59.53  -59.53  -59.42  -59.25  -58.79  -58.62  -58.64  -59.00  -59.33  -59.34  -59.19  -58.71  -58.43
   70.00  -60.42  -60.35  -60.58  -60.93  -61.04  -60.73  -60.52  -60.60  -60.84  -60.88  -61.02  -60.58  -60.55  -60.73  -61.02  -61.55  -61.75  -61.38  -60.96  -61.01  -60.67  -59.82  -59.68  -60.07
  100.00  -59.30  -59.39  -59.36  -59.42  -59.59  -59.84  -59.95  -60.03  -60.21  -60.36  -60.27  -59.91  -59.27  -59.23  -59.17  -59.12  -59.50  -60.10  -60.56  -60.87  -61.07  -61.07  -60.51  -60.15
  125.00  -55.84  -55.96  -55.88  -55.93  -55.97  -56.15  -56.20  -56.21  -56.22  -56.24  -56.12  -56.42  -56.44  -56.36  -56.26  -56.02  -55.91  -55.86  -55.90  -56.02  -56.19  -56.43  -56.32  -56.21
  150.00  -52.16  -52.24  -52.12  -52.12  -52.13  -52.37  -52.53  -52.66  -52.80  -52.94  -52.92  -53.30  -53.66  -53.85  -54.07  -54.01  -54.08  -54.12  -54.28  -54.66  -55.12  -55.62  -55.61  -55.79
  175.00  -49.82  -50.27  -50.47  -50.88  -51.25  -51.70  -51.98  -52.13  -52.27  -52.63  -52.74  -53.27  -53.74  -54.04  -54.70  -55.12  -55.44  -55.73  -55.94  -56.16  -56.56  -57.21  -57.59  -58.52
  200.00  -53.12  -53.34  -53.81  -54.09  -54.57  -54.95  -55.45  -56.03  -56.26  -56.22  -56.63  -57.75  -58.90  -59.78  -60.56  -61.36  -62.00  -62.57  -62.93  -62.81  -62.34  -61.80  -61.27  -61.10
  225.00  -57.01  -57.29  -57.56  -57.62  -58.22  -59.07  -59.82  -60.30  -60.90  -61.02  -60.44  -60.34  -60.76  -61.28  -61.52  -61.62  -61.71  -61.33  -60.99  -60.98  -61.22  -61.22  -61.42  -60.71
  250.00  -58.75  -58.52  -58.29  -58.34  -58.76  -59.29  -59.69  -59.89  -59.87  -60.18  -59.67  -59.37  -58.67  -58.22  -58.15  -58.09  -58.04  -57.84  -57.69  -57.67  -57.62  -57.51  -58.01  -57.86
  300.00  -51.89  -52.11  -52.11  -51.97  -51.54  -50.73  -50.45  -50.18  -50.00  -49.90  -49.75  -49.84  -50.02  -50.14  -49.85  -49.41  -49.24  -49.19  -49.16  -49.02  -48.68  -48.38  -48.59  -48.48
  350.00  -42.55  -42.53  -42.50  -42.42  -42.46  -42.35  -42.07  -41.74  -41.45  -41.32  -40.95  -40.72  -40.50  -40.40  -40.39  -40.47  -40.46  -40.40  -40.23  -40.14  -40.19  -40.12  -40.25  -40.18
  400.00  -33.96  -33.99  -34.27  -34.41  -34.48  -34.53  -34.14  -33.84  -33.72  -33.72  -33.75  -33.45  -33.21  -32.95  -32.56  -32.35  -32.25  -32.08  -32.02  -32.10  -32.23  -32.35  -32.52  -32.65
  450.00  -26.48  -26.55  -26.85  -27.25  -27.44  -27.65  -27.53  -27.29  -26.97  -26.69  -27.16  -26.95  -26.80  -26.50  -26.20  -25.87  -25.68  -25.61  -25.58  -25.56  -25.58  -25.62  -25.90  -26.14
  500.00  -21.05  -21.21  -21.20  -21.31  -21.30  -21.37  -21.50  -21.59  -21.46  -21.04  -21.35  -21.22  -21.11  -20.84  -20.77  -20.44  -20.15  -20.01  -19.91  -19.82  -19.79  -19.83  -20.12  -20.20
  550.00  -16.20  -16.01  -15.92  -15.92  -15.92  -15.95  -15.99  -16.17  -16.30  -16.26  -16.61  -16.42  -16.26  -16.04  -15.96  -15.73  -15.47  -15.52  -15.53  -15.36  -15.10  -15.09  -15.11  -15.09
  600.00  -12.01  -11.51  -11.27  -11.22  -11.25  -11.31  -11.34  -11.61  -11.84  -11.83  -12.16  -11.98  -11.90  -11.85  -11.66  -11.49  -11.36  -11.37  -11.39  -11.41  -11.36  -11.35  -11.07  -11.09
  650.00   -8.95   -8.70   -8.61   -8.39   -8.22   -8.05   -7.80   -7.87   -7.96   -7.88   -8.15   -7.94   -7.85   -7.77   -7.62   -7.61   -7.59   -7.36   -7.29   -7.28   -7.26   -7.20   -6.91   -7.15
  700.00   -6.46   -6.56   -6.62   -6.42   -6.07   -5.56   -5.09   -4.86   -4.66   -4.33   -4.30   -4.08   -3.95   -3.85   -3.79   -3.83   -3.84   -3.57   -3.37   -3.29   -3.15   -3.08   -3.01   -3.13
  750.00   -4.80   -4.39   -3.93   -3.58   -3.16   -2.81   -2.58   -2.34   -1.95   -1.58   -0.91   -0.78   -0.77   -0.72   -0.55   -0.36   -0.35   -0.33   -0.14    0.10    0.31    0.35    0.52    0.55
  775.00   -3.59   -3.44   -2.92   -2.33   -1.84   -1.51   -1.32   -1.19   -0.88   -0.43    0.52    0.68    0.60    0.51    0.70    0.94    1.00    0.98    1.21    1.50    1.72    1.66    1.87    2.08
  800.00   -1.90   -1.98   -1.90   -1.37   -0.66   -0.19    0.00   -0.01    0.17    0.53    1.60    1.87    1.82    1.73    1.88    2.23    2.29    2.23    2.50    2.75    2.99    2.97    3.09    3.43
  825.00   -0.20   -0.31   -0.35   -0.29    0.07    0.67    1.01    1.10    1.31    1.57    2.48    2.82    2.87    2.97    3.11    3.41    3.50    3.50    3.74    3.98    4.17    4.10    4.32    4.60
  850.00    1.84    1.74    1.68    1.59    1.59    1.71    1.88    1.99    2.20    2.45    3.06    3.49    3.59    3.28    3.23    4.00    4.41    4.60    4.90    5.13    5.29    5.30    5.61    5.79
  875.00    3.50    3.40    3.30    3.21    3.19    3.24    3.27    3.32    3.56    3.73    3.88    3.85    3.49    3.71    4.40    4.82    5.10    5.43    5.90    6.27    6.54    6.67    7.07    7.17
  900.00    4.51    4.34    4.14    4.13    4.23    4.29    4.32    4.40    4.40    4.37    4.63    4.28    4.90    5.73    6.46    6.79    6.94    7.01    7.22    7.49    7.77    7.99    8.31    8.36
  925.00    5.69    5.48    5.31    5.19    5.12    4.99    4.84    4.69    4.58    4.53    5.14    6.06    7.01    7.92    8.72    9.10    9.23    9.20    9.17    9.25    9.40    9.52    9.51    9.55
  950.00    7.00    6.81    6.66    6.54    6.46    6.30    6.08    5.91    5.83    5.86    6.96    7.94    8.90    9.81   10.58   10.95   11.03   10.96   10.84   10.74   10.73   10.73   10.57   10.52
  975.00    8.43    8.24    8.07    7.94    7.85    7.71    7.48    7.29    7.22    7.25    8.26    9.28   10.25   11.13   11.90   12.29   12.39   12.32   12.24   12.20   12.23   12.25   12.12   12.08
 1000.00    9.82    9.62    9.46    9.33    9.26    9.11    8.88    8.69    8.61    8.62    9.62   10.62   11.60   12.49   13.26   13.65   13.76   13.71   13.63   13.60   13.63   13.66   13.54   13.52
