#  level#  00:00#  01:00#  02:00#  03:00#  04:00#  05:00#  06:00#  07:00#  08:00#  09:00#  10:00#  11:00#  12:00#  13:00#  14:00#  15:00#  16:00#  17:00#  18:00#  19:00#  20:00#  21:00#  22:00#  23:00
    1.00   -9.61  -10.15  -11.63  -12.99  -13.78  -13.49  -13.75  -13.00  -10.90  -10.41  -10.42  -10.26  -10.56  -11.54  -10.97   -8.02   -6.10   -7.03   -9.50  -10.74  -11.30  -11.59  -10.02   -7.14
    2.00   -7.57   -7.27   -7.09   -8.48  -10.01   -9.80   -8.31   -8.70  -10.95  -11.85  -11.33   -9.50   -7.24   -6.12   -5.48   -6.10   -7.43   -7.61   -6.22   -4.59   -4.45   -5.88   -8.04   -8.95
    3.00  -12.50  -12.61  -12.14  -12.30  -13.85  -16.53  -18.49  -17.17  -15.04  -14.15  -15.66  -16.32  -14.35  -13.72  -13.09  -11.89  -12.52  -13.11  -13.30  -13.74  -13.75  -14.03  -14.45  -15.30
   10.00  -45.41  -45.18  -45.17  -44.48  -43.41  -43.34  -43.90  -44.61  -45.25  -44.83  -43.58  -42.66  -42.25  -42.65  -42.55  -41.33  -40.92  -42.39  -43.02  -42.37  -41.80  -42.14  -42.55  -42.93
   20.00  -54.03  -54.40  -54.51  -54.80  -55.59  -55.63  -55.10  -54.69  -54.43  -53.83  -53.47  -54.05  -54.93  -55.46  -55.75  -55.60  -54.40  -52.85  -52.22  -51.60  -51.33  -51.67  -52.58  -54.43
   30.00  -58.06  -58.12  -58.61  -58.98  -59.54  -60.16  -60.63  -60.70  -60.52  -59.93  -58.49  -57.36  -56.55  -56.61  -57.11  -57.81  -58.57  -59.49  -60.51  -61.07  -60.38  -58.83  -57.29  -56.04
   50.00  -60.59  -60.61  -61.05  -61.55  -62.10  -62.59  -62.88  -62.85  -62.87  -62.75  -62.41  -62.43  -62.57  -62.70  -62.87  -62.93  -62.58  -62.09  -61.80  -61.79  -62.03  -62.30  -61.96  -62.02
   70.00  -60.61  -61.23  -62.02  -62.72  -63.27  -63.56  -63.55  -63.01  -62.34  -62.03  -62.53  -62.17  -62.13  -62.36  -62.12  -61.85  -61.54  -61.49  -61.86  -62.37  -62.56  -62.45  -62.44  -61.79
  100.00  -57.92  -57.63  -57.63  -57.74  -57.94  -58.25  -58.65  -59.30  -59.97  -60.62  -60.85  -61.20  -60.79  -60.46  -60.27  -60.19  -60.38  -60.56  -60.47  -60.32  -60.34  -60.29  -60.09  -60.29
  125.00  -54.78  -55.25  -55.45  -55.45  -55.43  -55.65  -55.78  -55.85  -55.89  -55.95  -56.34  -56.92  -57.27  -57.36  -57.56  -57.39  -56.98  -56.81  -56.74  -56.51  -56.23  -55.99  -55.74  -55.60
  150.00  -52.97  -53.03  -53.70  -54.10  -54.18  -54.35  -54.72  -55.05  -55.10  -54.87  -54.47  -55.57  -56.53  -56.38  -56.25  -56.22  -55.67  -54.97  -54.56  -54.21  -53.91  -53.77  -53.40  -53.57
  175.00  -52.77  -54.80  -55.86  -56.98  -57.81  -58.08  -58.21  -58.46  -58.32  -58.07  -57.72  -56.91  -57.12  -57.60  -58.01  -58.65  -58.75  -58.27  -57.55  -56.88  -56.55  -56.34  -55.25  -55.31
  200.00  -58.13  -58.42  -58.09  -58.11  -58.56  -58.95  -59.56  -60.12  -60.47  -60.52  -61.53  -60.80  -60.09  -59.89  -59.33  -58.87  -59.04  -59.38  -59.46  -59.35  -59.41  -59.47  -59.24  -59.18
  225.00  -55.62  -55.40  -56.02  -56.81  -57.06  -56.89  -56.61  -56.57  -56.80  -56.83  -56.89  -56.72  -56.40  -56.07  -55.95  -55.90  -55.90  -56.09  -56.42  -56.71  -56.91  -57.04  -57.39  -57.43
  250.00  -51.62  -52.07  -52.26  -52.26  -52.20  -52.10  -51.87  -51.56  -51.65  -51.92  -51.74  -51.62  -51.18  -50.97  -51.11  -51.16  -51.32  -51.70  -52.15  -52.45  -52.55  -52.62  -52.87  -52.95
  300.00  -42.69  -42.59  -42.77  -42.79  -42.86  -43.11  -43.14  -42.84  -42.31  -42.01  -41.93  -41.89  -41.61  -41.60  -41.68  -41.98  -42.47  -42.86  -43.15  -43.37  -43.53  -43.64  -43.97  -44.07
  350.00  -37.80  -37.12  -36.51  -35.46  -35.00  -34.78  -34.76  -35.00  -34.94  -34.61  -34.71  -34.42  -34.11  -33.93  -33.94  -33.91  -33.95  -34.09  -34.34  -34.79  -35.23  -35.48  -35.84  -36.02
  400.00  -31.98  -31.81  -31.08  -30.23  -29.51  -28.80  -28.30  -28.00  -28.17  -28.27  -28.02  -27.95  -27.97  -28.10  -28.27  -28.31  -28.01  -27.87  -27.80  -27.55  -27.63  -27.96  -28.26  -28.67
  450.00  -25.00  -24.69  -24.50  -24.29  -24.01  -23.49  -22.81  -22.10  -21.85  -22.01  -21.88  -21.95  -22.06  -22.09  -21.95  -21.83  -21.81  -21.64  -21.38  -21.07  -20.71  -20.82  -20.97  -21.35
  500.00  -18.66  -18.18  -18.31  -18.38  -18.17  -17.83  -17.58  -17.27  -16.87  -16.67  -16.51  -16.56  -16.39  -16.25  -16.11  -15.99  -15.97  -15.99  -16.07  -16.13  -15.96  -15.56  -14.93  -15.01
  550.00  -13.48  -12.75  -12.35  -12.22  -12.14  -11.99  -11.88  -11.79  -11.66  -11.61  -11.81  -11.72  -11.46  -11.51  -11.61  -11.57  -11.58  -11.93  -12.61  -13.22  -13.55  -13.35  -12.97  -12.06
  600.00   -8.71   -8.35   -7.88   -7.38   -7.05   -7.03   -7.19   -7.28   -7.20   -7.21   -7.35   -7.14   -7.12   -7.33   -7.52   -7.62   -7.64   -7.75   -7.98   -8.30   -8.65   -8.86   -9.76   -9.56
  650.00   -5.23   -4.72   -4.36   -4.09   -3.81   -3.66   -3.70   -3.76   -3.68   -3.61   -3.48   -3.26   -3.57   -3.86   -3.85   -3.87   -3.77   -3.56   -3.46   -3.50   -3.65   -3.76   -4.47   -4.43
  700.00   -3.82   -3.35   -3.24   -3.54   -3.27   -2.96   -2.67   -2.09   -1.81   -1.53   -1.25   -1.18   -1.45   -1.32   -0.81   -0.51   -0.40   -0.00    0.42    0.68    0.67    0.68    0.29    0.39
  750.00   -1.65   -1.83   -1.82   -1.86   -1.88   -2.00   -1.72   -1.45   -1.16   -0.73    0.20    0.56    0.81    0.97    1.57    2.36    2.67    2.70    3.01    3.48    3.88    4.25    4.30    4.80
  775.00   -0.06   -0.11   -0.29   -0.35   -0.28   -0.47   -0.28   -0.21    0.19    0.73    1.72    1.96    2.18    2.28    2.71    3.42    4.18    4.47    4.71    5.04    5.40    5.78    6.05    6.53
  800.00    1.58    1.62    1.50    1.39    1.48    1.17    1.12    1.23    1.62    2.21    3.24    3.36    3.33    3.37    3.47    3.77    4.25    4.88    5.74    6.29    6.57    6.74    7.30    7.78
  825.00    3.22    3.07    3.10    3.05    3.06    2.83    2.76    2.87    3.21    3.66    4.56    4.52    4.44    4.58    4.58    4.95    5.23    5.83    6.65    7.23    7.55    7.73    8.50    8.83
  850.00    5.01    4.76    4.63    4.53    4.58    4.52    4.35    4.47    4.91    5.25    5.88    5.76    5.78    6.04    6.72    7.01    7.45    7.81    8.22    8.65    8.98    9.22    9.93   10.07
  875.00    6.96    6.58    6.31    6.16    6.28    6.33    6.09    6.16    6.63    7.08    7.57    7.43    7.93    8.38    9.02    9.38    9.83   10.06   10.02   10.08   10.35   10.67   11.28   11.31
  900.00    8.62    8.32    8.10    7.94    8.08    8.08    7.92    7.97    8.42    8.86    9.17    9.44   10.16   10.67   11.33   11.67   12.09   12.31   12.11   11.86   11.77   11.85   12.42   12.55
  925.00   10.13    9.64    9.44    9.42    9.49    9.51    9.53    9.56    9.79   10.25   11.07   11.57   12.19   12.67   13.31   13.63   14.09   14.36   14.23   13.93   13.73   13.64   13.98   13.90
  950.00   11.76   11.18   10.86   10.87   10.96   10.93   11.04   11.12   11.46   12.32   13.15   13.79   14.40   14.74   15.30   15.67   16.13   16.41   16.24   15.86   15.45   15.13   15.23   14.91
  975.00   13.18   12.69   12.36   12.33   12.40   12.44   12.58   12.74   13.01   13.81   14.68   15.48   16.12   16.36   16.75   16.98   17.42   17.80   17.74   17.36   16.90   16.58   16.71   16.38
 1000.00   13.99   13.66   13.48   13.53   13.58   13.58   13.67   13.80   14.14   15.12   16.04   16.93   17.56   17.77   17.94   17.77   17.64   17.86   17.94   17.84   17.63   17.44   17.42   16.97
