#  level#  00:00#  01:00#  02:00#  03:00#  04:00#  05:00#  06:00#  07:00#  08:00#  09:00#  10:00#  11:00#  12:00#  13:00#  14:00#  15:00#  16:00#  17:00#  18:00#  19:00#  20:00#  21:00#  22:00#  23:00
    1.00  -20.73  -20.15  -18.53  -19.22  -20.23  -19.14  -17.29  -16.75  -16.65  -16.05  -16.18  -16.99  -16.63  -16.61  -16.79  -17.20  -17.03  -17.63  -17.46  -15.71  -14.58  -13.40  -13.42  -16.19
    2.00  -28.68  -29.29  -29.25  -27.96  -26.14  -25.60  -24.84  -24.38  -25.26  -25.20  -23.88  -22.76  -21.79  -21.77  -21.17  -21.78  -22.45  -23.36  -24.25  -25.09  -25.91  -25.67  -26.86  -26.27
    3.00  -31.49  -33.44  -35.09  -35.93  -36.76  -37.43  -37.19  -36.44  -36.31  -35.52  -34.72  -34.35  -33.88  -33.37  -32.69  -31.71  -31.00  -31.44  -32.55  -32.82  -33.19  -34.04  -34.62  -35.47
   10.00  -65.72  -65.27  -65.35  -65.20  -65.46  -65.66  -65.60  -65.00  -64.32  -63.94  -63.77  -63.67  -63.55  -63.22  -62.96  -63.35  -63.78  -63.86  -63.91  -64.25  -64.84  -64.96  -65.14  -64.29
   20.00  -66.47  -66.81  -67.06  -67.64  -68.42  -68.69  -68.56  -68.14  -67.95  -67.52  -66.52  -66.03  -66.08  -66.31  -66.29  -66.42  -66.75  -67.19  -67.11  -66.93  -66.50  -66.27  -66.21  -66.27
   30.00  -66.99  -67.22  -66.83  -66.28  -66.35  -66.47  -66.47  -66.73  -67.25  -67.42  -67.34  -66.97  -67.33  -67.09  -66.81  -66.54  -66.07  -66.03  -66.09  -66.10  -66.27  -66.33  -66.64  -66.71
   50.00  -64.92  -64.93  -64.95  -64.89  -65.15  -65.75  -66.15  -65.96  -65.81  -65.57  -65.39  -65.16  -65.15  -65.18  -65.26  -65.55  -65.79  -65.98  -66.09  -66.17  -66.20  -65.88  -65.42  -65.41
   70.00  -63.52  -63.46  -63.60  -63.53  -62.92  -62.68  -63.07  -63.38  -63.55  -63.56  -63.42  -63.19  -63.29  -63.27  -63.19  -63.37  -63.42  -63.27  -63.00  -62.75  -62.86  -63.11  -63.01  -63.25
  100.00  -60.62  -60.99  -61.13  -61.54  -61.79  -61.58  -61.03  -60.67  -60.51  -60.79  -60.92  -60.62  -60.54  -60.81  -60.84  -60.89  -61.21  -61.45  -61.55  -61.32  -60.92  -60.58  -60.54  -60.57
  125.00  -59.54  -59.77  -59.85  -59.95  -60.41  -60.82  -60.98  -61.01  -60.53  -60.25  -59.95  -59.93  -59.51  -59.40  -59.27  -59.02  -59.21  -59.56  -59.90  -59.91  -59.71  -59.53  -59.14  -59.01
  150.00  -60.25  -60.51  -60.61  -60.52  -60.65  -60.59  -60.71  -61.01  -60.94  -60.42  -59.49  -59.40  -59.01  -58.61  -58.42  -58.04  -58.13  -58.51  -59.00  -59.71  -60.36  -60.69  -60.36  -59.89
  175.00  -60.46  -60.92  -61.47  -61.63  -62.18  -62.74  -62.94  -62.84  -62.79  -62.42  -61.78  -61.61  -61.30  -60.52  -59.97  -59.30  -58.72  -58.26  -57.91  -58.30  -58.77  -59.17  -58.82  -58.55
  200.00  -63.04  -62.86  -63.09  -63.49  -63.73  -64.47  -64.93  -65.29  -65.58  -65.24  -65.05  -63.96  -63.82  -63.60  -63.25  -62.76  -61.61  -60.19  -59.01  -58.31  -57.99  -57.97  -57.12  -56.57
  225.00  -64.90  -64.63  -64.28  -64.38  -63.83  -63.20  -63.72  -63.64  -63.89  -65.53  -65.86  -64.97  -64.38  -64.09  -63.26  -62.68  -60.92  -60.27  -59.62  -58.01  -57.18  -56.62  -56.50  -55.76
  250.00  -59.60  -59.52  -59.28  -59.13  -59.20  -59.42  -59.37  -59.74  -60.31  -60.17  -60.13  -60.33  -60.27  -60.52  -60.21  -59.75  -59.79  -60.84  -59.75  -59.01  -58.40  -57.74  -58.36  -56.56
  300.00  -48.91  -49.05  -49.20  -48.90  -49.06  -48.99  -48.87  -49.02  -49.00  -48.98  -48.87  -49.09  -49.36  -49.67  -50.08  -50.47  -51.20  -51.23  -51.32  -50.78  -50.73  -50.62  -51.18  -51.13
  350.00  -40.16  -40.15  -40.00  -39.85  -39.83  -39.94  -39.25  -39.17  -39.48  -39.35  -39.44  -39.42  -39.78  -40.22  -40.73  -41.23  -41.71  -41.58  -41.66  -41.59  -41.48  -41.61  -41.70  -41.43
  400.00  -33.42  -32.51  -32.16  -32.08  -31.91  -31.88  -31.59  -31.25  -31.25  -30.95  -31.40  -31.53  -31.82  -32.04  -32.21  -33.05  -33.89  -33.77  -33.84  -34.18  -33.90  -33.92  -34.16  -34.17
  450.00  -26.49  -26.32  -26.14  -25.83  -25.49  -25.10  -24.80  -24.66  -24.61  -24.62  -24.64  -25.11  -25.27  -25.32  -25.47  -26.01  -26.66  -26.92  -26.72  -26.94  -26.86  -26.91  -27.16  -27.52
  500.00  -20.65  -20.80  -20.71  -20.39  -19.87  -19.30  -19.04  -18.87  -18.94  -19.21  -18.75  -19.37  -19.65  -19.69  -20.31  -20.57  -19.99  -20.14  -20.53  -20.58  -20.73  -20.75  -20.77  -21.40
  550.00  -14.98  -15.19  -15.19  -15.01  -14.58  -14.15  -14.13  -13.97  -13.90  -14.18  -13.56  -14.34  -14.91  -14.85  -15.06  -15.11  -14.35  -14.56  -15.11  -15.24  -15.26  -15.24  -15.02  -15.94
  600.00  -10.56  -10.61  -10.48  -10.38   -9.96   -9.60   -9.95  -10.13  -10.21  -10.64  -10.12  -10.47  -10.50  -10.40  -10.40  -10.28   -9.84  -10.08  -10.72  -10.95  -10.77  -10.66  -10.02  -10.70
  650.00   -6.86   -6.52   -6.27   -6.33   -6.00   -5.74   -6.28   -6.54   -6.79   -7.10   -6.79   -6.63   -6.35   -6.41   -6.62   -6.13   -5.92   -5.92   -6.45   -6.98   -7.04   -7.13   -6.15   -6.95
  700.00   -3.39   -2.96   -2.73   -2.81   -2.49   -2.38   -2.90   -2.84   -2.71   -2.81   -3.01   -2.67   -2.55   -2.78   -2.99   -2.45   -2.13   -1.77   -2.39   -3.10   -3.32   -3.60   -3.48   -4.38
  750.00   -0.39   -0.07    0.17    0.34    0.63    0.64    0.42    0.79    1.20    1.02    0.57    0.89    0.80    0.55    0.51    1.04    1.62    2.11    1.44    0.57    0.21   -0.18   -0.62   -1.10
  775.00    0.97    1.27    1.52    1.80    2.08    2.12    2.06    2.55    3.04    2.72    2.36    2.67    2.54    2.39    2.43    2.91    3.33    3.93    3.13    2.24    1.97    1.44    0.93    0.59
  800.00    2.44    2.69    2.93    3.19    3.45    3.51    3.63    4.31    4.85    4.42    4.30    4.52    4.37    4.41    4.48    4.73    4.93    5.68    4.53    3.76    3.52    3.15    2.74    2.35
  825.00    3.74    3.97    4.21    4.44    4.63    4.75    5.10    5.96    6.52    6.09    6.20    6.32    6.16    6.35    6.40    6.38    6.40    6.91    5.78    5.30    5.20    4.89    4.72    4.11
  850.00    5.04    5.30    5.55    5.72    5.90    6.16    6.84    7.77    8.22    7.85    8.02    8.00    7.85    8.14    8.12    7.79    7.61    7.80    6.96    6.72    6.77    6.52    6.64    5.81
  875.00    6.17    6.47    6.80    6.99    7.25    7.61    8.41    9.29    9.71    9.28    9.39    9.29    9.08    9.19    9.36    8.89    8.61    8.73    8.18    7.95    8.03    7.80    8.19    7.48
  900.00    7.14    7.35    7.75    8.09    8.31    8.53    9.28   10.13   10.46    9.99    9.96    9.86    9.63    9.72    9.86    9.62    9.43    9.56    9.15    8.97    9.02    8.88    9.37    8.88
  925.00    8.33    8.43    8.64    8.73    8.67    8.60    8.95    9.52    9.80    9.34    8.79    8.70    8.92    9.28    9.51    9.49    9.36    9.46    9.09    9.09    9.19    9.12    9.49    9.24
  950.00    9.51    9.43    9.33    9.16    8.68    7.86    7.62    7.39    7.54    7.83    7.95    8.59    8.95    9.46    9.99   10.14   10.02   10.00    9.73    9.70    9.78    9.71   10.04    9.99
  975.00   11.11   11.08   10.91   10.60   10.22    9.75    9.39    8.92    8.28    8.06    7.57    8.28    8.98    9.63   10.22   10.38   10.33   10.29   10.13   10.03   10.13   10.16   10.46   10.50
 1000.00   11.60   11.44   11.26   10.94   10.57   10.15    9.83    9.57    9.10    9.06    9.10    9.96   10.56   11.02   11.53   11.70   11.66   11.60   11.46   11.34   11.40   11.41   11.69   11.75
