#  level#  00:00#  01:00#  02:00#  03:00#  04:00#  05:00#  06:00#  07:00#  08:00#  09:00#  10:00#  11:00#  12:00#  13:00#  14:00#  15:00#  16:00#  17:00#  18:00#  19:00#  20:00#  21:00#  22:00#  23:00
    1.00   -6.80   -7.33   -7.82  -10.07  -12.90  -14.84  -17.12  -18.13  -18.05  -17.32  -14.10  -12.11  -10.57  -10.27   -9.34   -8.32   -7.36   -6.73   -7.17   -7.24   -7.16   -7.39   -8.31  -10.07
    2.00   -8.90  -10.33  -10.13   -9.61  -10.59  -11.44  -12.75  -14.59  -15.98  -15.54  -13.56  -11.35   -8.25   -6.17   -5.61   -7.56   -9.26  -10.28  -11.05  -11.71  -12.04  -10.72   -8.59   -8.14
    3.00  -20.64  -20.39  -19.68  -18.84  -18.44  -17.68  -18.21  -19.90  -21.91  -23.29  -24.25  -23.62  -21.65  -20.42  -18.48  -17.48  -17.54  -17.45  -17.46  -17.34  -18.20  -18.52  -17.57  -16.68
   10.00  -54.87  -54.57  -55.62  -56.95  -57.24  -56.29  -55.81  -55.22  -54.64  -54.01  -53.61  -53.41  -53.77  -54.67  -55.10  -55.30  -55.63  -55.55  -54.44  -53.24  -52.90  -53.28  -54.26  -55.06
   20.00  -59.08  -59.23  -59.86  -60.74  -61.60  -61.75  -61.02  -60.21  -59.83  -59.98  -59.99  -60.67  -60.69  -60.37  -60.40  -61.20  -61.05  -59.86  -59.25  -59.96  -60.86  -60.96  -60.72  -60.75
   30.00  -61.72  -61.73  -61.77  -61.57  -61.43  -61.99  -63.05  -63.38  -62.62  -61.53  -60.48  -60.85  -61.48  -62.10  -61.98  -62.01  -62.11  -62.00  -61.90  -61.78  -61.62  -61.21  -61.02  -61.46
   50.00  -61.04  -61.26  -61.51  -61.80  -62.38  -62.57  -62.10  -61.70  -61.87  -62.15  -63.40  -62.80  -62.01  -61.75  -61.96  -62.35  -62.74  -62.88  -62.93  -63.03  -63.17  -63.23  -63.53  -63.32
   70.00  -63.14  -62.65  -62.31  -62.17  -62.16  -62.49  -62.83  -62.69  -62.40  -62.11  -61.89  -62.02  -61.99  -61.88  -62.01  -62.34  -62.62  -62.77  -62.64  -62.14  -61.52  -61.28  -61.28  -61.47
  100.00  -61.09  -61.30  -61.35  -61.43  -61.51  -61.38  -61.49  -61.55  -61.43  -61.45  -61.73  -61.96  -61.85  -61.64  -61.57  -61.67  -61.69  -61.63  -61.49  -61.31  -61.11  -60.92  -60.80  -60.87
  125.00  -59.51  -59.91  -60.00  -59.95  -60.11  -60.08  -60.14  -60.53  -60.76  -60.57  -60.69  -60.94  -60.95  -60.89  -60.75  -60.57  -60.39  -60.35  -60.55  -60.86  -61.14  -61.25  -61.39  -61.32
  150.00  -61.30  -61.43  -61.81  -62.06  -62.35  -62.72  -62.83  -63.18  -63.81  -63.78  -63.66  -64.00  -64.22  -64.26  -64.16  -63.88  -63.46  -63.11  -62.94  -62.96  -63.03  -63.07  -62.71  -62.82
  175.00  -67.20  -67.32  -67.53  -67.97  -68.01  -68.16  -68.65  -68.55  -68.59  -68.83  -68.71  -68.51  -68.69  -68.85  -68.92  -68.97  -68.91  -68.95  -69.13  -69.44  -69.72  -69.83  -69.80  -69.85
  200.00  -68.02  -68.25  -68.05  -67.89  -67.84  -67.47  -67.23  -67.11  -66.65  -66.40  -66.57  -66.21  -66.07  -66.19  -66.17  -66.22  -66.32  -66.55  -66.91  -67.09  -67.06  -66.91  -66.71  -66.76
  225.00  -63.72  -63.62  -63.56  -63.45  -63.27  -63.12  -62.93  -62.82  -62.76  -62.59  -62.39  -62.16  -61.92  -61.81  -61.90  -62.18  -62.41  -62.47  -62.39  -62.28  -62.29  -62.42  -62.44  -62.53
  250.00  -58.59  -58.53  -58.36  -58.14  -57.99  -57.82  -57.59  -57.46  -57.50  -57.55  -57.44  -57.35  -57.24  -57.14  -57.07  -57.13  -57.31  -57.45  -57.48  -57.34  -57.21  -57.21  -57.18  -57.26
  300.00  -48.93  -48.90  -48.82  -48.65  -48.47  -48.35  -48.26  -48.10  -47.90  -47.82  -48.03  -48.15  -48.19  -48.22  -48.19  -48.12  -48.01  -47.89  -47.79  -47.81  -47.88  -47.92  -47.98  -47.97
  350.00  -39.76  -39.79  -39.80  -39.81  -39.82  -39.84  -39.83  -39.77  -39.69  -39.62  -39.29  -39.29  -39.31  -39.40  -39.48  -39.51  -39.49  -39.42  -39.31  -39.25  -39.24  -39.23  -39.09  -39.14
  400.00  -31.38  -31.44  -31.47  -31.53  -31.65  -31.82  -31.96  -32.03  -32.12  -32.25  -32.06  -32.11  -32.11  -32.17  -32.19  -32.11  -31.95  -31.81  -31.74  -31.78  -31.91  -31.97  -31.79  -31.71
  450.00  -24.70  -24.78  -24.91  -25.08  -25.28  -25.46  -25.57  -25.58  -25.63  -25.72  -25.74  -25.79  -25.82  -25.84  -25.79  -25.68  -25.55  -25.43  -25.33  -25.29  -25.33  -25.41  -25.45  -25.47
  500.00  -18.65  -18.73  -18.87  -19.07  -19.33  -19.61  -19.83  -19.95  -19.98  -19.95  -19.85  -19.77  -19.72  -19.69  -19.60  -19.51  -19.45  -19.44  -19.46  -19.50  -19.50  -19.47  -19.50  -19.51
  550.00  -13.28  -13.34  -13.45  -13.60  -13.77  -13.95  -14.10  -14.18  -14.22  -14.25  -14.09  -14.07  -14.04  -14.01  -13.92  -13.83  -13.81  -13.86  -13.92  -13.99  -14.05  -14.07  -13.92  -13.90
  600.00   -8.71   -8.72   -8.78   -8.83   -8.87   -8.94   -9.03   -9.06   -9.04   -9.01   -8.76   -8.79   -8.85   -8.91   -8.90   -8.93   -9.05   -9.20   -9.25   -9.27   -9.31   -9.33   -8.96   -8.87
  650.00   -4.55   -4.51   -4.48   -4.41   -4.34   -4.35   -4.45   -4.53   -4.56   -4.53   -4.30   -4.26   -4.32   -4.43   -4.48   -4.57   -4.74   -4.90   -4.95   -4.91   -4.88   -4.85   -4.49   -4.41
  700.00   -0.64   -0.61   -0.58   -0.54   -0.50   -0.53   -0.66   -0.76   -0.78   -0.76   -0.72   -0.63   -0.69   -0.83   -0.87   -0.94   -0.99   -0.98   -0.88   -0.75   -0.68   -0.67   -0.35   -0.31
  750.00    3.01    2.97    2.91    2.82    2.76    2.66    2.45    2.25    2.15    2.09    1.97    1.93    1.80    1.65    1.61    1.60    1.76    2.06    2.38    2.60    2.74    2.85    3.31    3.32
  775.00    4.64    4.59    4.47    4.30    4.19    4.09    3.89    3.68    3.56    3.49    3.43    3.38    3.24    3.08    2.98    2.95    3.09    3.41    3.70    3.86    3.97    4.14    4.71    4.74
  800.00    6.18    6.12    5.98    5.76    5.59    5.48    5.29    5.09    4.98    4.93    4.98    4.93    4.83    4.66    4.52    4.45    4.53    4.74    4.93    4.96    4.97    5.13    5.72    5.76
  825.00    7.74    7.65    7.51    7.26    7.05    6.90    6.69    6.47    6.32    6.27    6.50    6.51    6.45    6.29    6.21    6.12    6.10    6.17    6.19    6.07    5.96    6.02    6.43    6.45
  850.00    9.27    9.23    9.10    8.82    8.53    8.31    8.04    7.70    7.44    7.36    7.71    7.85    7.88    7.67    7.57    7.50    7.53    7.55    7.46    7.14    6.86    6.76    6.92    6.87
  875.00    9.91   10.05   10.04    9.69    9.29    9.06    8.69    8.17    7.79    7.69    8.10    8.40    8.53    8.41    8.39    8.51    8.60    8.43    8.11    7.52    6.97    6.69    6.64    6.64
  900.00    9.35    9.55    9.58    9.23    8.85    8.67    8.28    7.70    7.19    7.02    7.45    7.97    8.17    7.97    8.16    8.63    8.67    8.20    7.63    6.90    6.24    5.98    6.25    6.27
  925.00    8.91    8.80    8.74    8.49    8.30    8.17    7.90    7.39    6.80    6.35    6.37    6.43    6.59    6.55    6.67    6.92    7.04    6.91    6.66    6.28    6.12    6.32    6.84    6.81
  950.00    9.21    8.87    8.58    8.31    8.07    7.87    7.64    7.24    6.77    6.36    6.26    6.73    7.27    7.53    7.66    7.79    7.45    6.77    6.16    6.02    6.48    7.02    7.78    7.73
  975.00    9.47    9.09    8.37    7.93    7.58    7.48    7.13    6.91    6.58    6.98    6.95    7.55    8.00    8.25    8.30    8.37    8.06    7.65    7.37    7.28    7.40    7.63    8.19    8.32
 1000.00   10.41   10.55   10.44   10.00    9.24    9.10    8.89    8.56    8.17    8.33    8.30    8.91    9.48    9.72    9.73    9.72    9.54    9.18    8.92    8.81    8.84    8.91    9.64    9.93
